Date,Time,Open,High,Low,Close,Volume,Split Factor,Earnings,Dividends
2016-01-04,09:59:00,42.7427,42.8319,42.3265,42.4157,199769.80000000002,1.0,0.0,0.0
2016-01-04,10:29:00,42.4177,42.6436,42.3166,42.3959,160940.12000000002,1.0,0.0,0.0
2016-01-04,10:59:00,42.3959,42.5832,42.3067,42.3265,206278.26000000004,1.0,0.0,0.0
2016-01-04,11:29:00,42.3265,42.3364,42.1877,42.2794,178729.02100000012,1.0,0.0,0.0
2016-01-04,11:59:00,42.2769,42.5445,42.2422,42.3463,191953.71000000014,1.0,0.0,0.0
2016-01-04,12:29:00,42.3463,42.5396,42.2868,42.5049,109714.16000000005,1.0,0.0,0.0
2016-01-04,12:59:00,42.5049,42.5941,42.4355,42.5247,130755.13000000003,1.0,0.0,0.0
2016-01-04,13:29:00,42.5346,42.5544,42.4058,42.4801,103946.36499999998,1.0,0.0,0.0
2016-01-04,13:59:00,42.4751,42.5049,42.3017,42.3166,136964.77000000005,1.0,0.0,0.0
2016-01-04,14:29:00,42.3166,42.3859,42.2769,42.2968,137462.31700000016,1.0,0.0,0.0
2016-01-04,14:59:00,42.3067,42.3562,42.2472,42.3364,133509.9200000001,1.0,0.0,0.0
2016-01-04,15:29:00,42.3363,42.3513,42.2769,42.3339,167276.0500000001,1.0,0.0,0.0
2016-01-04,15:59:00,42.3364,42.6436,42.2968,42.6337,573245.3800000002,1.0,0.0,0.0
2016-01-05,09:59:00,42.6337,42.6337,41.9697,42.0688,221582.70600000003,1.0,0.0,0.0
2016-01-05,10:29:00,42.0787,42.3067,42.0787,42.3067,224024.5860000001,1.0,0.0,0.0
2016-01-05,10:59:00,42.2968,42.8022,42.2769,42.7825,119407.25900000006,1.0,0.0,0.0
2016-01-05,11:29:00,42.7824,42.821999999999996,42.6139,42.7328,83762.12700000002,1.0,0.0,0.0
2016-01-05,11:59:00,42.7328,42.9112,42.7328,42.8319,85512.84230000002,1.0,0.0,0.0
2016-01-05,12:29:00,42.8358,42.8517,42.7526,42.7923,61029.022999999994,1.0,0.0,0.0
2016-01-05,13:00:00,42.8012,42.9211,42.7769,42.8914,58287.38800000001,1.0,0.0,0.0
2016-01-05,13:30:00,42.8914,42.931000000000004,42.8369,42.9112,182858.03300000005,1.0,0.0,0.0
2016-01-05,14:00:00,42.931000000000004,43.0103,42.8715,42.9905,115268.08500000002,1.0,0.0,0.0
2016-01-05,14:30:00,42.9994,43.0004,42.8815,43.0004,148368.22100000002,1.0,0.0,0.0
2016-01-05,15:00:00,43.0004,43.0598,42.9905,43.0202,181588.55500000005,1.0,0.0,0.0
2016-01-05,15:30:00,43.0202,43.1193,42.9806,43.0896,138789.22100000005,1.0,0.0,0.0
2016-01-06,09:30:00,43.0797,43.1986,42.6337,42.8815,569522.11,1.0,0.0,0.0
2016-01-06,10:00:00,42.8715,43.0698,42.7724,42.9508,113310.46099999995,1.0,0.0,0.0
2016-01-06,10:30:00,42.9409,43.1986,42.9211,43.0499,137524.94899999994,1.0,0.0,0.0
2016-01-06,11:00:00,43.0499,43.0797,42.9409,43.0301,55912.05100000003,1.0,0.0,0.0
2016-01-06,11:30:00,43.0301,43.3522,43.0202,43.2283,175467.654,1.0,0.0,0.0
2016-01-06,12:00:00,43.2283,43.2878,43.1193,43.138999999999996,79092.17699999998,1.0,0.0,0.0
2016-01-06,12:30:00,43.1391,43.372,43.1292,43.3373,113226.7219999999,1.0,0.0,0.0
2016-01-06,13:00:00,43.3373,43.3775,43.2878,43.3472,67567.70299999994,1.0,0.0,0.0
2016-01-06,13:30:00,43.3477,43.4414,43.2977,43.3968,75518.11599999995,1.0,0.0,0.0
2016-01-06,14:01:00,43.3968,43.5256,43.3571,43.486000000000004,78114.44399999996,1.0,0.0,0.0
2016-01-06,14:31:00,43.486000000000004,43.5355,43.3869,43.4166,111712.19699999997,1.0,0.0,0.0
2016-01-06,15:01:00,43.4166,43.486000000000004,43.2481,43.2481,196428.81,1.0,0.0,0.0
2016-01-06,15:31:00,43.2382,43.3373,43.1292,43.3175,274242.4199999999,1.0,0.0,0.0
2016-01-07,09:31:00,43.3175,43.4364,43.0103,43.1788,381091.18000000005,1.0,0.0,0.0
2016-01-07,10:01:00,43.1391,43.4776,43.1292,43.4761,233125.39199999996,1.0,0.0,0.0
2016-01-07,10:31:00,43.4761,43.5702,43.3671,43.4364,256153.07999999993,1.0,0.0,0.0
2016-01-07,11:01:00,43.4364,43.6346,43.3274,43.5653,169655.3799999999,1.0,0.0,0.0
2016-01-07,11:31:00,43.5752,43.6198,43.5256,43.6049,230112.31999999995,1.0,0.0,0.0
2016-01-07,12:01:00,43.595,43.6743,43.5256,43.595,166540.46999999988,1.0,0.0,0.0
2016-01-07,12:31:00,43.595,43.6545,43.5355,43.6247,151304.58999999997,1.0,0.0,0.0
2016-01-07,13:01:00,43.6346,43.6792,43.5554,43.6049,127100.36999999986,1.0,0.0,0.0
2016-01-07,13:31:00,43.6049,43.6247,43.3869,43.4662,154080.55999999976,1.0,0.0,0.0
2016-01-07,14:01:00,43.4761,43.5752,43.4364,43.4959,247734.57999999984,1.0,0.0,0.0
2016-01-07,14:31:00,43.5058,43.5851,43.4612,43.5801,210515.32999999984,1.0,0.0,0.0
2016-01-07,15:01:00,43.5752,43.6148,43.5058,43.5157,209474.95999999993,1.0,0.0,0.0
2016-01-07,15:31:00,43.5157,43.5355,43.4265,43.4761,236162.63999999996,1.0,0.0,0.0
2016-01-08,09:31:00,43.4761,43.6148,43.3076,43.5454,623308.0900000001,1.0,0.0,0.0
2016-01-08,10:01:00,43.5405,43.6545,43.3076,43.5058,126338.37299999986,1.0,0.0,0.0
2016-01-08,10:31:00,43.4959,43.5157,43.2977,43.3671,94501.56699999984,1.0,0.0,0.0
2016-01-08,11:01:00,43.3671,43.4265,43.268,43.3076,157414.46999999983,1.0,0.0,0.0
2016-01-08,11:31:00,43.3076,43.376999999999995,43.258,43.3274,97201.81999999982,1.0,0.0,0.0
2016-01-08,12:01:00,43.3373,43.4463,43.2878,43.4265,136934.62899999975,1.0,0.0,0.0
2016-01-08,12:31:00,43.4265,43.4562,43.3373,43.4146,129803.52299999981,1.0,0.0,0.0
2016-01-08,13:01:00,43.4067,43.4265,43.3571,43.3968,70086.34999999977,1.0,0.0,0.0
2016-01-08,13:31:00,43.4067,43.4166,43.2392,43.3373,57564.90899999978,1.0,0.0,0.0
2016-01-08,14:01:00,43.3274,43.3571,43.2283,43.268,52307.683999999776,1.0,0.0,0.0
2016-01-08,14:31:00,43.268,43.3066,43.1193,43.1391,80008.41299999974,1.0,0.0,0.0
2016-01-08,15:01:00,43.1391,43.1788,43.04,43.0499,81496.79399999967,1.0,0.0,0.0
2016-01-08,15:31:00,43.0499,43.1689,43.0499,43.0698,259650.69999999978,1.0,0.0,0.0
2016-01-11,09:31:00,43.0598,43.3472,43.0598,43.258,663370.6399999998,1.0,0.0,0.0
2016-01-11,10:01:00,43.2481,43.4562,43.1986,43.3423,125371.7799999998,1.0,0.0,0.0
2016-01-11,10:31:00,43.3472,43.3701,43.1689,43.3373,185164.7069999998,1.0,0.0,0.0
2016-01-11,11:01:00,43.3472,43.4166,43.1789,43.2085,121482.86599999979,1.0,0.0,0.0
2016-01-11,11:31:00,43.2085,43.357,43.148999999999994,43.258,227618.96999999977,1.0,0.0,0.0
2016-01-11,12:01:00,43.258,43.4067,43.2184,43.3671,99340.05699999986,1.0,0.0,0.0
2016-01-11,12:31:00,43.3671,43.376999999999995,43.2878,43.3076,89500.67599999986,1.0,0.0,0.0
2016-01-11,13:01:00,43.3175,43.3571,43.2184,43.2531,70599.95359999985,1.0,0.0,0.0
2016-01-11,13:31:00,43.2481,43.3076,43.1986,43.2382,79465.56199999987,1.0,0.0,0.0
2016-01-11,14:01:00,43.2382,43.258,43.0202,43.1193,86100.11199999983,1.0,0.0,0.0
2016-01-11,14:31:00,43.1193,43.1788,43.04,43.0598,111932.11999999985,1.0,0.0,0.0
2016-01-11,15:01:00,43.0499,43.1788,43.0499,43.0598,123903.55599999987,1.0,0.0,0.0
2016-01-11,15:31:00,43.0598,43.2382,43.0202,43.2382,233991.16599999985,1.0,0.0,0.0
2016-01-12,09:31:00,43.2283,43.258,43.0797,43.1689,497683.0099999998,1.0,0.0,0.0
2016-01-12,10:01:00,43.1441,43.2085,42.5941,42.6684,147244.15699999983,1.0,0.0,0.0
2016-01-12,10:31:00,42.6733,42.8815,42.6535,42.8616,131325.17999999985,1.0,0.0,0.0
2016-01-12,11:01:00,42.8815,43.04,42.8121,42.9112,93031.38199999978,1.0,0.0,0.0
2016-01-12,11:31:00,42.9013,43.1391,42.9013,42.9806,160515.45299999966,1.0,0.0,0.0
2016-01-12,12:01:00,42.9806,42.9806,42.8616,42.8815,133867.08499999985,1.0,0.0,0.0
2016-01-12,12:31:00,42.8715,42.9112,42.8121,42.8889,70414.26499999987,1.0,0.0,0.0
2016-01-12,13:01:00,42.8914,42.9013,42.7724,42.8121,58963.43899999984,1.0,0.0,0.0
2016-01-12,13:31:00,42.821999999999996,42.9409,42.8022,42.9112,68968.30299999987,1.0,0.0,0.0
2016-01-12,14:01:00,42.9112,42.9409,42.8418,42.8567,82612.83199999986,1.0,0.0,0.0
2016-01-12,14:31:00,42.8517,42.9211,42.8121,42.8517,67201.4689999999,1.0,0.0,0.0
2016-01-12,15:01:00,42.8517,42.9706,42.8022,42.8022,90160.59799999984,1.0,0.0,0.0
2016-01-12,15:31:00,42.8022,43.0202,42.7625,42.9706,96379.44399999984,1.0,0.0,0.0
2016-01-13,09:31:00,42.9706,43.1986,42.9508,43.1986,339372.42999999976,1.0,0.0,0.0
2016-01-13,10:01:00,43.1986,43.3274,43.1193,43.1788,141963.76199999976,1.0,0.0,0.0
2016-01-13,10:31:00,43.1689,43.3571,43.0598,43.2382,152167.35199999987,1.0,0.0,0.0
2016-01-13,11:01:00,43.2382,43.3373,42.9706,43.1193,102397.44299999987,1.0,0.0,0.0
2016-01-13,11:31:00,43.1094,43.2779,43.0797,43.2184,80151.74499999984,1.0,0.0,0.0
2016-01-13,12:01:00,43.2085,43.2481,43.0896,43.1292,123024.69899999982,1.0,0.0,0.0
2016-01-13,12:31:00,43.1292,43.148999999999994,43.04,43.0797,114428.56399999982,1.0,0.0,0.0
2016-01-13,13:01:00,43.0797,43.1192,42.9855,42.9855,73528.24299999978,1.0,0.0,0.0
2016-01-13,13:31:00,42.9855,43.1193,42.9706,42.9905,58924.11399999978,1.0,0.0,0.0
2016-01-13,14:01:00,42.9954,43.0301,42.9409,43.0103,164291.2759999997,1.0,0.0,0.0
2016-01-13,14:31:00,43.0202,43.1094,42.9905,42.9905,187701.54399999967,1.0,0.0,0.0
2016-01-13,15:01:00,42.9905,42.9905,42.6634,42.6932,201033.2599999997,1.0,0.0,0.0
2016-01-13,15:31:00,42.6932,42.8616,42.6634,42.7724,135795.38999999964,1.0,0.0,0.0
2016-01-14,09:31:00,42.7724,42.8517,42.5346,42.7229,486318.88999999966,1.0,0.0,0.0
2016-01-14,10:01:00,42.6684,43.2283,42.6486,43.1887,138405.85799999975,1.0,0.0,0.0
2016-01-14,10:31:00,43.1788,43.2878,42.4751,42.6238,116472.8189999998,1.0,0.0,0.0
2016-01-14,11:01:00,42.6535,43.0797,42.6337,43.0301,86117.28999999978,1.0,0.0,0.0
2016-01-14,11:31:00,43.0499,43.3373,43.0202,43.1292,157091.68599999978,1.0,0.0,0.0
2016-01-14,12:01:00,43.1292,43.1986,43.0103,43.1887,84428.11979999977,1.0,0.0,0.0
2016-01-14,12:31:00,43.1986,43.2085,42.9741,43.0598,53524.6489999998,1.0,0.0,0.0
2016-01-14,13:01:00,43.0698,43.2184,43.0698,43.1589,43031.3932999998,1.0,0.0,0.0
2016-01-14,13:31:00,43.148999999999994,43.1887,43.0698,43.1689,41349.31199999981,1.0,0.0,0.0
2016-01-14,14:01:00,43.1689,43.2184,43.1292,43.148999999999994,48568.09999999981,1.0,0.0,0.0
2016-01-14,14:31:00,43.1589,43.2779,43.1292,43.268,60811.03999999981,1.0,0.0,0.0
2016-01-14,15:01:00,43.2779,43.3571,43.2085,43.3571,67993.54299999983,1.0,0.0,0.0
2016-01-14,15:31:00,43.3571,43.5752,43.3274,43.5355,93798.26899999984,1.0,0.0,0.0
2016-01-15,09:31:00,43.5256,43.5752,42.6535,42.9806,466559.89,1.0,0.0,0.0
2016-01-15,10:01:00,43.1193,43.2877,42.7724,43.0549,98507.53700000004,1.0,0.0,0.0
2016-01-15,10:31:00,43.04,43.3076,42.8022,43.1689,141620.68,1.0,0.0,0.0
2016-01-15,11:01:00,43.1788,43.2134,43.0202,43.0499,95827.493,1.0,0.0,0.0
2016-01-15,11:31:00,43.0499,43.1489,42.9806,43.1391,97320.926,1.0,0.0,0.0
2016-01-15,12:01:00,43.1292,43.1292,42.9508,42.9508,78400.00399999999,1.0,0.0,0.0
2016-01-15,12:31:00,42.9508,42.9508,42.7526,42.8319,109647.57,1.0,0.0,0.0
2016-01-15,13:01:00,42.8418,42.8516,42.6337,42.7923,87013.33000000002,1.0,0.0,0.0
2016-01-15,13:31:00,42.7923,42.8715,42.6634,42.6733,102270.31800000003,1.0,0.0,0.0
2016-01-15,14:01:00,42.6733,42.6932,42.5247,42.6535,135643.02199999997,1.0,0.0,0.0
2016-01-15,14:31:00,42.6497,42.827,42.5842,42.7724,95986.92299999995,1.0,0.0,0.0
2016-01-15,15:01:00,42.7824,43.1095,42.7526,43.0846,129242.51999999997,1.0,0.0,0.0
2016-01-15,15:31:00,43.0846,43.1193,42.9112,43.0202,127401.00999999992,1.0,0.0,0.0
2016-01-19,09:31:00,43.0202,43.6049,42.9607,43.0995,383129.16999999987,1.0,0.0,0.0
2016-01-19,10:01:00,43.0896,43.4067,43.0202,43.1887,482948.79999999946,1.0,0.0,0.0
2016-01-19,10:31:00,43.1887,43.1986,43.0202,43.1391,338087.68999999954,1.0,0.0,0.0
2016-01-19,11:01:00,43.1391,43.148999999999994,42.9508,43.0995,161132.8399999995,1.0,0.0,0.0
2016-01-19,11:31:00,43.0995,43.1589,42.9905,43.1391,170107.45999999956,1.0,0.0,0.0
2016-01-19,12:01:00,43.148999999999994,43.3274,43.148999999999994,43.2878,139194.88299999954,1.0,0.0,0.0
2016-01-19,12:31:00,43.2878,43.2878,43.0202,43.0995,126506.92999999953,1.0,0.0,0.0
2016-01-19,13:01:00,43.1094,43.1441,43.04,43.1243,124086.23099999953,1.0,0.0,0.0
2016-01-19,13:31:00,43.1243,43.1391,42.9508,43.0004,172347.6499999996,1.0,0.0,0.0
2016-01-19,14:01:00,43.0004,43.04,42.9508,43.0053,142851.6799999995,1.0,0.0,0.0
2016-01-19,14:31:00,43.0103,43.0499,42.8914,42.9409,190544.08999999953,1.0,0.0,0.0
2016-01-19,15:01:00,42.9459,42.9806,42.7526,42.7873,376484.6599999996,1.0,0.0,0.0
2016-01-19,15:31:00,42.7923,42.9607,42.7873,42.9607,351008.98999999935,1.0,0.0,0.0
2016-01-20,09:31:00,42.9607,43.258,42.9191,43.0499,909496.0199999994,1.0,0.0,0.0
2016-01-20,10:01:00,43.0797,43.1094,42.376000000000005,42.5247,172492.9299999995,1.0,0.0,0.0
2016-01-20,10:31:00,42.5445,42.5742,42.0985,42.1481,249161.61999999953,1.0,0.0,0.0
2016-01-20,11:01:00,42.158,42.1679,41.8805,41.9301,229997.2599999994,1.0,0.0,0.0
2016-01-20,11:31:00,41.94,42.049,41.8012,41.8904,201411.6399999993,1.0,0.0,0.0
2016-01-20,12:01:00,41.8904,41.9003,41.5931,41.6575,202003.8699999992,1.0,0.0,0.0
2016-01-20,12:31:00,41.6526,41.6566,41.1273,41.2661,169354.82999999923,1.0,0.0,0.0
2016-01-20,13:01:00,41.2562,41.5832,41.1571,41.5684,210553.7199999992,1.0,0.0,0.0
2016-01-20,13:31:00,41.5634,41.6229,41.4445,41.5733,129199.11999999914,1.0,0.0,0.0
2016-01-20,14:01:00,41.5832,41.7319,41.3949,41.5535,134499.74999999919,1.0,0.0,0.0
2016-01-20,14:31:00,41.5535,41.7021,41.494,41.5931,512592.7699999994,1.0,0.0,0.0
2016-01-20,15:01:00,41.5931,41.6229,41.5039,41.5832,187196.9929999993,1.0,0.0,0.0
2016-01-20,15:31:00,41.5832,42.158,41.5832,42.1283,265065.16999999934,1.0,0.0,0.0
2016-01-21,09:31:00,42.1283,42.158,41.6922,41.6922,716273.7999999995,1.0,0.0,0.0
2016-01-21,10:01:00,41.7517,42.1382,41.494,41.5436,161426.6029999994,1.0,0.0,0.0
2016-01-21,10:31:00,41.5584,41.8409,41.385,41.6229,143479.36999999938,1.0,0.0,0.0
2016-01-21,11:01:00,41.6229,41.8409,41.5981,41.6526,133385.72199999943,1.0,0.0,0.0
2016-01-21,11:31:00,41.6526,41.9301,41.6427,41.8112,115907.80999999946,1.0,0.0,0.0
2016-01-21,12:01:00,41.8112,41.9995,41.6823,41.9995,123603.88799999954,1.0,0.0,0.0
2016-01-21,12:31:00,41.9995,42.0292,41.8805,41.9796,110332.66999999955,1.0,0.0,0.0
2016-01-21,13:01:00,41.9747,42.0391,41.8607,41.9003,81927.66799999957,1.0,0.0,0.0
2016-01-21,13:31:00,41.8954,41.9003,41.7021,41.722,95591.35899999955,1.0,0.0,0.0
2016-01-21,14:01:00,41.7319,41.8012,41.6328,41.6823,111804.97199999951,1.0,0.0,0.0
2016-01-21,14:31:00,41.6823,41.7121,41.4247,41.5436,137168.68999999957,1.0,0.0,0.0
2016-01-21,15:01:00,41.5535,41.8409,41.5436,41.7963,179589.51999999958,1.0,0.0,0.0
2016-01-21,15:31:00,41.8012,41.9003,41.6526,41.9003,158025.96999999954,1.0,0.0,0.0
2016-01-22,09:31:00,41.9003,42.0094,41.7319,41.8904,399606.1799999997,1.0,0.0,0.0
2016-01-22,10:01:00,41.8211,42.1679,41.7021,41.9722,159408.42299999986,1.0,0.0,0.0
2016-01-22,10:31:00,41.9796,42.1184,41.9003,42.0292,191627.73400000003,1.0,0.0,0.0
2016-01-22,11:01:00,42.0391,42.1134,41.9103,41.9995,126564.48199999996,1.0,0.0,0.0
2016-01-22,11:31:00,41.9895,42.1085,41.9895,42.0589,98058.49999999991,1.0,0.0,0.0
2016-01-22,12:01:00,42.049,42.2076,42.0391,42.1977,96072.64999999995,1.0,0.0,0.0
2016-01-22,12:31:00,42.1977,42.2819,42.1184,42.2076,85834.7299999999,1.0,0.0,0.0
2016-01-22,13:01:00,42.1977,42.3265,42.158,42.2968,62199.52899999993,1.0,0.0,0.0
2016-01-22,13:31:00,42.2868,42.4107,42.266999999999996,42.3661,76449.46299999993,1.0,0.0,0.0
2016-01-22,14:01:00,42.3562,42.604,42.3463,42.4851,83218.28599999995,1.0,0.0,0.0
2016-01-22,14:31:00,42.485,42.6237,42.4355,42.4454,98425.82199999996,1.0,0.0,0.0
2016-01-22,15:01:00,42.4355,42.5346,42.3909,42.495,124911.62699999995,1.0,0.0,0.0
2016-01-22,15:31:00,42.49,42.5742,42.4157,42.4553,139665.09999999992,1.0,0.0,0.0
2016-01-25,09:31:00,42.4603,42.7031,42.4553,42.6089,343198.77099999995,1.0,0.0,0.0
2016-01-25,10:01:00,42.6684,42.6684,42.2866,42.485,140557.1579999998,1.0,0.0,0.0
2016-01-25,10:31:00,42.4652,42.5544,42.3364,42.3463,126650.25999999983,1.0,0.0,0.0
2016-01-25,11:01:00,42.3562,42.3661,42.1555,42.2422,112175.24999999978,1.0,0.0,0.0
2016-01-25,11:31:00,42.2472,42.5148,42.1778,42.4355,126330.40999999987,1.0,0.0,0.0
2016-01-25,12:01:00,42.4355,42.5842,42.3661,42.4652,112041.06099999987,1.0,0.0,0.0
2016-01-25,12:31:00,42.4652,42.495,42.3562,42.4256,97610.50999999988,1.0,0.0,0.0
2016-01-25,13:01:00,42.4256,42.5098,42.3562,42.485,85076.96599999987,1.0,0.0,0.0
2016-01-25,13:31:00,42.4751,42.5346,42.4008,42.4553,81405.99799999992,1.0,0.0,0.0
2016-01-25,14:01:00,42.4652,42.5049,42.3948,42.4157,86778.24499999988,1.0,0.0,0.0
2016-01-25,14:32:00,42.4157,42.485,42.3612,42.3959,85273.71699999987,1.0,0.0,0.0
2016-01-25,15:02:00,42.4008,42.4157,42.2769,42.3166,136328.13599999982,1.0,0.0,0.0
2016-01-25,15:32:00,42.3067,42.3858,42.2362,42.2373,198138.22999999984,1.0,0.0,0.0
2016-01-26,09:32:00,42.2422,42.5544,42.1679,42.5148,335247.3699999999,1.0,0.0,0.0
2016-01-26,10:02:00,42.5148,42.9013,42.5049,42.8319,116313.38899999997,1.0,0.0,0.0
2016-01-26,10:32:00,42.8319,43.0301,42.8022,42.9508,89153.53799999997,1.0,0.0,0.0
2016-01-26,11:02:00,42.9558,43.0103,42.7923,42.8616,122645.33999999992,1.0,0.0,0.0
2016-01-26,11:32:00,42.8715,42.8715,42.485,42.5643,71582.78399999993,1.0,0.0,0.0
2016-01-26,12:02:00,42.5643,42.6337,42.4806,42.5941,69984.44499999993,1.0,0.0,0.0
2016-01-26,12:32:00,42.5842,42.7031,42.5346,42.5544,53708.27299999994,1.0,0.0,0.0
2016-01-26,13:02:00,42.5445,42.6139,42.5149,42.5495,56222.84299999999,1.0,0.0,0.0
2016-01-26,13:32:00,42.5445,42.5544,42.4305,42.4454,47239.20399999994,1.0,0.0,0.0
2016-01-26,14:02:00,42.4454,42.5148,42.4058,42.4553,44668.09599999994,1.0,0.0,0.0
2016-01-26,14:32:00,42.4627,42.4652,42.2769,42.3017,100082.72199999994,1.0,0.0,0.0
2016-01-26,15:03:00,42.2968,42.3463,42.2571,42.277,109267.15999999996,1.0,0.0,0.0
2016-01-26,15:33:00,42.2863,42.2868,42.1977,42.2175,128242.55999999994,1.0,0.0,0.0
2016-01-27,09:33:00,42.2175,42.5346,42.1679,42.376000000000005,358693.87199999986,1.0,0.0,0.0
2016-01-27,10:04:00,42.3463,42.6733,42.1481,42.5842,60016.93379999993,1.0,0.0,0.0
2016-01-27,10:35:00,42.5643,42.7427,42.5445,42.7328,84884.21399999996,1.0,0.0,0.0
2016-01-27,11:05:00,42.7427,42.8121,42.5403,42.5891,98719.49499999995,1.0,0.0,0.0
2016-01-27,11:35:00,42.5941,42.7526,42.5445,42.7526,95749.79199999993,1.0,0.0,0.0
2016-01-27,12:05:00,42.7526,42.931000000000004,42.7526,42.8815,69222.57199999993,1.0,0.0,0.0
2016-01-27,12:35:00,42.8765,43.0658,42.8765,42.9706,171705.79099999988,1.0,0.0,0.0
2016-01-27,13:05:00,42.9706,42.9806,42.8319,42.9013,78812.72099999984,1.0,0.0,0.0
2016-01-27,13:36:00,42.8914,42.942,42.8517,42.8517,51537.778999999864,1.0,0.0,0.0
2016-01-27,14:06:00,42.8616,42.9211,42.7724,42.9012,58441.76999999983,1.0,0.0,0.0
2016-01-27,14:36:00,42.8914,42.9013,42.6535,42.7427,175796.5339999998,1.0,0.0,0.0
2016-01-27,15:06:00,42.7427,42.7824,42.5544,42.5643,189486.47799999974,1.0,0.0,0.0
2016-01-27,15:36:00,42.5643,42.6932,42.3736,42.6882,228668.31999999977,1.0,0.0,0.0
2016-01-28,09:36:00,42.6882,43.0797,42.3661,42.6139,361147.76899999985,1.0,0.0,0.0
2016-01-28,10:06:00,42.6436,43.04,42.5643,42.9806,97613.53799999987,1.0,0.0,0.0
2016-01-28,10:36:00,42.9905,43.2085,42.931000000000004,42.9905,80757.1529999999,1.0,0.0,0.0
2016-01-28,11:06:00,43.0004,43.268,42.941,43.1986,105154.20099999991,1.0,0.0,0.0
2016-01-28,11:36:00,43.1944,43.3869,43.1788,43.1887,126875.26089999992,1.0,0.0,0.0
2016-01-28,12:06:00,43.1788,43.1986,43.0598,43.148999999999994,72026.75599999988,1.0,0.0,0.0
2016-01-28,12:36:00,43.1589,43.4662,43.1589,43.4463,69405.22299999987,1.0,0.0,0.0
2016-01-28,13:06:00,43.4364,43.4662,43.2977,43.3373,54175.45699999985,1.0,0.0,0.0
2016-01-28,13:36:00,43.3472,43.4562,43.258,43.4245,54452.955999999846,1.0,0.0,0.0
2016-01-28,14:06:00,43.4166,43.6049,43.3918,43.6049,67220.62299999983,1.0,0.0,0.0
2016-01-28,14:36:00,43.595,43.70399999999999,43.5554,43.6545,108721.28299999982,1.0,0.0,0.0
2016-01-28,15:06:00,43.6545,43.6743,43.4067,43.4067,100118.99899999985,1.0,0.0,0.0
2016-01-28,15:36:00,43.4166,43.5752,43.3571,43.5479,153879.77999999988,1.0,0.0,0.0
2016-01-29,09:36:00,43.5554,44.1004,43.4463,43.9617,366557.46999999986,1.0,0.0,0.0
2016-01-29,10:06:00,43.9617,44.2887,43.8527,44.1301,192361.34199999986,1.0,0.0,0.0
2016-01-29,10:36:00,44.1202,44.4374,44.0608,44.2689,139607.61999999973,1.0,0.0,0.0
2016-01-29,11:06:00,44.2788,44.5067,44.2491,44.4473,136872.0299999998,1.0,0.0,0.0
2016-01-29,11:36:00,44.4473,44.5266,44.2887,44.4374,86907.38299999974,1.0,0.0,0.0
2016-01-29,12:06:00,44.4374,44.5662,44.3383,44.4671,78110.42399999977,1.0,0.0,0.0
2016-01-29,12:36:00,44.4671,44.5465,44.4275,44.4572,68620.16799999976,1.0,0.0,0.0
2016-01-29,13:06:00,44.4572,44.5166,44.3581,44.4671,65006.72599999975,1.0,0.0,0.0
2016-01-29,13:36:00,44.4572,44.5266,44.4076,44.4275,72164.96299999976,1.0,0.0,0.0
2016-01-29,14:06:00,44.4175,44.5066,44.4076,44.4175,61136.978199999736,1.0,0.0,0.0
2016-01-29,14:36:00,44.42,44.4374,44.254,44.3531,87097.09099999977,1.0,0.0,0.0
2016-01-29,15:06:00,44.3581,44.4175,44.3135,44.4175,105814.15999999976,1.0,0.0,0.0
2016-01-29,15:36:00,44.4076,44.5365,44.3779,44.5266,136805.4899999997,1.0,0.0,0.0
2016-02-01,09:36:00,44.5266,44.6851,44.2788,44.6752,444502.27999999956,1.0,0.0,0.0
2016-02-01,10:06:00,44.6554,44.8734,44.4968,44.7148,85294.90699999969,1.0,0.0,0.0
2016-02-01,10:36:00,44.7049,44.7644,44.5166,44.7347,148483.3399999997,1.0,0.0,0.0
2016-02-01,11:06:00,44.7347,44.923,44.7248,44.7545,104274.3199999997,1.0,0.0,0.0
2016-02-01,11:36:00,44.7446,45.0419,44.6851,45.0419,115796.8079999997,1.0,0.0,0.0
2016-02-01,12:06:00,45.0518,45.2104,44.9923,45.1113,94141.3729999997,1.0,0.0,0.0
2016-02-01,12:36:00,45.1212,45.2203,45.0742,45.1609,114314.5109999997,1.0,0.0,0.0
2016-02-01,13:06:00,45.1608,45.3194,45.151,45.2252,82322.20399999965,1.0,0.0,0.0
2016-02-01,13:36:00,45.2302,45.3095,45.1707,45.3095,112777.71399999966,1.0,0.0,0.0
2016-02-01,14:06:00,45.2995,45.358999999999995,45.25,45.2797,91977.9149999997,1.0,0.0,0.0
2016-02-01,14:36:00,45.2797,45.2946,45.1905,45.2896,146447.0409999996,1.0,0.0,0.0
2016-02-01,15:06:00,45.2797,45.3095,45.25,45.2797,138472.3909999996,1.0,0.0,0.0
2016-02-01,15:36:00,45.2756,45.3987,45.2599,45.2797,177741.92499999958,1.0,0.0,0.0
2016-02-02,09:36:00,45.2804,45.2896,44.9329,44.9725,270259.9249999996,1.0,0.0,0.0
2016-02-02,10:06:00,44.9527,45.1212,44.9329,45.0022,127012.50299999953,1.0,0.0,0.0
2016-02-02,10:36:00,44.9923,45.2401,44.923,45.1806,155899.8839999995,1.0,0.0,0.0
2016-02-02,11:06:00,45.1806,45.5572,45.1311,45.5572,144112.01299999948,1.0,0.0,0.0
2016-02-02,11:36:00,45.5572,45.7059,45.2995,45.3194,203723.43699999937,1.0,0.0,0.0
2016-02-02,12:06:00,45.3293,45.3788,45.2401,45.2698,117210.52599999945,1.0,0.0,0.0
2016-02-02,12:36:00,45.2698,45.3689,45.2599,45.3392,92547.02499999943,1.0,0.0,0.0
2016-02-02,13:06:00,45.3293,45.4977,45.2976,45.4285,89403.78599999943,1.0,0.0,0.0
2016-02-02,13:36:00,45.4284,45.7059,45.383,45.6761,158506.25699999952,1.0,0.0,0.0
2016-02-02,14:06:00,45.6662,45.68600000000001,45.5473,45.5969,94643.87099999953,1.0,0.0,0.0
2016-02-02,14:36:00,45.5969,45.805,45.5969,45.7951,217163.89999999953,1.0,0.0,0.0
2016-02-02,15:06:00,45.7851,46.0825,45.7851,45.913999999999994,249545.7899999995,1.0,0.0,0.0
2016-02-02,15:36:00,45.913999999999994,46.0131,45.8741,45.9923,288798.20999999944,1.0,0.0,0.0
2016-02-03,09:36:00,45.9834,46.7365,45.8743,46.7068,515222.4399999996,1.0,0.0,0.0
2016-02-03,10:06:00,46.7068,46.7365,46.458999999999996,46.5185,288461.06999999966,1.0,0.0,0.0
2016-02-03,10:36:00,46.5383,46.6176,46.4392,46.6126,295342.1599999998,1.0,0.0,0.0
2016-02-03,11:06:00,46.6176,46.8257,46.6077,46.7563,275306.17,1.0,0.0,0.0
2016-02-03,11:36:00,46.7563,46.8654,46.5482,46.7861,232745.93000000014,1.0,0.0,0.0
2016-02-03,12:06:00,46.79600000000001,46.8257,46.5383,46.6672,386771.9500000001,1.0,0.0,0.0
2016-02-03,12:36:00,46.6672,46.905,46.6572,46.79600000000001,181534.08000000007,1.0,0.0,0.0
2016-02-03,13:06:00,46.8058,46.9953,46.7167,46.7464,200684.00900000005,1.0,0.0,0.0
2016-02-03,13:36:00,46.7365,46.8852,46.6721,46.7663,116747.33800000002,1.0,0.0,0.0
2016-02-03,14:06:00,46.7464,46.7663,46.6077,46.7563,229378.66100000002,1.0,0.0,0.0
2016-02-03,14:36:00,46.7563,47.2915,46.7563,47.2717,421169.9099999999,1.0,0.0,0.0
2016-02-03,15:06:00,47.2766,47.4699,47.2717,47.3806,417462.5200000002,1.0,0.0,0.0
2016-02-03,15:36:00,47.3757,47.4352,46.8753,46.8802,592986.9300000002,1.0,0.0,0.0
2016-02-04,09:36:00,46.8852,47.0611,46.7365,46.8257,716255.4400000003,1.0,0.0,0.0
2016-02-04,10:06:00,46.8433,46.9446,46.4937,46.5482,263998.61,1.0,0.0,0.0
2016-02-04,10:36:00,46.5581,46.7068,46.2311,46.2757,197632.64000000007,1.0,0.0,0.0
2016-02-04,11:06:00,46.2707,46.2757,45.8446,45.9784,401718.1900000001,1.0,0.0,0.0
2016-02-04,11:36:00,45.9834,46.0626,45.8743,45.9734,249649.82000000024,1.0,0.0,0.0
2016-02-04,12:06:00,45.9734,46.2014,45.9338,46.1617,141635.82000000015,1.0,0.0,0.0
2016-02-04,12:36:00,46.1716,46.24100000000001,46.0329,46.0427,116019.8300000001,1.0,0.0,0.0
2016-02-04,13:06:00,46.0374,46.1816,46.0032,46.1617,119101.48000000014,1.0,0.0,0.0
2016-02-04,13:36:00,46.1617,46.5482,46.1419,46.5383,127495.84500000012,1.0,0.0,0.0
2016-02-04,14:06:00,46.5383,46.5482,46.0825,46.0825,147901.0070000002,1.0,0.0,0.0
2016-02-04,14:36:00,46.0924,46.1122,45.8743,46.023,214642.36000000013,1.0,0.0,0.0
2016-02-04,15:06:00,46.023,46.1023,45.9536,46.0626,171843.00900000025,1.0,0.0,0.0
2016-02-04,15:36:00,46.0626,46.1023,46.0032,46.0428,268147.9000000003,1.0,0.0,0.0
2016-02-05,09:36:00,46.0379,46.132,45.2698,45.5275,442602.37000000046,1.0,0.0,0.0
2016-02-05,10:06:00,45.5077,45.6662,45.1311,45.6068,224943.79000000027,1.0,0.0,0.0
2016-02-05,10:36:00,45.6167,45.8248,45.5671,45.5671,228429.2300000003,1.0,0.0,0.0
2016-02-05,11:06:00,45.5572,45.8743,45.5176,45.8397,198947.46000000028,1.0,0.0,0.0
2016-02-05,11:36:00,45.8347,46.2113,45.8,46.1518,238524.7100000003,1.0,0.0,0.0
2016-02-05,12:06:00,46.1617,46.1915,45.9288,45.9338,187407.82000000033,1.0,0.0,0.0
2016-02-05,12:36:00,45.9239,46.0032,45.7901,45.9834,146013.11000000025,1.0,0.0,0.0
2016-02-05,13:06:00,45.9734,46.0527,45.8644,46.0032,96156.43300000027,1.0,0.0,0.0
2016-02-05,13:36:00,46.0032,46.1865,45.9933,46.1617,100606.41200000026,1.0,0.0,0.0
2016-02-05,14:06:00,46.1617,46.1915,46.0924,46.1915,122621.03900000025,1.0,0.0,0.0
2016-02-05,14:36:00,46.1816,46.2608,46.132,46.1419,162210.5370000002,1.0,0.0,0.0
2016-02-05,15:06:00,46.1419,46.3203,46.0775,46.1816,173085.2800000002,1.0,0.0,0.0
2016-02-05,15:36:00,46.1816,46.2707,46.1419,46.1915,163759.50000000026,1.0,0.0,0.0
2016-02-08,09:36:00,46.1816,46.5879,45.9834,45.9834,579306.0100000005,1.0,0.0,0.0
2016-02-08,10:06:00,45.9734,46.0725,45.7257,45.913999999999994,219825.90000000029,1.0,0.0,0.0
2016-02-08,10:36:00,45.913999999999994,45.9338,45.4878,45.7752,160434.6300000002,1.0,0.0,0.0
2016-02-08,11:06:00,45.7851,45.7851,45.5126,45.6068,186926.55000000022,1.0,0.0,0.0
2016-02-08,11:36:00,45.6068,45.6068,45.2203,45.2203,147891.0110000002,1.0,0.0,0.0
2016-02-08,12:06:00,45.2302,45.3788,45.141000000000005,45.358999999999995,149022.1600000003,1.0,0.0,0.0
2016-02-08,12:36:00,45.358999999999995,45.5473,45.3417,45.5473,80504.91900000021,1.0,0.0,0.0
2016-02-08,13:06:00,45.5473,45.7059,45.5324,45.5969,68701.90900000025,1.0,0.0,0.0
2016-02-08,13:36:00,45.5969,45.7356,45.5969,45.7356,64754.465400000234,1.0,0.0,0.0
2016-02-08,14:06:00,45.7356,45.7356,45.5671,45.6414,81489.73300000021,1.0,0.0,0.0
2016-02-08,14:36:00,45.6464,45.7158,45.5671,45.6365,123082.23970000024,1.0,0.0,0.0
2016-02-08,15:06:00,45.6464,45.7406,45.5969,45.6662,123337.52900000023,1.0,0.0,0.0
2016-02-08,15:36:00,45.6761,45.715,45.5424,45.5927,222648.3600000001,1.0,0.0,0.0
2016-02-09,09:36:00,45.5969,45.9834,45.5176,45.7752,394623.63,1.0,0.0,0.0
2016-02-09,10:06:00,45.7951,45.913999999999994,45.4383,45.6662,100073.52799999982,1.0,0.0,0.0
2016-02-09,10:36:00,45.6761,45.7455,45.4284,45.68600000000001,142481.50499999986,1.0,0.0,0.0
2016-02-09,11:06:00,45.68600000000001,45.8743,45.6365,45.7896,110867.53999999992,1.0,0.0,0.0
2016-02-09,11:36:00,45.7851,46.0626,45.7851,46.0131,124240.58999999992,1.0,0.0,0.0
2016-02-09,12:06:00,46.0229,46.0825,45.7257,45.7752,164894.60999999984,1.0,0.0,0.0
2016-02-09,12:36:00,45.7752,45.8347,45.7158,45.8149,99557.99399999995,1.0,0.0,0.0
2016-02-09,13:06:00,45.8149,45.8793,45.7554,45.8099,81766.19999999992,1.0,0.0,0.0
2016-02-09,13:36:00,45.805,45.8248,45.6563,45.805,95226.09199999989,1.0,0.0,0.0
2016-02-09,14:06:00,45.805,45.9239,45.7951,45.8942,62183.39599999989,1.0,0.0,0.0
2016-02-09,14:36:00,45.8743,45.909,45.7257,45.8347,127673.48499999988,1.0,0.0,0.0
2016-02-09,15:06:00,45.8248,45.8347,45.696000000000005,45.7851,226670.39999999994,1.0,0.0,0.0
2016-02-09,15:36:00,45.7851,45.8446,45.6662,45.68600000000001,221298.05999999994,1.0,0.0,0.0
2016-02-10,09:36:00,45.68600000000001,45.9635,45.4977,45.5869,400082.60799999995,1.0,0.0,0.0
2016-02-10,10:06:00,45.6266,45.6464,45.2797,45.358999999999995,345819.3699999998,1.0,0.0,0.0
2016-02-10,10:36:00,45.3491,45.3491,45.032,45.1113,361377.92999999993,1.0,0.0,0.0
2016-02-10,11:06:00,45.1212,45.2104,44.9725,45.0617,291079.7,1.0,0.0,0.0
2016-02-10,11:36:00,45.0617,45.3491,44.9329,45.3342,167798.7699999999,1.0,0.0,0.0
2016-02-10,12:06:00,45.3293,45.6366,45.2995,45.5474,137530.9299999999,1.0,0.0,0.0
2016-02-10,12:36:00,45.5473,45.6662,45.5374,45.6167,84320.14199999989,1.0,0.0,0.0
2016-02-10,13:06:00,45.6167,45.7059,45.5969,45.6563,104274.27999999988,1.0,0.0,0.0
2016-02-10,13:37:00,45.6563,45.7554,45.6365,45.7554,77552.39899999986,1.0,0.0,0.0
2016-02-10,14:08:00,45.7554,45.9437,45.7257,45.9388,74550.42999999985,1.0,0.0,0.0
2016-02-10,14:38:00,45.9437,46.0626,45.9338,45.9546,84511.8819999999,1.0,0.0,0.0
2016-02-10,15:08:00,45.9635,46.023,45.913999999999994,45.9734,127722.87799999981,1.0,0.0,0.0
2016-02-10,15:38:00,45.9734,45.9834,45.7554,45.7653,224460.56999999975,1.0,0.0,0.0
2016-02-11,09:38:00,45.7703,46.0131,45.3392,45.5572,347581.0399999998,1.0,0.0,0.0
2016-02-11,10:08:00,45.5473,45.8347,45.2797,45.3788,121724.03999999978,1.0,0.0,0.0
2016-02-11,10:38:00,45.3593,45.577,45.2896,45.3393,99062.52099999976,1.0,0.0,0.0
2016-02-11,11:08:00,45.3392,45.3689,45.1905,45.3045,80524.07399999972,1.0,0.0,0.0
2016-02-11,11:38:00,45.3194,45.4284,45.1013,45.1707,129236.48999999973,1.0,0.0,0.0
2016-02-11,12:08:00,45.1707,45.1905,45.0419,45.0914,136722.70399999965,1.0,0.0,0.0
2016-02-11,12:38:00,45.0914,45.1608,44.9922,45.0617,56438.798999999635,1.0,0.0,0.0
2016-02-11,13:08:00,45.0617,45.2401,45.032,45.1905,57488.22099999965,1.0,0.0,0.0
2016-02-11,13:38:00,45.2004,45.2321,45.0914,45.1013,44126.23999999964,1.0,0.0,0.0
2016-02-11,14:08:00,45.0914,45.141000000000005,45.0914,45.1113,71997.49229999959,1.0,0.0,0.0
2016-02-11,14:38:00,45.1212,45.1212,44.9279,44.9923,74122.56699999956,1.0,0.0,0.0
2016-02-11,15:08:00,44.9923,45.2203,44.9527,45.0419,127515.04299999948,1.0,0.0,0.0
2016-02-11,15:38:00,45.0419,45.1311,44.9923,45.0914,115029.92999999945,1.0,0.0,0.0
2016-02-12,09:38:00,45.0815,45.1013,44.5067,44.7446,276566.5179999994,1.0,0.0,0.0
2016-02-12,10:08:00,44.8239,45.2995,44.7248,45.2896,77456.48499999948,1.0,0.0,0.0
2016-02-12,10:38:00,45.2401,45.2718,44.8833,44.9527,56965.50399999949,1.0,0.0,0.0
2016-02-12,11:08:00,44.9626,44.9626,44.7148,44.7892,61000.753999999506,1.0,0.0,0.0
2016-02-12,11:38:00,44.7842,44.8536,44.6851,44.7248,67457.72499999945,1.0,0.0,0.0
2016-02-12,12:08:00,44.7248,44.7941,44.586000000000006,44.5959,65399.23999999944,1.0,0.0,0.0
2016-02-12,12:38:00,44.5959,44.6653,44.4374,44.5166,70684.69599999943,1.0,0.0,0.0
2016-02-12,13:08:00,44.5067,44.7148,44.5067,44.6752,42136.35999999944,1.0,0.0,0.0
2016-02-12,13:38:00,44.6752,44.7644,44.6108,44.7347,54914.10499999944,1.0,0.0,0.0
2016-02-12,14:08:00,44.7446,44.8833,44.695,44.8139,63319.570099999466,1.0,0.0,0.0
2016-02-12,14:38:00,44.8139,44.8338,44.6366,44.7049,64409.336499999445,1.0,0.0,0.0
2016-02-12,15:08:00,44.7049,44.7743,44.6356,44.7148,80045.77899999941,1.0,0.0,0.0
2016-02-12,15:38:00,44.7049,44.8288,44.6951,44.7842,77812.72799999936,1.0,0.0,0.0
2016-02-16,09:38:00,44.7842,44.9824,44.6058,44.8338,200253.1889999994,1.0,0.0,0.0
2016-02-16,10:08:00,44.7842,45.032,44.5067,44.8833,128754.10399999934,1.0,0.0,0.0
2016-02-16,10:38:00,44.8833,44.9725,44.7545,44.8338,107662.74299999938,1.0,0.0,0.0
2016-02-16,11:08:00,44.8338,44.9923,44.7545,44.9576,130548.27399999934,1.0,0.0,0.0
2016-02-16,11:38:00,44.9527,45.1806,44.8932,45.1707,132016.42599999928,1.0,0.0,0.0
2016-02-16,12:08:00,45.1608,45.1826,45.0121,45.0815,75724.94499999922,1.0,0.0,0.0
2016-02-16,12:38:00,45.089,45.2104,44.9428,45.0022,75885.40609999928,1.0,0.0,0.0
2016-02-16,13:08:00,44.9725,45.0716,44.913000000000004,45.0022,96027.29499999926,1.0,0.0,0.0
2016-02-16,13:39:00,45.0221,45.0914,44.7941,44.8338,112084.4839999993,1.0,0.0,0.0
2016-02-16,14:09:00,44.8239,44.8635,44.7644,44.8387,120674.59299999931,1.0,0.0,0.0
2016-02-16,14:39:00,44.8338,44.9923,44.8139,44.9428,147949.5799999993,1.0,0.0,0.0
2016-02-16,15:09:00,44.9329,45.0221,44.9329,44.9824,136922.48699999924,1.0,0.0,0.0
2016-02-16,15:39:00,44.9923,45.0617,44.9527,45.0221,185323.07299999922,1.0,0.0,0.0
2016-02-17,09:39:00,45.032,45.2302,44.7842,44.7842,387547.91399999935,1.0,0.0,0.0
2016-02-17,10:09:00,44.8239,45.0419,44.7941,44.9626,150537.81199999922,1.0,0.0,0.0
2016-02-17,10:39:00,44.9527,44.9923,44.8833,44.9031,114680.86399999916,1.0,0.0,0.0
2016-02-17,11:09:00,44.9031,45.0121,44.8784,44.913000000000004,210644.47999999928,1.0,0.0,0.0
2016-02-17,11:39:00,44.923,45.0716,44.8883,44.9725,114658.54599999932,1.0,0.0,0.0
2016-02-17,12:09:00,44.9626,45.0072,44.8932,44.9626,93592.4149999993,1.0,0.0,0.0
2016-02-17,12:40:00,44.9626,45.0022,44.9329,44.9428,59065.35599999927,1.0,0.0,0.0
2016-02-17,13:10:00,44.9428,45.0121,44.9329,44.9725,69531.35299999923,1.0,0.0,0.0
2016-02-17,13:40:00,44.9725,45.0221,44.9428,44.9715,73446.52999999924,1.0,0.0,0.0
2016-02-17,14:11:00,44.9725,45.022,44.9428,44.9824,69623.17099999929,1.0,0.0,0.0
2016-02-17,14:41:00,44.9824,45.0121,44.9031,44.9428,105263.20299999927,1.0,0.0,0.0
2016-02-17,15:11:00,44.9527,44.9626,44.8883,44.9527,70640.30299999929,1.0,0.0,0.0
2016-02-17,15:41:00,44.9428,45.0121,44.9428,44.9824,128017.55699999926,1.0,0.0,0.0
2016-02-18,09:41:00,44.9923,45.0518,44.7545,45.0518,212063.02599999934,1.0,0.0,0.0
2016-02-18,10:11:00,45.0518,45.3392,44.9626,45.2698,143010.0799999993,1.0,0.0,0.0
2016-02-18,10:41:00,45.2698,45.4284,45.0766,45.4284,283982.9699999992,1.0,0.0,0.0
2016-02-18,11:11:00,45.4482,45.458,45.0716,45.2004,236010.14999999935,1.0,0.0,0.0
2016-02-18,11:41:00,45.2104,45.4977,45.141000000000005,45.468,328678.24499999924,1.0,0.0,0.0
2016-02-18,12:11:00,45.468,45.4977,45.2698,45.4234,202881.75999999914,1.0,0.0,0.0
2016-02-18,12:41:00,45.4333,45.5077,45.4185,45.4878,152307.56799999913,1.0,0.0,0.0
2016-02-18,13:11:00,45.4779,45.577,45.4284,45.5374,147414.73299999902,1.0,0.0,0.0
2016-02-18,13:42:00,45.5374,45.5919,45.4631,45.5324,120399.08099999897,1.0,0.0,0.0
2016-02-18,14:12:00,45.5275,45.9933,45.5176,45.9933,230556.324999999,1.0,0.0,0.0
2016-02-18,14:42:00,45.9933,46.1716,45.8644,45.9834,421908.429999999,1.0,0.0,0.0
2016-02-18,15:12:00,45.9734,46.0725,45.7901,45.805,278762.1299999989,1.0,0.0,0.0
2016-02-18,15:42:00,45.805,45.8793,45.6761,45.805,352662.7899999989,1.0,0.0,0.0
2016-02-19,09:42:00,45.805,45.8743,44.695,44.9428,919724.0199999991,1.0,0.0,0.0
2016-02-19,10:12:00,44.9329,45.9437,44.8932,45.5869,446243.169999999,1.0,0.0,0.0
2016-02-19,10:42:00,45.5969,46.1419,45.5473,46.0428,272785.399999999,1.0,0.0,0.0
2016-02-19,11:12:00,46.0329,46.2707,45.9536,45.9734,194374.39799999888,1.0,0.0,0.0
2016-02-19,11:42:00,45.9636,45.9734,45.5275,45.8248,322002.8079999989,1.0,0.0,0.0
2016-02-19,12:13:00,45.8248,46.0428,45.8149,45.9869,188105.10999999876,1.0,0.0,0.0
2016-02-19,12:43:00,45.9933,46.0527,45.8595,45.8843,94630.67299999876,1.0,0.0,0.0
2016-02-19,13:13:00,45.8842,46.0329,45.6167,45.6761,296874.16799999896,1.0,0.0,0.0
2016-02-19,13:43:00,45.696000000000005,45.8446,45.6068,45.8348,78862.17129999894,1.0,0.0,0.0
2016-02-19,14:13:00,45.8347,45.9042,45.5275,45.5275,84578.47699999891,1.0,0.0,0.0
2016-02-19,14:43:00,45.5472,45.5572,45.3293,45.3987,198373.22999999885,1.0,0.0,0.0
2016-02-19,15:13:00,45.3887,45.3987,45.1905,45.358999999999995,125889.46199999885,1.0,0.0,0.0
2016-02-19,15:43:00,45.358999999999995,45.358999999999995,45.2401,45.2797,266716.86999999883,1.0,0.0,0.0
2016-02-22,09:43:00,45.2797,45.4284,45.0815,45.1608,714475.6199999988,1.0,0.0,0.0
2016-02-22,10:13:00,45.1311,45.4482,45.0419,45.3689,117670.62699999883,1.0,0.0,0.0
2016-02-22,10:43:00,45.3491,45.5572,45.2995,45.4779,158360.9399999988,1.0,0.0,0.0
2016-02-22,11:13:00,45.4878,45.5265,45.2995,45.3392,127520.18099999873,1.0,0.0,0.0
2016-02-22,11:44:00,45.3491,45.5562,45.3392,45.3985,124387.93099999876,1.0,0.0,0.0
2016-02-22,12:14:00,45.3887,45.4383,45.2699,45.3045,94903.17899999877,1.0,0.0,0.0
2016-02-22,12:44:00,45.2995,45.4928,45.2698,45.358999999999995,103163.37599999881,1.0,0.0,0.0
2016-02-22,13:17:00,45.3491,45.358999999999995,45.2896,45.3293,67033.8939999988,1.0,0.0,0.0
2016-02-22,13:47:00,45.3293,45.4086,45.2896,45.3699,60534.556199998755,1.0,0.0,0.0
2016-02-22,14:17:00,45.3739,45.3987,45.3095,45.3194,68015.73899999876,1.0,0.0,0.0
2016-02-22,14:47:00,45.3095,45.3887,45.2896,45.2897,83700.59399999867,1.0,0.0,0.0
2016-02-22,15:18:00,45.2926,45.5275,45.2896,45.5275,201037.24999999875,1.0,0.0,0.0
2016-02-22,15:48:00,45.5225,45.7257,45.5225,45.7257,199404.42499999868,1.0,0.0,0.0
2016-02-23,09:48:00,45.7158,45.9437,45.5077,45.5176,700780.7979999984,1.0,0.0,0.0
2016-02-23,10:18:00,45.5176,45.7158,45.3417,45.7059,45790.17399999841,1.0,0.0,0.0
2016-02-23,10:48:00,45.7059,45.7951,45.6563,45.7851,75876.31699999845,1.0,0.0,0.0
2016-02-23,11:18:00,45.7951,45.9832,45.7752,45.8644,82964.9969999984,1.0,0.0,0.0
2016-02-23,11:48:00,45.8545,45.9933,45.8347,45.8842,78089.21699999842,1.0,0.0,0.0
2016-02-23,12:18:00,45.8842,45.9338,45.8446,45.8743,72371.87129999841,1.0,0.0,0.0
2016-02-23,12:49:00,45.8743,45.8942,45.8149,45.8644,52598.3019999984,1.0,0.0,0.0
2016-02-23,13:20:00,45.8644,45.9635,45.7851,45.9536,137532.0419999984,1.0,0.0,0.0
2016-02-23,13:50:00,45.9437,45.9635,45.8644,45.913999999999994,48188.71999999833,1.0,0.0,0.0
2016-02-23,14:20:00,45.909,45.9338,45.8644,45.913999999999994,91339.18699999835,1.0,0.0,0.0
2016-02-23,14:50:00,45.913999999999994,45.9437,45.8248,45.9437,83103.26129999838,1.0,0.0,0.0
2016-02-23,15:20:00,45.9437,45.9437,45.8942,45.913999999999994,90197.92299999834,1.0,0.0,0.0
2016-02-23,15:50:00,45.913999999999994,46.2113,45.9041,46.1518,252817.17999999836,1.0,0.0,0.0
2016-02-24,09:50:00,46.1616,46.9645,45.9041,46.9347,423921.6499999984,1.0,0.0,0.0
2016-02-24,10:20:00,46.9347,47.1032,46.6572,46.8356,322452.57999999844,1.0,0.0,0.0
2016-02-24,10:50:00,46.8455,46.8753,46.6771,46.7762,209029.96999999837,1.0,0.0,0.0
2016-02-24,11:20:00,46.7762,46.9273,46.7464,46.7663,196119.01099999837,1.0,0.0,0.0
2016-02-24,11:50:00,46.7663,46.8852,46.7068,46.7068,291764.8229999982,1.0,0.0,0.0
2016-02-24,12:20:00,46.7068,46.9744,46.6473,46.8951,167060.08699999822,1.0,0.0,0.0
2016-02-24,12:50:00,46.905,46.9248,46.7762,46.791000000000004,130225.36999999813,1.0,0.0,0.0
2016-02-24,13:20:00,46.7861,46.8059,46.5581,46.5681,146160.46699999808,1.0,0.0,0.0
2016-02-24,13:50:00,46.5631,46.6919,46.5086,46.6374,115468.85799999803,1.0,0.0,0.0
2016-02-24,14:20:00,46.6374,46.8158,46.6275,46.7861,113842.31699999805,1.0,0.0,0.0
2016-02-24,14:50:00,46.7861,46.905,46.7861,46.8951,138817.53499999802,1.0,0.0,0.0
2016-02-24,15:20:00,46.8951,47.1033,46.8951,47.1033,183369.579999998,1.0,0.0,0.0
2016-02-24,15:50:00,47.1082,47.1329,46.9744,47.0041,275720.839999998,1.0,0.0,0.0
2016-02-25,09:50:00,47.0041,47.4302,46.9942,47.3609,283406.929999998,1.0,0.0,0.0
2016-02-25,10:20:00,47.3609,47.4501,47.3064,47.351000000000006,81785.38999999812,1.0,0.0,0.0
2016-02-25,10:50:00,47.3609,47.4005,47.1329,47.2618,128146.66399999807,1.0,0.0,0.0
2016-02-25,11:20:00,47.2618,47.3708,47.2122,47.3658,125092.250999998,1.0,0.0,0.0
2016-02-25,11:50:00,47.3609,47.5417,47.2915,47.46,119740.24099999804,1.0,0.0,0.0
2016-02-25,12:20:00,47.46,47.777,47.46,47.7375,122599.97199999803,1.0,0.0,0.0
2016-02-25,12:50:00,47.7375,47.787,47.6582,47.7176,78278.91299999802,1.0,0.0,0.0
2016-02-25,13:20:00,47.7077,47.7474,47.568999999999996,47.6086,79478.65399999803,1.0,0.0,0.0
2016-02-25,13:50:00,47.6136,47.6185,47.4203,47.4402,72548.45599999806,1.0,0.0,0.0
2016-02-25,14:20:00,47.4429,47.5145,47.4203,47.46,150286.60299999797,1.0,0.0,0.0
2016-02-25,14:50:00,47.46,47.5244,47.4104,47.5145,106166.35499999797,1.0,0.0,0.0
2016-02-25,15:20:00,47.5194,47.5591,47.4798,47.5393,134120.32399999796,1.0,0.0,0.0
2016-02-25,15:50:00,47.5393,47.7771,47.5293,47.7275,286303.8899999981,1.0,0.0,0.0
2016-02-26,09:50:00,47.7325,47.7375,47.2023,47.4005,391858.7199999983,1.0,0.0,0.0
2016-02-26,10:20:00,47.4005,47.4302,47.0437,47.1428,138332.12119999836,1.0,0.0,0.0
2016-02-26,10:50:00,47.1627,47.2022,46.905,46.9149,111894.81399999834,1.0,0.0,0.0
2016-02-26,11:20:00,46.9149,46.9446,46.6275,46.6374,173881.39999999845,1.0,0.0,0.0
2016-02-26,11:50:00,46.6374,46.6771,46.4392,46.4541,153689.0599999984,1.0,0.0,0.0
2016-02-26,12:20:00,46.4491,46.5284,46.3104,46.5284,124860.18499999837,1.0,0.0,0.0
2016-02-26,12:50:00,46.5284,46.7266,46.5235,46.6969,158986.58299999835,1.0,0.0,0.0
2016-02-26,13:20:00,46.6919,46.7068,46.4095,46.4096,378213.25099999824,1.0,0.0,0.0
2016-02-26,13:50:00,46.4095,46.4293,46.2014,46.2311,100438.88899999815,1.0,0.0,0.0
2016-02-26,14:20:00,46.2301,46.35,46.2113,46.3253,150368.18999999823,1.0,0.0,0.0
2016-02-26,14:50:00,46.3253,46.3451,46.1023,46.132,188781.10099999816,1.0,0.0,0.0
2016-02-26,15:20:00,46.132,46.2212,46.1122,46.2212,192153.4499999982,1.0,0.0,0.0
2016-02-26,15:50:00,46.2212,46.3005,46.1617,46.1617,303423.7699999983,1.0,0.0,0.0
2016-02-29,09:50:00,46.1617,46.2311,45.8743,46.2311,309789.6899999984,1.0,0.0,0.0
2016-02-29,10:20:00,46.24100000000001,46.5185,46.2311,46.5086,226122.42999999833,1.0,0.0,0.0
2016-02-29,10:50:00,46.5185,46.6969,46.5185,46.6473,174221.36999999828,1.0,0.0,0.0
2016-02-29,11:20:00,46.6572,46.7167,46.6077,46.6473,162349.85999999833,1.0,0.0,0.0
2016-02-29,11:50:00,46.6523,46.9546,46.6523,46.905,100694.15799999842,1.0,0.0,0.0
2016-02-29,12:21:00,46.905,47.013999999999996,46.8505,46.9744,134451.3999999984,1.0,0.0,0.0
2016-02-29,12:51:00,46.9645,47.0041,46.8356,46.9446,87048.65499999833,1.0,0.0,0.0
2016-02-29,13:21:00,46.9546,46.96,46.8257,46.8852,65094.49699999836,1.0,0.0,0.0
2016-02-29,13:51:00,46.8852,46.91,46.8257,46.8852,82110.31899999834,1.0,0.0,0.0
2016-02-29,14:21:00,46.8901,46.8951,46.7563,46.7663,82337.35699999834,1.0,0.0,0.0
2016-02-29,14:51:00,46.7663,46.7811,46.578,46.652,133091.09999999838,1.0,0.0,0.0
2016-02-29,15:21:00,46.6473,46.6795,46.4987,46.4987,164125.69199999835,1.0,0.0,0.0
2016-02-29,15:51:00,46.5086,46.6473,46.4293,46.6374,242502.62999999832,1.0,0.0,0.0
2016-03-01,09:51:00,46.6374,46.9645,46.5284,46.9645,414616.1809999983,1.0,0.0,0.0
2016-03-01,10:21:00,46.9645,47.1032,46.8654,46.9546,205868.6299999982,1.0,0.0,0.0
2016-03-01,10:51:00,46.9744,47.1131,46.7663,46.8158,150526.67999999828,1.0,0.0,0.0
2016-03-01,11:21:00,46.8158,46.8257,46.5086,46.5581,128988.26999999821,1.0,0.0,0.0
2016-03-01,11:51:00,46.5581,46.6077,46.3203,46.3302,135433.21899999824,1.0,0.0,0.0
2016-03-01,12:21:00,46.3401,46.458999999999996,46.2906,46.3104,82191.03099999829,1.0,0.0,0.0
2016-03-01,12:51:00,46.3005,46.3401,46.2311,46.2509,67509.23399999828,1.0,0.0,0.0
2016-03-01,13:21:00,46.2509,46.35,46.2311,46.2509,55289.48509999828,1.0,0.0,0.0
2016-03-01,13:51:00,46.2509,46.3005,46.2212,46.2807,61594.09399999829,1.0,0.0,0.0
2016-03-01,14:21:00,46.2807,46.2807,46.1122,46.132,88317.03499999827,1.0,0.0,0.0
2016-03-01,14:51:00,46.1391,46.4888,46.1122,46.458999999999996,217631.2299999983,1.0,0.0,0.0
2016-03-01,15:21:00,46.468999999999994,46.7663,46.464,46.7464,151179.5379999983,1.0,0.0,0.0
2016-03-01,15:51:00,46.7464,46.79600000000001,46.4789,46.4987,196545.9199999982,1.0,0.0,0.0
2016-03-02,09:51:00,46.4962,46.5383,45.141000000000005,45.8545,362190.23399999813,1.0,0.0,0.0
2016-03-02,10:21:00,45.8149,45.9933,45.6761,45.9834,275338.3509999979,1.0,0.0,0.0
2016-03-02,10:51:00,45.9933,46.0329,45.8347,45.9933,109839.29399999806,1.0,0.0,0.0
2016-03-02,11:21:00,46.0131,46.3699,45.9189,46.3599,174466.64999999802,1.0,0.0,0.0
2016-03-02,11:51:00,46.3699,46.4293,46.1617,46.3698,217158.07999999807,1.0,0.0,0.0
2016-03-02,12:21:00,46.3699,46.4293,46.24100000000001,46.3699,93717.55099999812,1.0,0.0,0.0
2016-03-02,12:51:00,46.3599,46.5284,46.3203,46.4789,81230.41099999812,1.0,0.0,0.0
2016-03-02,13:21:00,46.468999999999994,46.5681,46.4194,46.4937,66571.79299999811,1.0,0.0,0.0
2016-03-02,13:51:00,46.4888,46.5086,46.4293,46.4491,67296.24399999813,1.0,0.0,0.0
2016-03-02,14:21:00,46.4392,46.458999999999996,46.35,46.4293,62303.45299999815,1.0,0.0,0.0
2016-03-02,14:51:00,46.4293,46.464,46.355,46.4194,84266.65399999815,1.0,0.0,0.0
2016-03-02,15:21:00,46.4293,46.4987,46.3996,46.458999999999996,84560.31999999813,1.0,0.0,0.0
2016-03-02,15:51:00,46.458999999999996,46.4789,46.4095,46.468999999999994,153721.32999999815,1.0,0.0,0.0
2016-03-03,09:51:00,46.464,46.6672,46.0924,46.1518,234459.30199999793,1.0,0.0,0.0
2016-03-03,10:21:00,46.1716,46.1716,45.8545,45.8842,119322.42499999797,1.0,0.0,0.0
2016-03-03,10:51:00,45.8743,46.1023,45.8149,46.1023,88418.94499999796,1.0,0.0,0.0
2016-03-03,11:21:00,46.1122,46.24100000000001,46.0329,46.2311,88955.77999999795,1.0,0.0,0.0
2016-03-03,11:51:00,46.2311,46.2807,46.132,46.132,77375.77199999792,1.0,0.0,0.0
2016-03-03,12:21:00,46.1221,46.1568,45.9834,45.9834,83338.36099999791,1.0,0.0,0.0
2016-03-03,12:51:00,45.9834,45.9834,45.8446,45.9249,83667.27169999796,1.0,0.0,0.0
2016-03-03,13:21:00,45.9338,45.9932,45.8248,45.9932,111763.56999999793,1.0,0.0,0.0
2016-03-03,13:51:00,45.9933,46.0924,45.9734,46.0924,59278.29659999796,1.0,0.0,0.0
2016-03-03,14:22:00,46.0924,46.1915,46.0527,46.1617,99215.85529999791,1.0,0.0,0.0
2016-03-03,14:52:00,46.1547,46.3104,46.1419,46.2707,93417.84699999791,1.0,0.0,0.0
2016-03-03,15:22:00,46.2608,46.3699,46.2311,46.3699,66760.45199999792,1.0,0.0,0.0
2016-03-03,15:52:00,46.3699,46.5879,46.3599,46.573,174812.78499999794,1.0,0.0,0.0
2016-03-04,09:52:00,46.573,46.578,46.1023,46.1974,214301.37799999796,1.0,0.0,0.0
2016-03-04,10:22:00,46.2212,46.4095,46.132,46.3996,90112.20799999793,1.0,0.0,0.0
2016-03-04,10:52:00,46.4194,46.7167,46.3996,46.6967,92693.34299999797,1.0,0.0,0.0
2016-03-04,11:22:00,46.687,46.7663,46.6077,46.687,95801.22999999796,1.0,0.0,0.0
2016-03-04,11:52:00,46.7068,46.7663,46.5978,46.6473,101923.24299999798,1.0,0.0,0.0
2016-03-04,12:22:00,46.6473,46.7365,46.5829,46.7006,127813.65869999799,1.0,0.0,0.0
2016-03-04,12:52:00,46.6969,46.7167,46.578,46.6572,107019.04799999793,1.0,0.0,0.0
2016-03-04,13:22:00,46.6473,46.7167,46.5978,46.687,135462.311999998,1.0,0.0,0.0
2016-03-04,13:52:00,46.687,46.8626,46.6672,46.7861,204120.84399999797,1.0,0.0,0.0
2016-03-04,14:23:00,46.791000000000004,47.1715,46.7861,47.0091,147443.9989999979,1.0,0.0,0.0
2016-03-04,14:53:00,47.013999999999996,47.0735,46.9446,47.0735,87911.41899999793,1.0,0.0,0.0
2016-03-04,15:23:00,47.0685,47.0685,46.8554,46.905,137803.35719999793,1.0,0.0,0.0
2016-03-04,15:53:00,46.8951,46.9843,46.8753,46.8753,166662.54099999793,1.0,0.0,0.0
2016-03-07,09:53:00,46.8802,47.16,46.7,47.001999999999995,204297.59999999785,1.0,0.0,0.425
2016-03-07,10:23:00,47.02,47.22,46.91,47.22,54546.999999997875,1.0,0.0,0.425
2016-03-07,10:53:00,47.23,47.27,47.13,47.18,85247.99999999788,1.0,0.0,0.425
2016-03-07,11:23:00,47.19,47.38,47.12,47.38,89917.99999999788,1.0,0.0,0.425
2016-03-07,11:53:00,47.37,47.44,47.2201,47.3301,54368.999999997875,1.0,0.0,0.425
2016-03-07,12:23:00,47.33,47.3321,47.19,47.19,51777.999999997875,1.0,0.0,0.425
2016-03-07,12:53:00,47.18,47.27,47.15,47.17,90208.99999999788,1.0,0.0,0.425
2016-03-07,13:23:00,47.1675,47.215,47.1,47.1,98263.99999999788,1.0,0.0,0.425
2016-03-07,13:54:00,47.1,47.21,47.06,47.1499,81343.99999999788,1.0,0.0,0.425
2016-03-07,14:25:00,47.1499,47.16,47.05,47.06,86624.99999999788,1.0,0.0,0.425
2016-03-07,14:55:00,47.07,47.14,47.06,47.12,153502.99999999788,1.0,0.0,0.425
2016-03-07,15:25:00,47.12,47.14,47.05,47.12,120316.99999999788,1.0,0.0,0.425
2016-03-07,15:55:00,47.12,47.18,47.08,47.095,190049.99999999788,1.0,0.0,0.425
2016-03-08,09:55:00,47.09,47.3299,46.94,47.03,168241.9999999979,1.0,0.0,0.0
2016-03-08,10:25:00,47.045,47.35,47.03,47.34,236017.9999999979,1.0,0.0,0.0
2016-03-08,10:55:00,47.34,47.6105,47.33,47.55,95769.9999999979,1.0,0.0,0.0
2016-03-08,11:25:00,47.56,47.67,47.52,47.61,84577.9999999979,1.0,0.0,0.0
2016-03-08,11:55:00,47.62,47.8899,47.59,47.8,100304.9999999979,1.0,0.0,0.0
2016-03-08,12:26:00,47.79,47.82,47.71,47.75,41016.999999997905,1.0,0.0,0.0
2016-03-08,12:57:00,47.7439,47.8,47.65,47.65,61250.999999997905,1.0,0.0,0.0
2016-03-08,13:27:00,47.64,47.68,47.57,47.59,45324.999999997905,1.0,0.0,0.0
2016-03-08,13:58:00,47.59,47.73,47.58,47.73,62924.999999997905,1.0,0.0,0.0
2016-03-08,14:29:00,47.73,47.81,47.6801,47.75,61950.999999997905,1.0,0.0,0.0
2016-03-08,14:59:00,47.76,47.8,47.67,47.8,118462.9999999979,1.0,0.0,0.0
2016-03-08,15:29:00,47.8,47.86,47.75,47.8225,114221.9999999979,1.0,0.0,0.0
2016-03-08,15:59:00,47.83,47.89,47.805,47.86,313346.9999999979,1.0,0.0,0.0
2016-03-09,10:00:00,47.8,48.26,47.77,48.16,87488.9999999979,1.0,0.0,0.0
2016-03-09,10:30:00,48.16,48.34,48.06,48.28,88534.9999999979,1.0,0.0,0.0
2016-03-09,11:00:00,48.29,48.34,48.13,48.15,85002.9999999979,1.0,0.0,0.0
2016-03-09,11:30:00,48.1508,48.26,48.0,48.12,85597.9999999979,1.0,0.0,0.0
2016-03-09,12:00:00,48.12,48.405,48.05,48.295,97804.9999999979,1.0,0.0,0.0
2016-03-09,12:30:00,48.29,48.38,48.275,48.28,86449.9999999979,1.0,0.0,0.0
2016-03-09,13:00:00,48.28,48.36,48.13,48.17,76753.9999999979,1.0,0.0,0.0
2016-03-09,13:30:00,48.16,48.17,48.02,48.11,64573.999999997905,1.0,0.0,0.0
2016-03-09,14:00:00,48.1,48.18,47.99,48.01,74961.9999999979,1.0,0.0,0.0
2016-03-09,14:30:00,48.01,48.14,47.8901,48.14,85689.9999999979,1.0,0.0,0.0
2016-03-09,15:00:00,48.13,48.24,48.13,48.19,57645.999999997905,1.0,0.0,0.0
2016-03-09,15:30:00,48.19,48.23,48.101000000000006,48.1625,98448.9999999979,1.0,0.0,0.0
2016-03-10,09:30:00,48.16,48.28,48.11,48.185,263480.9999999979,1.0,0.0,0.0
2016-03-10,10:00:00,48.18,48.36,48.04,48.29,86013.9999999979,1.0,0.0,0.0
2016-03-10,10:30:00,48.27,48.28,48.045,48.115,75490.9999999979,1.0,0.0,0.0
2016-03-10,11:00:00,48.13,48.17,47.86,47.88,94672.9999999979,1.0,0.0,0.0
2016-03-10,11:30:00,47.88,47.89,47.77,47.81,103435.9999999979,1.0,0.0,0.0
2016-03-10,12:00:00,47.8,47.8,47.57,47.61,99508.9999999979,1.0,0.0,0.0
2016-03-10,12:30:00,47.61,47.63,47.43,47.48,83550.9999999979,1.0,0.0,0.0
2016-03-10,13:00:00,47.48,47.63,47.39,47.59,139003.9999999979,1.0,0.0,0.0
2016-03-10,13:30:00,47.6,48.04,47.59,47.93,288252.9999999979,1.0,0.0,0.0
2016-03-10,14:00:00,47.92,48.04,47.835,47.95,121090.9999999979,1.0,0.0,0.0
2016-03-10,14:30:00,47.94,48.09,47.91,47.93,177171.9999999979,1.0,0.0,0.0
2016-03-10,15:00:00,47.93,47.99,47.83,47.84,142048.9999999979,1.0,0.0,0.0
2016-03-10,15:30:00,47.84,47.87,47.7,47.76,311198.9999999979,1.0,0.0,0.0
2016-03-11,09:30:00,47.765,48.16,47.72,48.1,574853.9999999979,1.0,0.0,0.0
2016-03-11,10:00:00,48.044,48.15,47.87,47.99,157607.9999999979,1.0,0.0,0.0
2016-03-11,10:30:00,47.99,48.11,47.96,48.0,103027.9999999979,1.0,0.0,0.0
2016-03-11,11:00:00,47.99,48.28,47.99,48.16,140547.9999999979,1.0,0.0,0.0
2016-03-11,11:31:00,48.16,48.33,48.16,48.27,88130.9999999979,1.0,0.0,0.0
2016-03-11,12:02:00,48.27,48.38,48.23,48.32,69733.9999999979,1.0,0.0,0.0
2016-03-11,12:32:00,48.32,48.49,48.26,48.445,68427.9999999979,1.0,0.0,0.0
2016-03-11,13:02:00,48.45,48.5,48.3801,48.46,56854.999999997905,1.0,0.0,0.0
2016-03-11,13:32:00,48.45,48.45,48.22,48.22,65913.9999999979,1.0,0.0,0.0
2016-03-11,14:03:00,48.22,48.25,48.13,48.24,79685.9999999979,1.0,0.0,0.0
2016-03-11,14:33:00,48.23,48.251999999999995,48.065,48.22,87327.9999999979,1.0,0.0,0.0
2016-03-11,15:03:00,48.22,48.27,47.99,48.03,94420.9999999979,1.0,0.0,0.0
2016-03-11,15:33:00,48.03,48.08,47.9945,48.08,107866.9999999979,1.0,0.0,0.0
2016-03-14,09:33:00,48.07,48.34,47.97,48.34,361879.9999999979,1.0,0.0,0.0
2016-03-14,10:04:00,48.36,48.41,47.98,47.98,50185.999999997905,1.0,0.0,0.0
2016-03-14,10:34:00,47.99,48.1,47.89,47.97,65303.999999997905,1.0,0.0,0.0
2016-03-14,11:04:00,47.96,48.21,47.92,48.14,99695.9999999979,1.0,0.0,0.0
2016-03-14,11:34:00,48.13,48.29,48.12,48.215,128577.9999999979,1.0,0.0,0.0
2016-03-14,12:04:00,48.21,48.27,48.17,48.23,51314.999999997905,1.0,0.0,0.0
2016-03-14,12:35:00,48.23,48.36,48.18,48.34,27494.999999997905,1.0,0.0,0.0
2016-03-14,13:06:00,48.33,48.35,48.28,48.3001,40953.999999997905,1.0,0.0,0.0
2016-03-14,13:36:00,48.31,48.35,48.24,48.29,69034.9999999979,1.0,0.0,0.0
2016-03-14,14:08:00,48.29,48.3199,48.135,48.15,47228.999999997905,1.0,0.0,0.0
2016-03-14,14:38:00,48.14,48.26,48.11,48.26,91891.9999999979,1.0,0.0,0.0
2016-03-14,15:08:00,48.2699,48.32,48.25,48.29,50859.999999997905,1.0,0.0,0.0
2016-03-14,15:38:00,48.29,48.36,48.28,48.31,89315.9999999979,1.0,0.0,0.0
2016-03-15,09:38:00,48.3,48.37,48.08,48.29,294642.9999999979,1.0,0.0,0.0
2016-03-15,10:08:00,48.3,48.4199,48.15,48.37,126729.9999999979,1.0,0.0,0.0
2016-03-15,10:38:00,48.3762,48.53,48.34,48.39,103108.9999999979,1.0,0.0,0.0
2016-03-15,11:08:00,48.39,48.48,48.29,48.305,121478.9999999979,1.0,0.0,0.0
2016-03-15,11:38:00,48.31,48.32,48.01,48.05,163238.9999999979,1.0,0.0,0.0
2016-03-15,12:08:00,48.0595,48.16,47.96,48.11,100770.9999999979,1.0,0.0,0.0
2016-03-15,12:38:00,48.11,48.27,48.11,48.1697,93999.9999999979,1.0,0.0,0.0
2016-03-15,13:09:00,48.16,48.25,48.11,48.23,83940.9999999979,1.0,0.0,0.0
2016-03-15,13:39:00,48.24,48.29,48.19,48.27,48505.999999997905,1.0,0.0,0.0
2016-03-15,14:09:00,48.275,48.32,48.23,48.23,62500.999999997905,1.0,0.0,0.0
2016-03-15,14:39:00,48.24,48.31,48.22,48.27,65586.9999999979,1.0,0.0,0.0
2016-03-15,15:09:00,48.28,48.34,48.21,48.211000000000006,77020.9999999979,1.0,0.0,0.0
2016-03-15,15:39:00,48.2101,48.29,48.18,48.2,147119.9999999979,1.0,0.0,0.0
2016-03-16,09:39:00,48.21,48.23,47.59,47.74,311507.9999999979,1.0,0.0,0.0
2016-03-16,10:09:00,47.76,47.85,47.65,47.77,71306.9999999979,1.0,0.0,0.0
2016-03-16,10:39:00,47.76,47.79,47.5402,47.73,61959.999999997905,1.0,0.0,0.0
2016-03-16,11:09:00,47.72,47.83,47.61,47.62,79810.9999999979,1.0,0.0,0.0
2016-03-16,11:39:00,47.62,47.8725,47.62,47.85,55505.999999997905,1.0,0.0,0.0
2016-03-16,12:09:00,47.85,47.93,47.77,47.82,65557.9999999979,1.0,0.0,0.0
2016-03-16,12:39:00,47.83,47.9,47.76,47.9,83819.9999999979,1.0,0.0,0.0
2016-03-16,13:09:00,47.9,47.9,47.75,47.76,88450.9999999979,1.0,0.0,0.0
2016-03-16,13:39:00,47.76,47.77,47.58,47.67,90562.9999999979,1.0,0.0,0.0
2016-03-16,14:09:00,47.67,48.43,47.65,48.26,119794.9999999979,1.0,0.0,0.0
2016-03-16,14:39:00,48.26,48.6,48.2,48.44,309697.9999999979,1.0,0.0,0.0
2016-03-16,15:09:00,48.45,48.495,48.2539,48.44,189159.9999999979,1.0,0.0,0.0
2016-03-16,15:39:00,48.45,48.51,48.35,48.45,194789.9999999979,1.0,0.0,0.0
2016-03-17,09:40:00,48.4507,48.6,48.27,48.35,231131.9999999979,1.0,0.0,0.0
2016-03-17,10:10:00,48.42,48.65,48.23,48.64,115790.9999999979,1.0,0.0,0.0
2016-03-17,10:40:00,48.64,48.79,48.57,48.7,123337.9999999979,1.0,0.0,0.0
2016-03-17,11:10:00,48.69,48.79,48.65,48.73,65964.9999999979,1.0,0.0,0.0
2016-03-17,11:40:00,48.74,48.84,48.71,48.83,84039.9999999979,1.0,0.0,0.0
2016-03-17,12:10:00,48.81,48.85,48.72,48.7289,85080.9999999979,1.0,0.0,0.0
2016-03-17,12:40:00,48.73,48.85,48.73,48.81,51605.999999997905,1.0,0.0,0.0
2016-03-17,13:10:00,48.81,48.85,48.735,48.815,58727.999999997905,1.0,0.0,0.0
2016-03-17,13:40:00,48.81,48.84,48.68,48.76,57449.999999997905,1.0,0.0,0.0
2016-03-17,14:10:00,48.75,48.88,48.73,48.83,57321.999999997905,1.0,0.0,0.0
2016-03-17,14:40:00,48.83,49.0299,48.81,48.9661,99767.9999999979,1.0,0.0,0.0
2016-03-17,15:10:00,48.965,48.98,48.88,48.93,94633.9999999979,1.0,0.0,0.0
2016-03-17,15:40:00,48.93,48.9899,48.895,48.91,129593.9999999979,1.0,0.0,0.0
2016-03-18,09:40:00,48.91,49.11,48.42,48.75,646061.9999999979,1.0,0.0,0.0
2016-03-18,10:10:00,48.75,49.25,48.73,49.22,166974.9999999979,1.0,0.0,0.0
2016-03-18,10:40:00,49.22,49.24,49.02,49.17,106472.9999999979,1.0,0.0,0.0
2016-03-18,11:10:00,49.17,49.34,49.11,49.28,212348.9999999979,1.0,0.0,0.0
2016-03-18,11:40:00,49.28,49.35,49.22,49.32,115974.9999999979,1.0,0.0,0.0
2016-03-18,12:10:00,49.33,49.36,49.21,49.2999,63484.999999997905,1.0,0.0,0.0
2016-03-18,12:41:00,49.2999,49.42,49.23,49.31,72982.9999999979,1.0,0.0,0.0
2016-03-18,13:12:00,49.31,49.31,49.15,49.19,60559.999999997905,1.0,0.0,0.0
2016-03-18,13:43:00,49.18,49.34,49.13,49.27,66063.9999999979,1.0,0.0,0.0
2016-03-18,14:13:00,49.27,49.3,49.13,49.15,65703.9999999979,1.0,0.0,0.0
2016-03-18,14:43:00,49.15,49.19,49.05,49.14,72138.9999999979,1.0,0.0,0.0
2016-03-18,15:13:00,49.14,49.19,49.085,49.12,105331.9999999979,1.0,0.0,0.0
2016-03-18,15:43:00,49.12,49.16,49.1,49.12,182528.9999999979,1.0,0.0,0.0
2016-03-21,09:43:00,49.12,49.13,48.21,48.21,397751.9999999979,1.0,0.0,0.0
2016-03-21,10:13:00,48.22,48.805,48.16,48.72,157507.9999999979,1.0,0.0,0.0
2016-03-21,10:43:00,48.73,48.79,48.55,48.68,130454.9999999979,1.0,0.0,0.0
2016-03-21,11:13:00,48.69,48.88,48.68,48.7701,79787.9999999979,1.0,0.0,0.0
2016-03-21,11:43:00,48.77,48.97,48.73,48.9342,67636.9999999979,1.0,0.0,0.0
2016-03-21,12:13:00,48.94,49.08,48.86,48.99,85334.9999999979,1.0,0.0,0.0
2016-03-21,12:44:00,48.99,49.085,48.8,48.83,67567.9999999979,1.0,0.0,0.0
2016-03-21,13:14:00,48.82,48.84,48.715,48.73,51368.999999997905,1.0,0.0,0.0
2016-03-21,13:45:00,48.74,48.95,48.74,48.88,55394.999999997905,1.0,0.0,0.0
2016-03-21,14:15:00,48.87,48.8901,48.74,48.755,50382.999999997905,1.0,0.0,0.0
2016-03-21,14:45:00,48.76,48.88,48.72,48.79,50964.999999997905,1.0,0.0,0.0
2016-03-21,15:15:00,48.8,48.85,48.71,48.74,66840.9999999979,1.0,0.0,0.0
2016-03-21,15:45:00,48.75,48.82,48.68,48.81,105052.9999999979,1.0,0.0,0.0
2016-03-22,09:45:00,48.82,49.0,48.52,48.75,282088.9999999979,1.0,0.0,0.0
2016-03-22,10:15:00,48.7101,49.13,48.67100000000001,49.09,106900.9999999979,1.0,0.0,0.0
2016-03-22,10:45:00,49.07,49.14,48.94,48.95,95178.9999999979,1.0,0.0,0.0
2016-03-22,11:15:00,48.95,49.02,48.86,48.86,91854.9999999979,1.0,0.0,0.0
2016-03-22,11:45:00,48.87,48.885,48.74,48.8,72950.9999999979,1.0,0.0,0.0
2016-03-22,12:15:00,48.795,48.83,48.61,48.75,153371.9999999979,1.0,0.0,0.0
2016-03-22,12:45:00,48.74,48.8,48.7,48.78,45927.999999997905,1.0,0.0,0.0
2016-03-22,13:15:00,48.79,48.9,48.76,48.845,36210.999999997905,1.0,0.0,0.0
2016-03-22,13:45:00,48.84,48.8499,48.77,48.78,69114.9999999979,1.0,0.0,0.0
2016-03-22,14:15:00,48.78,48.82,48.75,48.8,65251.999999997905,1.0,0.0,0.0
2016-03-22,14:45:00,48.8,48.945,48.76,48.89,99446.9999999979,1.0,0.0,0.0
2016-03-22,15:16:00,48.89,48.96,48.88,48.915,125149.9999999979,1.0,0.0,0.0
2016-03-22,15:46:00,48.91,48.93,48.8,48.8,205583.9999999979,1.0,0.0,0.0
2016-03-23,09:47:00,48.81,48.87,48.52,48.7,264088.9999999979,1.0,0.0,0.0
2016-03-23,10:17:00,48.71,48.89,48.62,48.83,73212.9999999979,1.0,0.0,0.0
2016-03-23,10:48:00,48.84,48.96,48.73,48.94,155102.9999999979,1.0,0.0,0.0
2016-03-23,11:18:00,48.95,49.17,48.925,49.04,124574.9999999979,1.0,0.0,0.0
2016-03-23,11:48:00,49.03,49.04,48.89,49.01,75001.9999999979,1.0,0.0,0.0
2016-03-23,12:18:00,49.01,49.1,48.89,49.09,91423.9999999979,1.0,0.0,0.0
2016-03-23,12:48:00,49.085,49.11,48.955,48.96,90011.9999999979,1.0,0.0,0.0
2016-03-23,13:18:00,48.95,48.96,48.785,48.8199,123522.9999999979,1.0,0.0,0.0
2016-03-23,13:51:00,48.82,48.85,48.69,48.83,91581.9999999979,1.0,0.0,0.0
2016-03-23,14:21:00,48.84,49.09,48.81,48.93,139526.9999999979,1.0,0.0,0.0
2016-03-23,14:52:00,48.92,49.05,48.91,48.95,84080.9999999979,1.0,0.0,0.0
2016-03-23,15:22:00,48.95,49.02,48.9,48.95,102258.9999999979,1.0,0.0,0.0
2016-03-23,15:52:00,48.96,49.05,48.93,49.02,138309.9999999979,1.0,0.0,0.0
2016-03-24,09:52:00,49.025,49.23,48.68,49.11,116181.9999999979,1.0,0.0,0.0
2016-03-24,10:22:00,49.11,49.11,48.84,48.89,47933.999999997905,1.0,0.0,0.0
2016-03-24,10:52:00,48.88,49.06,48.72,48.75,63849.999999997905,1.0,0.0,0.0
2016-03-24,11:22:00,48.74,48.9183,48.715,48.9099,96632.9999999979,1.0,0.0,0.0
2016-03-24,11:52:00,48.91,49.085,48.82,49.0792,90007.9999999979,1.0,0.0,0.0
2016-03-24,12:22:00,49.08,49.16,49.03,49.12,65972.9999999979,1.0,0.0,0.0
2016-03-24,12:52:00,49.12,49.13,48.99,48.995,55468.999999997905,1.0,0.0,0.0
2016-03-24,13:22:00,48.99,49.13,48.96,49.085,48472.999999997905,1.0,0.0,0.0
2016-03-24,13:52:00,49.085,49.22,49.08,49.165,51509.999999997905,1.0,0.0,0.0
2016-03-24,14:22:00,49.165,49.255,49.16,49.21,51279.999999997905,1.0,0.0,0.0
2016-03-24,14:53:00,49.211000000000006,49.26,49.19,49.2,49962.999999997905,1.0,0.0,0.0
2016-03-24,15:23:00,49.1949,49.265,49.1601,49.21,73468.9999999979,1.0,0.0,0.0
2016-03-24,15:53:00,49.22,49.27,49.17,49.24,153066.9999999979,1.0,0.0,0.0
