Date,Time,Open,High,Low,Close,Volume,Split Factor,Earnings,Dividends
2016-01-04,09:37:00,24.0043,24.2574,23.8486,24.2574,108093.15999999999,1.0,0.0,0.0
2016-01-04,09:44:00,24.2574,24.3061,24.0335,24.0433,63296.990000000005,1.0,0.0,0.0
2016-01-04,09:51:00,24.053,24.2282,23.8778,24.2233,65157.51000000002,1.0,0.0,0.0
2016-01-04,09:58:00,24.2282,24.2866,23.9946,24.2671,45071.45,1.0,0.0,0.0
2016-01-04,10:05:00,24.2769,24.4034,24.1795,24.199,93493.91999999998,1.0,0.0,0.0
2016-01-04,10:12:00,24.199,24.6263,24.1795,24.6078,85799.18999999994,1.0,0.0,0.0
2016-01-04,10:19:00,24.6273,24.8512,24.5981,24.7928,89169.91999999995,1.0,0.0,0.0
2016-01-04,10:26:00,24.8025,24.8804,24.5202,24.5202,238825.8699999999,1.0,0.0,0.0
2016-01-04,10:33:00,24.5105,24.5688,24.3426,24.53,103249.33999999995,1.0,0.0,0.0
2016-01-04,10:40:00,24.5202,24.53,24.1309,24.1406,92918.64999999994,1.0,0.0,0.0
2016-01-04,10:47:00,24.1309,24.3012,24.0627,24.2282,61672.73999999993,1.0,0.0,0.0
2016-01-04,10:54:00,24.2282,24.345,24.199,24.2866,96986.70999999992,1.0,0.0,0.0
2016-01-04,11:01:00,24.2671,24.2866,24.0335,24.1114,106029.11999999994,1.0,0.0,0.0
2016-01-04,11:08:00,24.0919,24.1503,24.0141,24.0725,59184.62999999993,1.0,0.0,0.0
2016-01-04,11:15:00,24.0627,24.1503,24.0043,24.1211,53724.46999999993,1.0,0.0,0.0
2016-01-04,11:22:00,24.1017,24.1503,23.9946,23.9946,41279.569999999934,1.0,0.0,0.0
2016-01-04,11:29:00,23.9946,24.2282,23.9751,24.199,51119.15999999994,1.0,0.0,0.0
2016-01-04,11:36:00,24.199,24.2087,24.0822,24.1114,50302.50999999994,1.0,0.0,0.0
2016-01-04,11:43:00,24.1114,24.1795,24.0919,24.1114,56117.13999999994,1.0,0.0,0.0
2016-01-04,11:50:00,24.1114,24.2477,24.053,24.2087,60948.60999999994,1.0,0.0,0.0
2016-01-04,11:57:00,24.2087,24.2185,24.1406,24.1503,33018.92999999994,1.0,0.0,0.0
2016-01-04,12:04:00,24.1406,24.2963,24.1114,24.2963,34154.10999999993,1.0,0.0,0.0
2016-01-04,12:11:00,24.2866,24.3742,24.199,24.3354,54740.419999999925,1.0,0.0,0.0
2016-01-04,12:18:00,24.3353,24.345,24.1494,24.1552,45299.439999999915,1.0,0.0,0.0
2016-01-04,12:25:00,24.148000000000003,24.1698,24.0627,24.0919,58875.439999999944,1.0,0.0,0.0
2016-01-04,12:32:00,24.1017,24.1893,24.090999999999998,24.1017,32983.99999999994,1.0,0.0,0.0
2016-01-04,12:39:00,24.1246,24.3158,24.1114,24.2963,59826.65999999995,1.0,0.0,0.0
2016-01-04,12:46:00,24.3061,24.4424,24.2671,24.4326,71309.11999999995,1.0,0.0,0.0
2016-01-04,12:53:00,24.4326,24.4433,24.345,24.4121,43957.78999999995,1.0,0.0,0.0
2016-01-04,13:00:00,24.4034,24.4862,24.345,24.4643,69490.64999999995,1.0,0.0,0.0
2016-01-04,13:07:00,24.4813,24.5981,24.4034,24.5592,86036.66999999997,1.0,0.0,0.0
2016-01-04,13:14:00,24.5592,24.636999999999997,24.5397,24.5397,38617.80999999998,1.0,0.0,0.0
2016-01-04,13:21:00,24.5397,24.7149,24.5202,24.6176,48976.189999999966,1.0,0.0,0.0
2016-01-04,13:28:00,24.6078,24.6078,24.5202,24.5786,61144.74999999997,1.0,0.0,0.0
2016-01-04,13:35:00,24.5786,24.676,24.5494,24.6176,47023.34999999998,1.0,0.0,0.0
2016-01-04,13:42:00,24.6078,24.7246,24.5641,24.6078,34914.33999999998,1.0,0.0,0.0
2016-01-04,13:49:00,24.5981,24.7052,24.5981,24.7052,47502.009999999995,1.0,0.0,0.0
2016-01-04,13:56:00,24.7149,24.783,24.6711,24.7198,24191.229999999996,1.0,0.0,0.0
2016-01-04,14:03:00,24.6954,24.7149,24.6078,24.676,99986.50999999998,1.0,0.0,0.0
2016-01-04,14:10:00,24.676,24.676,24.5397,24.5397,46439.75999999998,1.0,0.0,0.0
2016-01-04,14:17:00,24.53,24.5786,24.4132,24.4228,44965.62999999999,1.0,0.0,0.0
2016-01-04,14:24:00,24.4326,24.5396,24.4326,24.5396,47871.87799999999,1.0,0.0,0.0
2016-01-04,14:31:00,24.53,24.5494,24.418000000000003,24.4326,42398.32999999999,1.0,0.0,0.0
2016-01-04,14:38:00,24.4326,24.491,24.4132,24.4813,53337.15999999999,1.0,0.0,0.0
2016-01-04,14:45:00,24.4813,24.5008,24.4424,24.4813,37742.49999999999,1.0,0.0,0.0
2016-01-04,14:52:00,24.4756,24.5786,24.4326,24.5105,48576.56,1.0,0.0,0.0
2016-01-04,14:59:00,24.5105,24.5494,24.4716,24.5397,45485.399999999994,1.0,0.0,0.0
2016-01-04,15:06:00,24.53,24.5494,24.4326,24.491,57977.58,1.0,0.0,0.0
2016-01-04,15:13:00,24.5008,24.5689,24.4778,24.5353,59664.39,1.0,0.0,0.0
2016-01-04,15:20:00,24.5397,24.5884,24.5105,24.5203,51049.33999999998,1.0,0.0,0.0
2016-01-04,15:27:00,24.5202,24.5494,24.456999999999997,24.5008,64382.869999999995,1.0,0.0,0.0
2016-01-04,15:34:00,24.5008,24.6078,24.5008,24.5786,73123.29,1.0,0.0,0.0
2016-01-04,15:41:00,24.5762,24.5981,24.491,24.5981,86056.06999999996,1.0,0.0,0.0
2016-01-04,15:48:00,24.5981,24.7149,24.5981,24.6322,153488.09999999998,1.0,0.0,0.0
2016-01-04,15:55:00,24.636999999999997,24.7052,24.5786,24.6468,151837.12999999995,1.0,0.0,0.0
2016-01-05,09:32:00,24.6468,24.783,24.5202,24.5981,192821.93999999992,1.0,0.0,0.0
2016-01-05,09:39:00,24.5981,24.7246,24.4813,24.5981,80544.57199999994,1.0,0.0,0.0
2016-01-05,09:46:00,24.5981,24.8415,24.3839,24.3839,133021.8599999999,1.0,0.0,0.0
2016-01-05,09:53:00,24.3839,24.4618,24.3061,24.4424,95472.5599999999,1.0,0.0,0.0
2016-01-05,10:00:00,24.4229,24.5817,24.3158,24.5494,163340.07999999987,1.0,0.0,0.0
2016-01-05,10:07:00,24.5494,24.9291,24.4813,24.8707,112108.91999999984,1.0,0.0,0.0
2016-01-05,10:14:00,24.8804,24.895,24.7344,24.8317,60372.28999999983,1.0,0.0,0.0
2016-01-05,10:21:00,24.8512,24.8804,24.7149,24.7344,151070.91999999987,1.0,0.0,0.0
2016-01-05,10:28:00,24.7246,24.7582,24.4716,24.4813,81820.54999999987,1.0,0.0,0.0
2016-01-05,10:35:00,24.4716,24.6565,24.3937,24.6176,154051.09999999992,1.0,0.0,0.0
2016-01-05,10:42:00,24.6127,24.6516,24.4132,24.5008,87720.45999999992,1.0,0.0,0.0
2016-01-05,10:49:00,24.5008,24.6176,24.4618,24.6176,76578.08999999994,1.0,0.0,0.0
2016-01-05,10:56:00,24.6078,24.6078,24.4229,24.4229,45350.80999999993,1.0,0.0,0.0
2016-01-05,11:03:00,24.4229,24.636999999999997,24.3839,24.5202,58890.81999999993,1.0,0.0,0.0
2016-01-05,11:10:00,24.53,24.7344,24.53,24.676,52571.859999999906,1.0,0.0,0.0
2016-01-05,11:17:00,24.6565,24.783,24.636999999999997,24.783,64360.239999999925,1.0,0.0,0.0
2016-01-05,11:24:00,24.783,24.7879,24.6468,24.6468,72853.11999999992,1.0,0.0,0.0
2016-01-05,11:31:00,24.6274,24.783,24.6274,24.6662,49093.36999999994,1.0,0.0,0.0
2016-01-05,11:38:00,24.6662,24.676,24.5008,24.5302,57262.53999999994,1.0,0.0,0.0
2016-01-05,11:45:00,24.5105,24.6467,24.4716,24.5786,52288.30999999994,1.0,0.0,0.0
2016-01-05,11:52:00,24.5786,24.6078,24.53,24.5786,31899.17699999993,1.0,0.0,0.0
2016-01-05,11:59:00,24.5689,24.5786,24.4618,24.4813,49218.659999999945,1.0,0.0,0.0
2016-01-05,12:06:00,24.4716,24.491,24.3742,24.4618,45760.729999999945,1.0,0.0,0.0
2016-01-05,12:13:00,24.4699,24.5495,24.4424,24.5105,53177.999999999935,1.0,0.0,0.0
2016-01-05,12:20:00,24.5008,24.5008,24.3645,24.4034,64430.16999999991,1.0,0.0,0.0
2016-01-05,12:27:00,24.4132,24.4716,24.3742,24.4132,63339.11999999994,1.0,0.0,0.0
2016-01-05,12:34:00,24.4229,24.5689,24.4034,24.5494,38963.99999999994,1.0,0.0,0.0
2016-01-05,12:41:00,24.5105,24.5932,24.5105,24.5659,30755.77099999993,1.0,0.0,0.0
2016-01-05,12:48:00,24.5689,24.569000000000003,24.4784,24.5397,40387.869999999944,1.0,0.0,0.0
2016-01-05,12:55:00,24.5397,24.6078,24.5202,24.6078,68589.67999999993,1.0,0.0,0.0
2016-01-05,13:02:00,24.5981,24.676,24.5786,24.6565,42177.48999999993,1.0,0.0,0.0
2016-01-05,13:09:00,24.6662,24.7441,24.6662,24.676,53645.40999999994,1.0,0.0,0.0
2016-01-05,13:16:00,24.6876,24.7344,24.6468,24.6953,27243.369999999944,1.0,0.0,0.0
2016-01-05,13:23:00,24.676,24.7441,24.6176,24.7246,30147.599999999948,1.0,0.0,0.0
2016-01-05,13:30:00,24.7344,24.7441,24.6565,24.6954,31654.659999999923,1.0,0.0,0.0
2016-01-05,13:37:00,24.6955,24.7782,24.6273,24.6273,30624.259999999933,1.0,0.0,0.0
2016-01-05,13:44:00,24.6224,24.7149,24.5884,24.6565,24237.44999999993,1.0,0.0,0.0
2016-01-05,13:51:00,24.6565,24.6857,24.5981,24.676,34475.67999999993,1.0,0.0,0.0
2016-01-05,13:58:00,24.6468,24.7149,24.64,24.676,31233.449999999946,1.0,0.0,0.0
2016-01-05,14:05:00,24.6857,24.7587,24.6565,24.7149,36845.689999999944,1.0,0.0,0.0
2016-01-05,14:12:00,24.7052,24.8122,24.6954,24.7928,34451.01999999994,1.0,0.0,0.0
2016-01-05,14:19:00,24.8025,24.8999,24.7733,24.8901,59781.52999999993,1.0,0.0,0.0
2016-01-05,14:26:00,24.8804,24.9777,24.8804,24.9437,40543.039999999935,1.0,0.0,0.0
2016-01-05,14:33:00,24.9583,24.9583,24.8804,24.8999,43269.439999999944,1.0,0.0,0.0
2016-01-05,14:40:00,24.8999,24.8999,24.7928,24.8025,30958.14999999995,1.0,0.0,0.0
2016-01-05,14:47:00,24.8025,24.8415,24.7246,24.7733,27777.589999999946,1.0,0.0,0.0
2016-01-05,14:54:00,24.7636,24.8317,24.7538,24.8025,27537.18999999994,1.0,0.0,0.0
2016-01-05,15:01:00,24.8069,24.8415,24.783,24.8025,38082.55999999994,1.0,0.0,0.0
2016-01-05,15:08:00,24.8035,24.8512,24.783,24.8415,38066.13999999994,1.0,0.0,0.0
2016-01-05,15:15:00,24.8415,24.8804,24.8122,24.8804,33373.369999999944,1.0,0.0,0.0
2016-01-05,15:22:00,24.8707,24.8707,24.7684,24.8025,38635.26999999994,1.0,0.0,0.0
2016-01-05,15:29:00,24.7928,24.8512,24.7733,24.8317,38521.23999999995,1.0,0.0,0.0
2016-01-05,15:36:00,24.8317,24.8512,24.7441,24.7636,69914.96999999993,1.0,0.0,0.0
2016-01-05,15:43:00,24.7598,24.8025,24.6662,24.6857,83911.09999999992,1.0,0.0,0.0
2016-01-05,15:50:00,24.6954,24.7538,24.6857,24.7538,95770.3299999999,1.0,0.0,0.0
2016-01-05,15:57:00,24.7441,24.7441,24.6662,24.6662,121048.5499999999,1.0,0.0,0.0
2016-01-06,09:34:00,24.6662,24.6954,23.5468,23.6539,183660.42999999988,1.0,0.0,0.0
2016-01-06,09:41:00,23.6539,23.6928,23.0893,23.138,95633.8299999999,1.0,0.0,0.0
2016-01-06,09:48:00,23.138,23.4203,23.1282,23.1672,228485.49999999988,1.0,0.0,0.0
2016-01-06,09:55:00,23.1964,23.4012,23.1185,23.3482,109086.49999999988,1.0,0.0,0.0
2016-01-06,10:02:00,23.3132,23.3521,23.1769,23.2159,97703.8399999999,1.0,0.0,0.0
2016-01-06,10:09:00,23.2256,23.2353,23.0017,23.0601,85772.60999999987,1.0,0.0,0.0
2016-01-06,10:16:00,23.0698,23.0796,22.9433,23.0552,110621.23999999986,1.0,0.0,0.0
2016-01-06,10:23:00,23.0567,23.2061,22.9579,23.1964,254987.62999999986,1.0,0.0,0.0
2016-01-06,10:30:00,23.2048,23.2061,23.1185,23.138,119442.92999999988,1.0,0.0,0.0
2016-01-06,10:37:00,23.138,23.1582,23.0017,23.0406,63171.74999999984,1.0,0.0,0.0
2016-01-06,10:44:00,23.0406,23.0504,22.9044,22.9336,70977.20999999985,1.0,0.0,0.0
2016-01-06,10:51:00,22.9336,22.9793,22.807,22.8654,212130.86999999985,1.0,0.0,0.0
2016-01-06,10:58:00,22.8946,23.099,22.8654,23.0601,53659.69999999987,1.0,0.0,0.0
2016-01-06,11:05:00,23.0893,23.4397,23.0796,23.4105,50481.239999999874,1.0,0.0,0.0
2016-01-06,11:12:00,23.4105,23.4592,23.284000000000002,23.3428,69867.59999999985,1.0,0.0,0.0
2016-01-06,11:19:00,23.3521,23.5663,23.3327,23.3911,98758.77999999987,1.0,0.0,0.0
2016-01-06,11:26:00,23.4008,23.6636,23.4008,23.6636,70539.50999999985,1.0,0.0,0.0
2016-01-06,11:33:00,23.6636,23.7118,23.5955,23.615,71494.98999999986,1.0,0.0,0.0
2016-01-06,11:40:00,23.6052,23.7707,23.5858,23.7318,45630.25999999985,1.0,0.0,0.0
2016-01-06,11:47:00,23.7415,23.7415,23.4397,23.4397,27878.259999999827,1.0,0.0,0.0
2016-01-06,11:54:00,23.4689,23.4787,23.3911,23.4008,24817.869999999824,1.0,0.0,0.0
2016-01-06,12:01:00,23.3813,23.4203,23.2743,23.2743,21466.779999999828,1.0,0.0,0.0
2016-01-06,12:08:00,23.2743,23.3132,23.138,23.2159,56651.33999999984,1.0,0.0,0.0
2016-01-06,12:15:00,23.2207,23.2937,23.2207,23.2548,38028.16999999982,1.0,0.0,0.0
2016-01-06,12:22:00,23.2548,23.284000000000002,23.1964,23.2548,41199.47999999982,1.0,0.0,0.0
2016-01-06,12:29:00,23.2645,23.3813,23.2645,23.3132,32059.419999999824,1.0,0.0,0.0
2016-01-06,12:36:00,23.3035,23.4297,23.2548,23.4008,15211.461999999825,1.0,0.0,0.0
2016-01-06,12:43:00,23.4203,23.4203,23.284000000000002,23.3132,17356.47999999982,1.0,0.0,0.0
2016-01-06,12:50:00,23.3132,23.3327,23.2451,23.2451,41910.339999999815,1.0,0.0,0.0
2016-01-06,12:57:00,23.2451,23.2694,23.1136,23.1136,28829.50099999982,1.0,0.0,0.0
2016-01-06,13:04:00,23.1282,23.138,23.0504,23.099,19668.979999999814,1.0,0.0,0.0
2016-01-06,13:11:00,23.099,23.2061,23.0796,23.1867,36607.37999999982,1.0,0.0,0.0
2016-01-06,13:18:00,23.1867,23.2061,23.0601,23.0698,41921.639999999825,1.0,0.0,0.0
2016-01-06,13:25:00,23.065,23.1282,23.0309,23.0406,27934.757999999823,1.0,0.0,0.0
2016-01-06,13:32:00,23.0406,23.1964,23.0309,23.1964,47066.459999999825,1.0,0.0,0.0
2016-01-06,13:39:00,23.1964,23.3132,23.1964,23.2743,50640.499999999825,1.0,0.0,0.0
2016-01-06,13:46:00,23.2645,23.3035,23.2451,23.2743,31533.43999999983,1.0,0.0,0.0
2016-01-06,13:53:00,23.284000000000002,23.3327,23.2256,23.3181,31669.051999999818,1.0,0.0,0.0
2016-01-06,14:00:00,23.3132,23.3521,23.2743,23.3035,34135.589999999815,1.0,0.0,0.0
2016-01-06,14:07:00,23.3132,23.4203,23.3035,23.4008,55211.0699999998,1.0,0.0,0.0
2016-01-06,14:14:00,23.3911,23.4592,23.284000000000002,23.3619,92485.0399999998,1.0,0.0,0.0
2016-01-06,14:21:00,23.3716,23.4884,23.3716,23.3911,30532.839999999782,1.0,0.0,0.0
2016-01-06,14:28:00,23.4008,23.429000000000002,23.3424,23.3424,37129.219999999776,1.0,0.0,0.0
2016-01-06,14:35:00,23.3521,23.3716,23.2645,23.2937,80444.9499999998,1.0,0.0,0.0
2016-01-06,14:42:00,23.2937,23.3375,23.2743,23.284000000000002,154162.0399999998,1.0,0.0,0.0
2016-01-06,14:49:00,23.2791,23.3327,23.1574,23.1769,70182.12999999982,1.0,0.0,0.0
2016-01-06,14:56:00,23.1867,23.2353,23.1769,23.2061,93017.2999999998,1.0,0.0,0.0
2016-01-06,15:03:00,23.211,23.211,23.138,23.1672,122810.4399999998,1.0,0.0,0.0
2016-01-06,15:10:00,23.1672,23.3132,23.1672,23.2548,94529.46999999981,1.0,0.0,0.0
2016-01-06,15:17:00,23.2548,23.3083,23.2451,23.2597,78858.88999999981,1.0,0.0,0.0
2016-01-06,15:24:00,23.2547,23.2937,23.2353,23.2713,55391.77999999979,1.0,0.0,0.0
2016-01-06,15:31:00,23.2695,23.3473,23.2159,23.3229,62979.539999999804,1.0,0.0,0.0
2016-01-06,15:38:00,23.3278,23.3911,23.3229,23.3726,88742.61999999979,1.0,0.0,0.0
2016-01-06,15:45:00,23.3789,23.3862,23.3424,23.3599,113368.20999999977,1.0,0.0,0.0
2016-01-06,15:52:00,23.3619,23.5273,23.3521,23.4689,401938.1399999997,1.0,0.0,0.0
2016-01-06,15:59:00,23.4689,23.6052,23.4495,23.5858,688687.1999999998,1.0,0.0,0.0
2016-01-07,09:36:00,23.1185,23.1867,22.807,23.1672,116903.34999999992,1.0,0.0,0.0
2016-01-07,09:43:00,23.1769,23.4787,23.1769,23.2159,43574.58999999991,1.0,0.0,0.0
2016-01-07,09:50:00,23.2451,23.3424,23.2061,23.2937,41872.34999999991,1.0,0.0,0.0
2016-01-07,09:57:00,23.3035,23.3911,22.8752,22.9198,80892.82999999994,1.0,0.0,0.0
2016-01-07,10:04:00,22.9336,23.0406,22.8557,22.8752,48455.32999999994,1.0,0.0,0.0
2016-01-07,10:11:00,22.8752,22.9141,22.7486,22.7879,60924.999999999935,1.0,0.0,0.0
2016-01-07,10:18:00,22.8168,23.0796,22.8168,23.0504,40367.329999999936,1.0,0.0,0.0
2016-01-07,10:25:00,23.0698,23.0698,22.8849,22.9844,21144.195999999934,1.0,0.0,0.0
2016-01-07,10:32:00,22.991999999999997,23.2256,22.9822,23.2061,43120.53999999994,1.0,0.0,0.0
2016-01-07,10:39:00,23.1867,23.4884,23.1867,23.3716,67711.35999999994,1.0,0.0,0.0
2016-01-07,10:46:00,23.3716,23.4008,23.0601,23.1282,36263.19999999994,1.0,0.0,0.0
2016-01-07,10:53:00,23.138,23.2645,23.0406,23.2451,68419.22999999992,1.0,0.0,0.0
2016-01-07,11:00:00,23.2353,23.4008,23.1721,23.4008,51683.15999999993,1.0,0.0,0.0
2016-01-07,11:07:00,23.4105,23.4665,23.3229,23.3229,36765.54899999994,1.0,0.0,0.0
2016-01-07,11:14:00,23.3229,23.3521,23.1867,23.1867,32428.219999999947,1.0,0.0,0.0
2016-01-07,11:21:00,23.1769,23.2743,23.1185,23.1867,49930.61999999995,1.0,0.0,0.0
2016-01-07,11:28:00,23.1672,23.2741,23.0893,23.2645,29878.439999999948,1.0,0.0,0.0
2016-01-07,11:35:00,23.2548,23.284000000000002,23.1088,23.1477,29654.48299999994,1.0,0.0,0.0
2016-01-07,11:42:00,23.1574,23.2451,23.138,23.1867,34712.93999999994,1.0,0.0,0.0
2016-01-07,11:49:00,23.1867,23.2548,23.0504,23.0893,37438.429999999935,1.0,0.0,0.0
2016-01-07,11:56:00,23.099,23.133000000000003,23.0601,23.0893,24540.509999999937,1.0,0.0,0.0
2016-01-07,12:03:00,23.0796,23.1185,23.0163,23.0601,50555.179999999935,1.0,0.0,0.0
2016-01-07,12:10:00,23.0601,23.0601,22.9433,22.953000000000003,34374.98999999994,1.0,0.0,0.0
2016-01-07,12:17:00,22.953000000000003,22.9725,22.8752,22.9433,96291.18999999993,1.0,0.0,0.0
2016-01-07,12:24:00,22.953000000000003,22.9628,22.8849,22.8849,44150.919999999925,1.0,0.0,0.0
2016-01-07,12:31:00,22.8946,22.9238,22.8419,22.8635,36613.50999999994,1.0,0.0,0.0
2016-01-07,12:38:00,22.8654,22.8849,22.6805,22.7194,52069.47999999993,1.0,0.0,0.0
2016-01-07,12:45:00,22.7194,22.8654,22.6805,22.8654,27895.719999999917,1.0,0.0,0.0
2016-01-07,12:52:00,22.8654,22.9141,22.7681,22.7973,46361.64999999993,1.0,0.0,0.0
2016-01-07,12:59:00,22.7973,22.8362,22.7121,22.7389,26984.489999999932,1.0,0.0,0.0
2016-01-07,13:06:00,22.7389,22.7389,22.6123,22.6221,44520.72999999994,1.0,0.0,0.0
2016-01-07,13:13:00,22.6221,22.6318,22.4566,22.4761,63760.319999999934,1.0,0.0,0.0
2016-01-07,13:20:00,22.4955,22.5442,22.4761,22.5053,37418.91999999991,1.0,0.0,0.0
2016-01-07,13:27:00,22.5053,22.6123,22.4955,22.5734,40060.14999999991,1.0,0.0,0.0
2016-01-07,13:34:00,22.5794,22.581999999999997,22.4274,22.4566,34079.12999999992,1.0,0.0,0.0
2016-01-07,13:41:00,22.4761,22.4857,22.3992,22.4274,49827.919999999925,1.0,0.0,0.0
2016-01-07,13:48:00,22.4274,22.515,22.4177,22.5053,26522.199999999913,1.0,0.0,0.0
2016-01-07,13:55:00,22.5053,22.5442,22.4663,22.4761,24722.32999999991,1.0,0.0,0.0
2016-01-07,14:02:00,22.4761,22.5345,22.4512,22.4761,36076.22999999991,1.0,0.0,0.0
2016-01-07,14:09:00,22.4809,22.5199,22.4469,22.4663,36398.80999999992,1.0,0.0,0.0
2016-01-07,14:16:00,22.4566,22.5247,22.4274,22.4566,34938.97999999991,1.0,0.0,0.0
2016-01-07,14:23:00,22.4566,22.4858,22.4274,22.4274,38146.24999999993,1.0,0.0,0.0
2016-01-07,14:30:00,22.4177,22.4274,22.3252,22.3495,45558.329999999914,1.0,0.0,0.0
2016-01-07,14:37:00,22.3398,22.3982,22.2911,22.3894,52294.419999999925,1.0,0.0,0.0
2016-01-07,14:44:00,22.3885,22.4663,22.3495,22.4469,38717.469999999936,1.0,0.0,0.0
2016-01-07,14:51:00,22.4371,22.5539,22.4274,22.4955,53905.25999999994,1.0,0.0,0.0
2016-01-07,14:58:00,22.4858,22.515,22.3203,22.3203,34961.595999999925,1.0,0.0,0.0
2016-01-07,15:05:00,22.3203,22.3301,22.2132,22.2522,49971.72999999992,1.0,0.0,0.0
2016-01-07,15:12:00,22.2522,22.3008,22.2424,22.2814,51881.48999999991,1.0,0.0,0.0
2016-01-07,15:19:00,22.2717,22.2717,22.1451,22.1938,54033.7399999999,1.0,0.0,0.0
2016-01-07,15:26:00,22.184,22.184,22.076999999999998,22.076999999999998,36077.2599999999,1.0,0.0,0.0
2016-01-07,15:33:00,22.076999999999998,22.1548,22.0672,22.1548,88376.8599999999,1.0,0.0,0.0
2016-01-07,15:40:00,22.1646,22.2741,22.1646,22.2231,99205.69999999988,1.0,0.0,0.0
2016-01-07,15:47:00,22.2327,22.2619,22.1646,22.2424,138993.6999999999,1.0,0.0,0.0
2016-01-07,15:54:00,22.2424,22.2911,22.2035,22.2327,140323.09999999986,1.0,0.0,0.0
2016-01-08,09:31:00,22.2327,22.3885,22.1646,22.2035,261922.34999999992,1.0,0.0,0.0
2016-01-08,09:38:00,22.23,22.4468,22.1451,22.3008,131431.5699999999,1.0,0.0,0.0
2016-01-08,09:45:00,22.2911,22.4469,22.1451,22.184,52610.839999999924,1.0,0.0,0.0
2016-01-08,09:52:00,22.1743,22.4177,22.1646,22.184,33401.08999999993,1.0,0.0,0.0
2016-01-08,09:59:00,22.223000000000003,22.2619,22.1062,22.2132,72506.8799999999,1.0,0.0,0.0
2016-01-08,10:06:00,22.1743,22.1743,21.9118,22.038,97014.46199999991,1.0,0.0,0.0
2016-01-08,10:13:00,22.0283,22.0283,21.7947,21.8336,105294.73999999993,1.0,0.0,0.0
2016-01-08,10:20:00,21.8433,22.0478,21.8044,21.930999999999997,39501.299999999916,1.0,0.0,0.0
2016-01-08,10:27:00,21.9407,22.1743,21.8336,22.1354,84635.33999999992,1.0,0.0,0.0
2016-01-08,10:34:00,22.1354,22.1548,21.9991,22.0478,78614.21999999991,1.0,0.0,0.0
2016-01-08,10:41:00,22.0478,22.076999999999998,21.9115,21.9407,71209.44999999991,1.0,0.0,0.0
2016-01-08,10:48:00,21.9602,22.1938,21.9212,22.0867,93420.00999999991,1.0,0.0,0.0
2016-01-08,10:55:00,22.0964,22.1377,22.0088,22.1062,49430.30999999991,1.0,0.0,0.0
2016-01-08,11:02:00,22.1062,22.1787,22.038,22.0478,58460.40999999993,1.0,0.0,0.0
2016-01-08,11:09:00,22.0867,22.1256,22.0186,22.1256,41343.279999999926,1.0,0.0,0.0
2016-01-08,11:16:00,22.1256,22.2327,22.0867,22.2035,80590.82999999991,1.0,0.0,0.0
2016-01-08,11:23:00,22.2132,22.3008,22.1938,22.2132,37274.07999999991,1.0,0.0,0.0
2016-01-08,11:30:00,22.2132,22.2327,22.0964,22.1603,31124.5719999999,1.0,0.0,0.0
2016-01-08,11:37:00,22.1548,22.184,22.0867,22.184,45107.379999999896,1.0,0.0,0.0
2016-01-08,11:44:00,22.1743,22.3885,22.1743,22.3593,68137.74999999988,1.0,0.0,0.0
2016-01-08,11:51:00,22.3495,22.369,22.2862,22.3495,32731.289999999888,1.0,0.0,0.0
2016-01-08,11:58:00,22.3495,22.5053,22.3398,22.4469,68755.09999999987,1.0,0.0,0.0
2016-01-08,12:05:00,22.4469,22.5101,22.3398,22.3787,58999.78999999988,1.0,0.0,0.0
2016-01-08,12:12:00,22.3982,22.4615,22.3787,22.4054,44697.449999999866,1.0,0.0,0.0
2016-01-08,12:19:00,22.3982,22.4712,22.3787,22.4663,113071.41999999988,1.0,0.0,0.0
2016-01-08,12:26:00,22.4761,22.5053,22.4323,22.4663,71542.21999999987,1.0,0.0,0.0
2016-01-08,12:33:00,22.4663,22.5345,22.4566,22.4566,38166.81999999986,1.0,0.0,0.0
2016-01-08,12:40:00,22.4566,22.4955,22.4274,22.4274,31327.985999999866,1.0,0.0,0.0
2016-01-08,12:47:00,22.4274,22.5734,22.3982,22.5734,21947.569999999865,1.0,0.0,0.0
2016-01-08,12:54:00,22.5637,22.5734,22.4858,22.5247,24989.45799999986,1.0,0.0,0.0
2016-01-08,13:01:00,22.5247,22.5539,22.4663,22.5442,18039.656799999862,1.0,0.0,0.0
2016-01-08,13:08:00,22.5442,22.6123,22.4274,22.4663,51627.75999999987,1.0,0.0,0.0
2016-01-08,13:15:00,22.4663,22.4955,22.4274,22.4663,36418.319999999876,1.0,0.0,0.0
2016-01-08,13:22:00,22.4761,22.5053,22.4469,22.4663,39553.67999999987,1.0,0.0,0.0
2016-01-08,13:29:00,22.4663,22.4858,22.4079,22.4761,40821.39999999987,1.0,0.0,0.0
2016-01-08,13:36:00,22.4761,22.515,22.4469,22.5053,42839.04999999987,1.0,0.0,0.0
2016-01-08,13:43:00,22.5053,22.6026,22.4955,22.6026,48720.47999999988,1.0,0.0,0.0
2016-01-08,13:50:00,22.6026,22.6221,22.5637,22.5807,30401.339999999887,1.0,0.0,0.0
2016-01-08,13:57:00,22.5831,22.588,22.4955,22.5247,69143.3899999999,1.0,0.0,0.0
2016-01-08,14:04:00,22.5247,22.7194,22.515,22.7194,63748.99999999988,1.0,0.0,0.0
2016-01-08,14:11:00,22.7291,22.9433,22.7291,22.8654,55650.6699999999,1.0,0.0,0.0
2016-01-08,14:18:00,22.8654,22.8849,22.7389,22.8752,81973.5899999999,1.0,0.0,0.0
2016-01-08,14:25:00,22.8654,22.9628,22.8557,22.8752,48888.8599999999,1.0,0.0,0.0
2016-01-08,14:32:00,22.8664,22.9725,22.8567,22.9628,47183.559999999896,1.0,0.0,0.0
2016-01-08,14:39:00,22.953000000000003,22.953000000000003,22.8557,22.8654,40860.4299999999,1.0,0.0,0.0
2016-01-08,14:46:00,22.8703,22.991999999999997,22.846,22.953000000000003,35488.659999999894,1.0,0.0,0.0
2016-01-08,14:53:00,22.9627,22.9627,22.8557,22.8849,32052.2399999999,1.0,0.0,0.0
2016-01-08,15:00:00,22.8946,22.9238,22.8557,22.8946,46283.559999999896,1.0,0.0,0.0
2016-01-08,15:07:00,22.8946,23.0212,22.88,22.9822,43089.7199999999,1.0,0.0,0.0
2016-01-08,15:14:00,22.9822,22.9822,22.8995,22.9433,72608.61999999992,1.0,0.0,0.0
2016-01-08,15:21:00,22.953000000000003,23.0212,22.953000000000003,22.9628,65314.67999999993,1.0,0.0,0.0
2016-01-08,15:28:00,22.9628,23.0017,22.8022,22.8022,80550.77999999991,1.0,0.0,0.0
2016-01-08,15:35:00,22.807,22.807,22.5637,22.5831,165301.1199999999,1.0,0.0,0.0
2016-01-08,15:42:00,22.5831,22.6415,22.515,22.515,229887.4999999999,1.0,0.0,0.0
2016-01-08,15:49:00,22.5247,22.5393,22.4858,22.5101,223559.1,1.0,0.0,0.0
2016-01-08,15:56:00,22.5149,22.5247,22.4079,22.4274,230662.20000000004,1.0,0.0,0.0
2016-01-11,09:33:00,22.4225,23.1672,22.3982,23.0309,302287.23000000004,1.0,0.0,0.0
2016-01-11,09:40:00,23.0309,23.1867,22.6707,22.6902,138913.54,1.0,0.0,0.0
2016-01-11,09:47:00,22.6707,22.6707,22.0964,22.3398,179379.50000000003,1.0,0.0,0.0
2016-01-11,09:54:00,22.3495,22.4469,22.1743,22.4469,49005.010000000046,1.0,0.0,0.0
2016-01-11,10:01:00,22.4516,22.4516,22.2911,22.3008,63079.26000000006,1.0,0.0,0.0
2016-01-11,10:08:00,22.3203,22.3398,22.0672,22.0672,53809.830000000075,1.0,0.0,0.0
2016-01-11,10:15:00,22.076999999999998,22.1159,21.8531,21.8725,99645.44000000008,1.0,0.0,0.0
2016-01-11,10:22:00,21.8725,22.0575,21.8336,22.0575,79314.87000000008,1.0,0.0,0.0
2016-01-11,10:29:00,22.038,22.0478,21.9017,21.9699,38078.45000000011,1.0,0.0,0.0
2016-01-11,10:36:00,21.9631,22.3203,21.9631,22.3106,43586.91000000012,1.0,0.0,0.0
2016-01-11,10:43:00,22.3106,22.3593,22.1938,22.2716,43783.15000000011,1.0,0.0,0.0
2016-01-11,10:50:00,22.2716,22.3203,22.076999999999998,22.076999999999998,79198.8000000001,1.0,0.0,0.0
2016-01-11,10:57:00,22.0866,22.0866,21.8531,21.9212,56290.7060000001,1.0,0.0,0.0
2016-01-11,11:04:00,21.9407,21.9602,21.8628,21.8726,46865.0800000001,1.0,0.0,0.0
2016-01-11,11:11:00,21.8725,22.0089,21.8336,22.0089,66055.33000000012,1.0,0.0,0.0
2016-01-11,11:18:00,22.0283,22.0964,21.9504,22.0478,30397.22000000013,1.0,0.0,0.0
2016-01-11,11:25:00,22.0546,22.1646,22.0283,22.1548,58323.71000000014,1.0,0.0,0.0
2016-01-11,11:32:00,22.1548,22.1548,21.9894,22.0186,39938.92000000014,1.0,0.0,0.0
2016-01-11,11:39:00,22.0186,22.0964,21.9699,22.0575,23150.550000000138,1.0,0.0,0.0
2016-01-11,11:46:00,22.0575,22.1256,21.9504,21.9699,22878.314000000137,1.0,0.0,0.0
2016-01-11,11:53:00,21.9407,22.1062,21.9115,22.0672,45673.37000000015,1.0,0.0,0.0
2016-01-11,12:00:00,22.0672,22.1255,22.0478,22.076999999999998,25869.857000000153,1.0,0.0,0.0
2016-01-11,12:07:00,22.0672,22.0867,21.9796,21.9796,60458.52000000016,1.0,0.0,0.0
2016-01-11,12:14:00,21.9796,22.0186,21.930999999999997,21.9407,27255.700000000157,1.0,0.0,0.0
2016-01-11,12:21:00,21.9311,21.9991,21.8433,21.8823,19309.420000000155,1.0,0.0,0.0
2016-01-11,12:28:00,21.8725,21.9856,21.8531,21.892,37818.55000000016,1.0,0.0,0.0
2016-01-11,12:35:00,21.892,22.0186,21.8725,22.0186,48420.48000000016,1.0,0.0,0.0
2016-01-11,12:42:00,22.0088,22.0088,21.8433,21.9017,34786.98000000016,1.0,0.0,0.0
2016-01-11,12:49:00,21.9064,21.9504,21.8823,21.930999999999997,65568.42000000016,1.0,0.0,0.0
2016-01-11,12:56:00,21.9212,21.9796,21.8336,21.8823,50672.41000000015,1.0,0.0,0.0
2016-01-11,13:03:00,21.8823,21.9504,21.8531,21.9504,49728.20000000014,1.0,0.0,0.0
2016-01-11,13:10:00,21.9504,21.9796,21.9115,21.9407,26548.900000000136,1.0,0.0,0.0
2016-01-11,13:17:00,21.930999999999997,21.9699,21.7849,21.8433,54203.200000000135,1.0,0.0,0.0
2016-01-11,13:24:00,21.8433,21.9407,21.8433,21.8433,26087.640000000138,1.0,0.0,0.0
2016-01-11,13:31:00,21.8433,21.8725,21.7947,21.8531,38344.60000000014,1.0,0.0,0.0
2016-01-11,13:38:00,21.8433,21.8628,21.746,21.7655,35227.66000000013,1.0,0.0,0.0
2016-01-11,13:45:00,21.7654,21.8628,21.7654,21.7752,25196.970000000132,1.0,0.0,0.0
2016-01-11,13:52:00,21.7655,21.7849,21.6779,21.6876,31506.680000000135,1.0,0.0,0.0
2016-01-11,13:59:00,21.6876,21.7363,21.6681,21.6973,42934.590000000135,1.0,0.0,0.0
2016-01-11,14:06:00,21.6973,21.7168,21.6097,21.7071,42847.26000000014,1.0,0.0,0.0
2016-01-11,14:13:00,21.7071,21.7557,21.6779,21.7168,58004.270000000135,1.0,0.0,0.0
2016-01-11,14:20:00,21.7168,21.7947,21.6973,21.7363,23252.260000000133,1.0,0.0,0.0
2016-01-11,14:27:00,21.7328,21.8044,21.6876,21.7557,30622.200000000135,1.0,0.0,0.0
2016-01-11,14:34:00,21.7557,21.8141,21.7557,21.7655,29127.467000000135,1.0,0.0,0.0
2016-01-11,14:41:00,21.7752,21.9017,21.7557,21.8725,33835.65000000014,1.0,0.0,0.0
2016-01-11,14:48:00,21.8725,21.9407,21.8628,21.9017,26653.680000000135,1.0,0.0,0.0
2016-01-11,14:55:00,21.892,21.9115,21.8433,21.8628,25750.68000000013,1.0,0.0,0.0
2016-01-11,15:02:00,21.8725,21.9699,21.8628,21.9017,58959.700000000135,1.0,0.0,0.0
2016-01-11,15:09:00,21.9017,21.930999999999997,21.7947,21.8044,43170.88000000013,1.0,0.0,0.0
2016-01-11,15:16:00,21.8044,21.8336,21.7168,21.746,74790.60000000012,1.0,0.0,0.0
2016-01-11,15:23:00,21.7363,21.8433,21.6779,21.8239,71881.21000000011,1.0,0.0,0.0
2016-01-11,15:30:00,21.8239,21.9504,21.8044,21.9115,92419.28000000014,1.0,0.0,0.0
2016-01-11,15:37:00,21.9115,22.0356,21.9115,22.0088,95119.19000000012,1.0,0.0,0.0
2016-01-11,15:44:00,22.0088,22.1354,22.0088,22.0575,157134.0900000002,1.0,0.0,0.0
2016-01-11,15:51:00,22.0624,22.0867,21.9602,22.0575,190919.3000000002,1.0,0.0,0.0
2016-01-11,15:58:00,22.0575,22.0672,21.9991,22.0478,186804.9000000002,1.0,0.0,0.0
2016-01-12,09:35:00,22.0575,23.3035,21.9991,22.4371,142246.1640000002,1.0,0.0,0.0
2016-01-12,09:42:00,22.4365,22.5637,22.2814,22.3594,106556.1500000002,1.0,0.0,0.0
2016-01-12,09:49:00,22.369,22.4761,22.3593,22.3885,132715.73000000019,1.0,0.0,0.0
2016-01-12,09:56:00,22.4079,22.4761,22.1743,22.184,84538.89000000016,1.0,0.0,0.0
2016-01-12,10:03:00,22.1889,22.2814,21.9699,21.9699,50387.67000000015,1.0,0.0,0.0
2016-01-12,10:10:00,21.9699,22.0575,21.8239,21.8725,64955.12000000015,1.0,0.0,0.0
2016-01-12,10:17:00,21.8628,21.892,21.5805,21.5805,68105.88000000012,1.0,0.0,0.0
2016-01-12,10:24:00,21.5709,21.6097,21.2204,21.2301,158739.70000000016,1.0,0.0,0.0
2016-01-12,10:31:00,21.2204,21.5319,21.2106,21.5221,95200.28000000012,1.0,0.0,0.0
2016-01-12,10:38:00,21.5319,21.6389,21.4442,21.4822,65820.02000000014,1.0,0.0,0.0
2016-01-12,10:45:00,21.4832,21.5416,21.3858,21.4053,39469.48000000013,1.0,0.0,0.0
2016-01-12,10:52:00,21.4053,21.4442,21.2457,21.2788,78614.37000000014,1.0,0.0,0.0
2016-01-12,10:59:00,21.269000000000002,21.415,21.269000000000002,21.375999999999998,45204.94000000012,1.0,0.0,0.0
2016-01-12,11:06:00,21.3566,21.5903,21.3396,21.4345,34080.16000000012,1.0,0.0,0.0
2016-01-12,11:13:00,21.4199,21.4637,21.308000000000003,21.3177,38619.91800000012,1.0,0.0,0.0
2016-01-12,11:20:00,21.3177,21.3177,21.2009,21.2204,64445.560000000114,1.0,0.0,0.0
2016-01-12,11:27:00,21.2106,21.2106,21.0159,21.0159,85438.6900000001,1.0,0.0,0.0
2016-01-12,11:34:00,21.0257,21.0451,20.8602,20.8878,87099.79000000012,1.0,0.0,0.0
2016-01-12,11:41:00,20.8894,20.8991,20.646,20.8018,107248.70000000014,1.0,0.0,0.0
2016-01-12,11:48:00,20.8115,20.9478,20.7823,20.9429,106977.44000000012,1.0,0.0,0.0
2016-01-12,11:55:00,20.9478,21.0062,20.8407,20.8738,73092.4900000001,1.0,0.0,0.0
2016-01-12,12:02:00,20.8699,20.9186,20.7823,20.8797,43417.40000000011,1.0,0.0,0.0
2016-01-12,12:09:00,20.8894,21.0354,20.8797,20.8797,117129.35000000011,1.0,0.0,0.0
2016-01-12,12:16:00,20.8699,20.8699,20.6168,20.6266,84796.72000000009,1.0,0.0,0.0
2016-01-12,12:23:00,20.6266,20.6266,20.4903,20.5497,65979.38000000009,1.0,0.0,0.0
2016-01-12,12:30:00,20.539,20.6167,20.5098,20.5487,46065.86000000009,1.0,0.0,0.0
2016-01-12,12:37:00,20.5292,20.5876,20.2762,20.354,74272.92400000009,1.0,0.0,0.0
2016-01-12,12:44:00,20.3638,20.4416,20.3638,20.3832,43786.23000000008,1.0,0.0,0.0
2016-01-12,12:51:00,20.3638,20.5292,20.354,20.4708,52032.47000000009,1.0,0.0,0.0
2016-01-12,12:58:00,20.4611,20.4806,20.3054,20.3324,36585.780000000086,1.0,0.0,0.0
2016-01-12,13:05:00,20.3248,20.5,20.3054,20.4514,44964.62000000009,1.0,0.0,0.0
2016-01-12,13:12:00,20.4514,20.5098,20.3832,20.5098,32278.250000000084,1.0,0.0,0.0
2016-01-12,13:19:00,20.5292,20.5876,20.4611,20.4708,51574.32000000008,1.0,0.0,0.0
2016-01-12,13:26:00,20.4708,20.4708,20.2762,20.2956,41435.73200000008,1.0,0.0,0.0
2016-01-12,13:33:00,20.2925,20.3248,20.2567,20.2762,39536.2200000001,1.0,0.0,0.0
2016-01-12,13:40:00,20.2664,20.4269,20.2615,20.4027,40963.2000000001,1.0,0.0,0.0
2016-01-12,13:47:00,20.4027,20.5292,20.4027,20.4611,45426.8400000001,1.0,0.0,0.0
2016-01-12,13:54:00,20.4611,20.4854,20.4027,20.417,40287.250000000095,1.0,0.0,0.0
2016-01-12,14:01:00,20.4222,20.4222,20.2762,20.2859,40475.20000000008,1.0,0.0,0.0
2016-01-12,14:08:00,20.2859,20.2956,20.0912,20.1691,116970.23000000008,1.0,0.0,0.0
2016-01-12,14:15:00,20.1691,20.3714,20.1642,20.208,66085.19000000009,1.0,0.0,0.0
2016-01-12,14:22:00,20.208,20.208,20.0912,20.1496,52819.40000000009,1.0,0.0,0.0
2016-01-12,14:29:00,20.1437,20.2762,20.1228,20.208,111345.43000000008,1.0,0.0,0.0
2016-01-12,14:36:00,20.1983,20.3443,20.1788,20.2956,53017.70000000007,1.0,0.0,0.0
2016-01-12,14:43:00,20.2956,20.3443,20.2372,20.3248,68741.81000000006,1.0,0.0,0.0
2016-01-12,14:50:00,20.3248,20.3443,20.2689,20.3443,51505.48000000006,1.0,0.0,0.0
2016-01-12,14:57:00,20.3443,20.5638,20.337,20.5487,62492.67000000006,1.0,0.0,0.0
2016-01-12,15:04:00,20.5438,20.6168,20.5025,20.5876,109017.72000000006,1.0,0.0,0.0
2016-01-12,15:11:00,20.5876,20.7823,20.5487,20.7629,133997.8000000001,1.0,0.0,0.0
2016-01-12,15:18:00,20.7531,21.0062,20.7239,20.9478,134018.30000000013,1.0,0.0,0.0
2016-01-12,15:25:00,20.9575,21.3469,20.9575,21.2398,180980.09000000017,1.0,0.0,0.0
2016-01-12,15:32:00,21.2398,21.3274,21.0354,21.0734,152482.30000000016,1.0,0.0,0.0
2016-01-12,15:39:00,21.0744,21.2301,21.0354,21.0646,141501.30000000016,1.0,0.0,0.0
2016-01-12,15:46:00,21.0646,21.3274,21.0361,21.2106,224608.00000000017,1.0,0.0,0.0
2016-01-12,15:53:00,21.2204,21.3177,21.2131,21.2418,247317.90000000017,1.0,0.0,0.0
2016-01-13,09:30:00,21.2496,21.5027,21.2033,21.5027,350976.70000000007,1.0,0.0,0.0
2016-01-13,09:37:00,21.4248,21.5319,20.9381,21.0062,168944.05000000013,1.0,0.0,0.0
2016-01-13,09:44:00,20.9867,21.6584,20.9867,21.454,82453.38000000016,1.0,0.0,0.0
2016-01-13,09:51:00,21.4588,21.4588,20.8991,20.9283,47295.50000000016,1.0,0.0,0.0
2016-01-13,09:58:00,20.9089,21.1425,20.8115,21.123,76494.85000000018,1.0,0.0,0.0
2016-01-13,10:05:00,21.1133,21.3372,20.9381,21.0159,59150.77000000018,1.0,0.0,0.0
2016-01-13,10:12:00,21.0159,21.0841,20.685,20.7045,77424.60000000018,1.0,0.0,0.0
2016-01-13,10:19:00,20.7142,20.7142,20.3054,20.3346,109262.08000000016,1.0,0.0,0.0
2016-01-13,10:26:00,20.3346,20.5195,20.2664,20.4611,62329.240000000165,1.0,0.0,0.0
2016-01-13,10:33:00,20.4611,20.4708,19.8771,19.8771,113565.55000000015,1.0,0.0,0.0
2016-01-13,10:40:00,19.8771,20.0912,19.8284,20.0912,151364.60000000012,1.0,0.0,0.0
2016-01-13,10:47:00,20.1009,20.4027,20.0523,20.3346,145199.6700000001,1.0,0.0,0.0
2016-01-13,10:54:00,20.3249,20.7531,20.2859,20.5584,91638.56000000011,1.0,0.0,0.0
2016-01-13,11:01:00,20.5682,20.6753,20.4708,20.5682,96174.07000000011,1.0,0.0,0.0
2016-01-13,11:08:00,20.5779,20.6947,20.4027,20.4222,59499.000000000124,1.0,0.0,0.0
2016-01-13,11:15:00,20.4027,20.6655,20.2859,20.6655,77106.13000000012,1.0,0.0,0.0
2016-01-13,11:22:00,20.6753,21.0938,20.6363,20.9673,99690.7400000001,1.0,0.0,0.0
2016-01-13,11:29:00,20.9478,21.0451,20.8018,20.8797,90843.3000000001,1.0,0.0,0.0
2016-01-13,11:36:00,20.8699,20.976999999999997,20.7726,20.9089,61361.55000000011,1.0,0.0,0.0
2016-01-13,11:43:00,20.9186,20.976999999999997,20.685,20.7045,44298.850000000115,1.0,0.0,0.0
2016-01-13,11:50:00,20.7239,20.7531,20.646,20.7531,92199.49000000009,1.0,0.0,0.0
2016-01-13,11:57:00,20.7629,20.7629,20.5876,20.6071,37685.97000000011,1.0,0.0,0.0
2016-01-13,12:04:00,20.6168,20.7434,20.5545,20.5779,30545.160000000113,1.0,0.0,0.0
2016-01-13,12:11:00,20.5876,20.5876,20.4708,20.5195,32675.80830000011,1.0,0.0,0.0
2016-01-13,12:18:00,20.5195,20.5682,20.4681,20.5292,30896.500000000116,1.0,0.0,0.0
2016-01-13,12:25:00,20.5292,20.6266,20.5292,20.6071,32801.15000000012,1.0,0.0,0.0
2016-01-13,12:32:00,20.6168,20.685,20.4708,20.5,42919.17900000012,1.0,0.0,0.0
2016-01-13,12:39:00,20.4903,20.6704,20.4806,20.6558,30015.070000000123,1.0,0.0,0.0
2016-01-13,12:46:00,20.646,20.7045,20.5974,20.685,34042.130000000114,1.0,0.0,0.0
2016-01-13,12:53:00,20.6655,20.7142,20.5682,20.5779,30939.642000000105,1.0,0.0,0.0
2016-01-13,13:00:00,20.5876,20.6558,20.5682,20.5974,29879.470000000125,1.0,0.0,0.0
2016-01-13,13:07:00,20.6022,20.6753,20.539,20.6071,25033.617000000126,1.0,0.0,0.0
2016-01-13,13:14:00,20.6071,20.6947,20.5876,20.6363,35741.330000000125,1.0,0.0,0.0
2016-01-13,13:21:00,20.6363,20.6363,20.4514,20.4806,28704.210000000123,1.0,0.0,0.0
2016-01-13,13:28:00,20.4806,20.5779,20.4708,20.539,26995.790000000125,1.0,0.0,0.0
2016-01-13,13:35:00,20.539,20.6801,20.5292,20.6655,46687.41000000013,1.0,0.0,0.0
2016-01-13,13:42:00,20.6655,20.6947,20.5876,20.685,116398.00000000015,1.0,0.0,0.0
2016-01-13,13:49:00,20.6947,20.7434,20.6655,20.7045,50235.69000000018,1.0,0.0,0.0
2016-01-13,13:56:00,20.6947,20.8164,20.6753,20.7045,45588.10000000017,1.0,0.0,0.0
2016-01-13,14:03:00,20.6947,20.7142,20.6071,20.6751,41056.69000000016,1.0,0.0,0.0
2016-01-13,14:10:00,20.6753,20.6753,20.5779,20.6168,54528.87000000018,1.0,0.0,0.0
2016-01-13,14:17:00,20.6266,20.6558,20.5487,20.5682,43812.93000000017,1.0,0.0,0.0
2016-01-13,14:24:00,20.5682,20.5779,20.4903,20.5098,52265.69000000018,1.0,0.0,0.0
2016-01-13,14:31:00,20.5098,20.539,20.3832,20.4416,81142.52000000016,1.0,0.0,0.0
2016-01-13,14:38:00,20.4319,20.4319,20.2762,20.354,45433.02000000018,1.0,0.0,0.0
2016-01-13,14:45:00,20.3735,20.4076,20.1496,20.208,55581.91000000018,1.0,0.0,0.0
2016-01-13,14:52:00,20.208,20.2762,20.1496,20.2372,68026.77000000018,1.0,0.0,0.0
2016-01-13,14:59:00,20.2275,20.393,20.2275,20.2738,63730.490000000165,1.0,0.0,0.0
2016-01-13,15:06:00,20.2859,20.3735,20.2664,20.3638,61497.200000000164,1.0,0.0,0.0
2016-01-13,15:13:00,20.3638,20.4076,20.2177,20.2372,62419.60000000016,1.0,0.0,0.0
2016-01-13,15:20:00,20.2362,20.3151,20.1496,20.2858,114366.94000000016,1.0,0.0,0.0
2016-01-13,15:27:00,20.2859,20.539,20.2664,20.4806,95603.09000000013,1.0,0.0,0.0
2016-01-13,15:34:00,20.4708,20.5974,20.4708,20.5876,58264.15000000014,1.0,0.0,0.0
2016-01-13,15:41:00,20.5828,20.5876,20.4222,20.4903,98471.15000000014,1.0,0.0,0.0
2016-01-13,15:48:00,20.5,20.5098,20.3346,20.3443,119416.14000000014,1.0,0.0,0.0
2016-01-13,15:55:00,20.3443,20.4514,20.3346,20.4124,173082.10000000015,1.0,0.0,0.0
2016-01-14,09:32:00,20.4124,20.539,20.3151,20.3832,237545.99000000022,1.0,0.0,0.0
2016-01-14,09:39:00,20.3832,20.539,20.2567,20.539,64223.60000000018,1.0,0.0,0.0
2016-01-14,09:46:00,20.539,20.9478,20.5253,20.8804,109998.76000000017,1.0,0.0,0.0
2016-01-14,09:53:00,20.8893,20.8893,20.5195,20.5828,62592.15000000015,1.0,0.0,0.0
2016-01-14,10:00:00,20.5682,20.5876,20.1885,20.3151,97023.86000000013,1.0,0.0,0.0
2016-01-14,10:07:00,20.3054,20.393,20.1788,20.3248,87351.61000000015,1.0,0.0,0.0
2016-01-14,10:14:00,20.354,20.8894,20.3443,20.8018,133571.64000000013,1.0,0.0,0.0
2016-01-14,10:21:00,20.8018,20.9867,20.7629,20.8991,112834.15000000014,1.0,0.0,0.0
2016-01-14,10:28:00,20.8991,21.3761,20.8991,21.3566,113677.59000000011,1.0,0.0,0.0
2016-01-14,10:35:00,21.3761,21.5027,21.2593,21.3469,118025.04000000011,1.0,0.0,0.0
2016-01-14,10:42:00,21.3664,21.3858,21.0549,21.1522,80811.80000000012,1.0,0.0,0.0
2016-01-14,10:49:00,21.162,21.4248,21.1036,21.415,188367.53000000012,1.0,0.0,0.0
2016-01-14,10:56:00,21.4248,21.4345,21.162,21.2204,141402.83000000013,1.0,0.0,0.0
2016-01-14,11:03:00,21.2106,21.2885,20.9673,21.0062,147575.00000000012,1.0,0.0,0.0
2016-01-14,11:10:00,21.0159,21.0646,20.685,20.7045,87337.08000000013,1.0,0.0,0.0
2016-01-14,11:17:00,20.7142,21.0062,20.6947,20.976999999999997,87534.59000000014,1.0,0.0,0.0
2016-01-14,11:24:00,20.976999999999997,20.976999999999997,20.5779,20.5974,66038.89000000012,1.0,0.0,0.0
2016-01-14,11:31:00,20.6071,20.6168,20.3881,20.4708,81836.89000000012,1.0,0.0,0.0
2016-01-14,11:38:00,20.4707,20.4708,20.2762,20.2762,92573.45000000011,1.0,0.0,0.0
2016-01-14,11:45:00,20.2762,20.3638,20.1691,20.247,80571.3800000001,1.0,0.0,0.0
2016-01-14,11:52:00,20.2664,20.5146,20.247,20.4416,84379.56000000011,1.0,0.0,0.0
2016-01-14,11:59:00,20.4353,20.5779,20.4353,20.5292,51721.26000000012,1.0,0.0,0.0
2016-01-14,12:06:00,20.539,20.6753,20.539,20.6266,58285.68000000011,1.0,0.0,0.0
2016-01-14,12:13:00,20.6266,20.6363,20.5292,20.5765,43458.5200000001,1.0,0.0,0.0
2016-01-14,12:20:00,20.5779,20.8018,20.5779,20.7921,62753.590000000106,1.0,0.0,0.0
2016-01-14,12:27:00,20.7921,20.8894,20.7486,20.8602,44633.82000000011,1.0,0.0,0.0
2016-01-14,12:34:00,20.8602,20.9089,20.8018,20.8699,38523.29000000011,1.0,0.0,0.0
2016-01-14,12:41:00,20.8797,20.9673,20.8213,20.9673,74417.66000000012,1.0,0.0,0.0
2016-01-14,12:48:00,20.9673,21.0451,20.8894,20.976999999999997,34168.500000000124,1.0,0.0,0.0
2016-01-14,12:55:00,20.976999999999997,21.0354,20.8797,20.9575,65956.78000000013,1.0,0.0,0.0
2016-01-14,13:02:00,20.9575,21.0062,20.8602,20.9283,35827.61000000012,1.0,0.0,0.0
2016-01-14,13:09:00,20.9478,21.0841,20.9478,21.0257,40807.017000000116,1.0,0.0,0.0
2016-01-14,13:16:00,21.0354,21.1717,21.0159,21.1328,36248.810000000136,1.0,0.0,0.0
2016-01-14,13:23:00,21.1328,21.415,21.1133,21.3469,39330.76000000014,1.0,0.0,0.0
2016-01-14,13:30:00,21.3469,21.3664,21.2398,21.3031,46398.70000000014,1.0,0.0,0.0
2016-01-14,13:37:00,21.2982,21.4442,21.2982,21.3372,47230.81000000014,1.0,0.0,0.0
2016-01-14,13:44:00,21.3372,21.3372,21.162,21.162,50481.240000000136,1.0,0.0,0.0
2016-01-14,13:51:00,21.1717,21.2106,21.0938,21.2009,56518.77000000014,1.0,0.0,0.0
2016-01-14,13:58:00,21.2009,21.3469,21.1912,21.3274,44241.30000000014,1.0,0.0,0.0
2016-01-14,14:05:00,21.3177,21.3274,21.1814,21.2495,44923.480000000134,1.0,0.0,0.0
2016-01-14,14:12:00,21.2451,21.3858,21.2398,21.3761,75638.10000000014,1.0,0.0,0.0
2016-01-14,14:19:00,21.3858,21.6389,21.3858,21.5221,234981.98000000013,1.0,0.0,0.0
2016-01-14,14:26:00,21.5319,21.6097,21.5027,21.5611,83866.92000000011,1.0,0.0,0.0
2016-01-14,14:33:00,21.5708,21.6584,21.5319,21.6195,87281.70000000011,1.0,0.0,0.0
2016-01-14,14:40:00,21.6195,21.6973,21.6,21.6876,133831.30000000013,1.0,0.0,0.0
2016-01-14,14:47:00,21.6876,21.7655,21.6779,21.7557,58661.73000000014,1.0,0.0,0.0
2016-01-14,14:54:00,21.7557,21.9504,21.7557,21.9504,61402.68000000013,1.0,0.0,0.0
2016-01-14,15:01:00,21.9456,22.0575,21.9115,21.9699,99195.53000000013,1.0,0.0,0.0
2016-01-14,15:08:00,21.9796,22.1548,21.9796,22.1159,131602.24000000014,1.0,0.0,0.0
2016-01-14,15:15:00,22.1062,22.1792,22.0672,22.1548,124263.01000000011,1.0,0.0,0.0
2016-01-14,15:22:00,22.1548,22.2035,22.111,22.1597,155946.40000000008,1.0,0.0,0.0
2016-01-14,15:29:00,22.1646,22.2327,22.1354,22.1354,167905.20000000013,1.0,0.0,0.0
2016-01-14,15:36:00,22.1402,22.15,21.9504,22.0088,342139.8000000001,1.0,0.0,0.0
2016-01-14,15:43:00,22.0088,22.076999999999998,21.9602,22.076999999999998,145229.6000000001,1.0,0.0,0.0
2016-01-14,15:50:00,22.076999999999998,22.184,22.0575,22.1646,189776.0000000001,1.0,0.0,0.0
2016-01-14,15:57:00,22.1694,22.2619,22.1451,22.184,321909.20000000007,1.0,0.0,0.0
2016-01-15,09:34:00,22.1889,22.223000000000003,20.4222,20.8797,185037.91300000006,1.0,0.0,0.0
2016-01-15,09:41:00,20.9283,21.4637,20.8991,21.0257,187174.2500000001,1.0,0.0,0.0
2016-01-15,09:48:00,21.0257,21.6097,21.0257,21.5124,79338.5100000001,1.0,0.0,0.0
2016-01-15,09:55:00,21.4929,21.4929,21.0646,21.0646,66679.92000000009,1.0,0.0,0.0
2016-01-15,10:02:00,21.0646,21.0744,20.7239,20.8213,64222.57000000008,1.0,0.0,0.0
2016-01-15,10:09:00,20.8505,20.9478,20.7726,20.9283,53912.50000000009,1.0,0.0,0.0
2016-01-15,10:16:00,20.9478,20.976999999999997,20.6957,20.7239,82580.84000000007,1.0,0.0,0.0
2016-01-15,10:23:00,20.7143,21.1522,20.6947,21.1084,87271.48000000008,1.0,0.0,0.0
2016-01-15,10:30:00,21.1084,21.3566,21.1036,21.2788,123574.63000000008,1.0,0.0,0.0
2016-01-15,10:37:00,21.269000000000002,21.3761,21.1182,21.123,102677.03000000009,1.0,0.0,0.0
2016-01-15,10:44:00,21.1133,21.1715,20.9283,20.9575,109498.51000000008,1.0,0.0,0.0
2016-01-15,10:51:00,20.9478,21.1328,20.9089,21.0354,81979.78000000009,1.0,0.0,0.0
2016-01-15,10:58:00,21.0354,21.1133,20.9381,20.9381,62242.98000000008,1.0,0.0,0.0
2016-01-15,11:05:00,20.9381,20.9867,20.8602,20.8699,92159.41000000006,1.0,0.0,0.0
2016-01-15,11:12:00,20.8699,20.9575,20.8553,20.9381,53833.37000000006,1.0,0.0,0.0
2016-01-15,11:19:00,20.935,21.2301,20.9283,21.160999999999998,48442.01000000005,1.0,0.0,0.0
2016-01-15,11:26:00,21.1522,21.1814,21.0646,21.123,41262.10000000005,1.0,0.0,0.0
2016-01-15,11:33:00,21.1036,21.2982,21.0549,21.269000000000002,55679.41000000005,1.0,0.0,0.0
2016-01-15,11:40:00,21.2496,21.2831,21.0841,21.123,39423.220000000045,1.0,0.0,0.0
2016-01-15,11:47:00,21.123,21.162,21.0159,21.1425,29954.460000000043,1.0,0.0,0.0
2016-01-15,11:54:00,21.1425,21.1425,21.0257,21.0257,37438.440000000046,1.0,0.0,0.0
2016-01-15,12:01:00,21.0257,21.1036,20.976999999999997,21.0354,31936.150000000052,1.0,0.0,0.0
2016-01-15,12:08:00,21.0257,21.0787,20.9478,21.0744,38306.53000000004,1.0,0.0,0.0
2016-01-15,12:15:00,21.0744,21.1425,21.0451,21.0646,38049.70000000005,1.0,0.0,0.0
2016-01-15,12:22:00,21.0695,21.1522,21.0062,21.0159,70352.65000000005,1.0,0.0,0.0
2016-01-15,12:29:00,21.0257,21.0354,20.9381,21.0062,45395.03000000006,1.0,0.0,0.0
2016-01-15,12:36:00,21.0159,21.0257,20.8407,20.8602,60260.27000000007,1.0,0.0,0.0
2016-01-15,12:43:00,20.8602,20.9381,20.8213,20.9186,69285.14000000007,1.0,0.0,0.0
2016-01-15,12:50:00,20.9186,21.0451,20.9186,21.0354,38156.54000000007,1.0,0.0,0.0
2016-01-15,12:57:00,21.0257,21.1814,21.0062,21.162,38623.98000000006,1.0,0.0,0.0
2016-01-15,13:04:00,21.1692,21.2106,21.1036,21.1522,40299.52000000007,1.0,0.0,0.0
2016-01-15,13:11:00,21.1522,21.1522,21.0744,21.0938,95457.10000000008,1.0,0.0,0.0
2016-01-15,13:18:00,21.0882,21.1522,21.0744,21.1522,52813.22000000009,1.0,0.0,0.0
2016-01-15,13:25:00,21.1328,21.2593,21.1328,21.1814,34886.600000000086,1.0,0.0,0.0
2016-01-15,13:32:00,21.1912,21.308000000000003,21.1717,21.3079,51014.450000000084,1.0,0.0,0.0
2016-01-15,13:39:00,21.308000000000003,21.3858,21.269000000000002,21.2788,53778.91000000008,1.0,0.0,0.0
2016-01-15,13:46:00,21.2788,21.3372,21.269000000000002,21.3372,41770.60000000008,1.0,0.0,0.0
2016-01-15,13:53:00,21.3372,21.4734,21.3177,21.4734,70702.99000000009,1.0,0.0,0.0
2016-01-15,14:00:00,21.4734,21.5319,21.4248,21.5319,51263.03000000008,1.0,0.0,0.0
2016-01-15,14:07:00,21.5319,21.5513,21.4637,21.5007,34812.63000000008,1.0,0.0,0.0
2016-01-15,14:14:00,21.4929,21.5221,21.4637,21.4929,32472.410000000065,1.0,0.0,0.0
2016-01-15,14:21:00,21.4832,21.4881,21.3664,21.3956,38986.61000000006,1.0,0.0,0.0
2016-01-15,14:28:00,21.3858,21.3858,21.3177,21.3662,59102.52000000006,1.0,0.0,0.0
2016-01-15,14:35:00,21.3664,21.3664,21.269000000000002,21.2885,71604.86000000006,1.0,0.0,0.0
2016-01-15,14:42:00,21.2788,21.3664,21.269000000000002,21.3469,96021.10000000006,1.0,0.0,0.0
2016-01-15,14:49:00,21.3468,21.3566,21.2544,21.3469,49074.85000000006,1.0,0.0,0.0
2016-01-15,14:56:00,21.3469,21.4929,21.2982,21.4637,66281.32000000007,1.0,0.0,0.0
2016-01-15,15:03:00,21.454,21.5026,21.3858,21.4345,48588.930000000066,1.0,0.0,0.0
2016-01-15,15:10:00,21.4345,21.5124,21.4345,21.454,77252.94000000006,1.0,0.0,0.0
2016-01-15,15:17:00,21.454,21.454,21.3372,21.3469,82690.69000000006,1.0,0.0,0.0
2016-01-15,15:24:00,21.3469,21.4248,21.2934,21.4248,78546.55000000008,1.0,0.0,0.0
2016-01-15,15:31:00,21.4248,21.454,21.3907,21.415,129131.40000000008,1.0,0.0,0.0
2016-01-15,15:38:00,21.4247,21.4734,21.381,21.4442,98789.7600000001,1.0,0.0,0.0
2016-01-15,15:45:00,21.4442,21.4442,21.3031,21.415,208333.40000000008,1.0,0.0,0.0
2016-01-15,15:52:00,21.415,21.4345,21.342,21.3907,139351.1000000001,1.0,0.0,0.0
2016-01-15,15:59:00,21.3956,21.3956,21.3177,21.3566,171339.80000000005,1.0,0.0,0.0
2016-01-19,09:36:00,21.6389,21.8239,21.1036,21.123,70237.51000000004,1.0,0.0,0.0
2016-01-19,09:43:00,21.1133,21.162,20.6168,20.7337,95687.29000000002,1.0,0.0,0.0
2016-01-19,09:50:00,20.7045,20.8407,20.4708,20.4806,96120.74000000002,1.0,0.0,0.0
2016-01-19,09:57:00,20.4708,20.8505,20.4708,20.8505,80407.99,1.0,0.0,0.0
2016-01-19,10:04:00,20.8505,21.2885,20.8505,21.2593,89333.37000000001,1.0,0.0,0.0
2016-01-19,10:11:00,21.2739,21.4734,21.0159,21.1425,137262.68000000002,1.0,0.0,0.0
2016-01-19,10:18:00,21.1133,21.3761,21.0646,21.2788,46009.36000000003,1.0,0.0,0.0
2016-01-19,10:25:00,21.2885,21.3858,21.1814,21.3664,75527.20000000003,1.0,0.0,0.0
2016-01-19,10:32:00,21.3664,21.6584,21.2885,21.6389,72383.513,1.0,0.0,0.0
2016-01-19,10:39:00,21.6389,21.6594,21.2301,21.2593,66648.03000000004,1.0,0.0,0.0
2016-01-19,10:46:00,21.2593,21.3615,21.1366,21.162,77889.97000000002,1.0,0.0,0.0
2016-01-19,10:53:00,21.1522,21.4637,21.123,21.1328,54016.21000000001,1.0,0.0,0.0
2016-01-19,11:00:00,21.1425,21.2008,21.0744,21.1036,61682.110000000015,1.0,0.0,0.0
2016-01-19,11:07:00,21.0841,21.1522,20.9381,21.0062,87505.61000000002,1.0,0.0,0.0
2016-01-19,11:14:00,21.0062,21.0744,20.831,20.8991,76746.65999999999,1.0,0.0,0.0
2016-01-19,11:21:00,20.9089,20.9575,20.7921,20.8261,67274.74999999999,1.0,0.0,0.0
2016-01-19,11:28:00,20.831,20.8505,20.6753,20.8407,231865.00000000003,1.0,0.0,0.0
2016-01-19,11:35:00,20.831,21.1133,20.831,20.9478,66280.27000000002,1.0,0.0,0.0
2016-01-19,11:42:00,20.9478,21.0744,20.9186,21.0744,52814.28000000001,1.0,0.0,0.0
2016-01-19,11:49:00,21.0451,21.1328,21.0062,21.123,36562.160000000025,1.0,0.0,0.0
2016-01-19,11:56:00,21.1036,21.1328,20.9186,21.0646,48934.06000000003,1.0,0.0,0.0
2016-01-19,12:03:00,21.0812,21.0812,20.8991,20.9283,30441.400000000027,1.0,0.0,0.0
2016-01-19,12:10:00,20.9381,20.9575,20.7531,20.7629,37306.96000000003,1.0,0.0,0.0
2016-01-19,12:17:00,20.7434,20.8894,20.7142,20.8018,30206.15000000004,1.0,0.0,0.0
2016-01-19,12:24:00,20.7921,20.8115,20.7434,20.7531,34975.97000000003,1.0,0.0,0.0
2016-01-19,12:31:00,20.7531,20.9186,20.7239,20.9185,31771.780000000024,1.0,0.0,0.0
2016-01-19,12:38:00,20.938000000000002,21.0451,20.8894,20.8894,43670.13000000001,1.0,0.0,0.0
2016-01-19,12:45:00,20.8797,20.9283,20.8115,20.8505,23512.170000000006,1.0,0.0,0.0
2016-01-19,12:52:00,20.8675,20.8699,20.7629,20.8505,28987.760000000006,1.0,0.0,0.0
2016-01-19,12:59:00,20.8505,20.8694,20.7921,20.8213,28877.83100000001,1.0,0.0,0.0
2016-01-19,13:06:00,20.831,20.8797,20.7726,20.7921,41691.54000000001,1.0,0.0,0.0
2016-01-19,13:13:00,20.7921,20.8407,20.7921,20.8213,37015.18000000001,1.0,0.0,0.0
2016-01-19,13:20:00,20.8018,20.8018,20.7045,20.7726,43302.38000000002,1.0,0.0,0.0
2016-01-19,13:27:00,20.7921,20.7921,20.5682,20.5682,32919.29000000001,1.0,0.0,0.0
2016-01-19,13:34:00,20.5779,20.6363,20.539,20.5779,18023.21,1.0,0.0,0.0
2016-01-19,13:41:00,20.5779,20.5876,20.4903,20.5098,28959.0,1.0,0.0,0.0
2016-01-19,13:48:00,20.5098,20.5195,20.354,20.3735,82152.37,1.0,0.0,0.0
2016-01-19,13:55:00,20.3735,20.3929,20.1983,20.2372,83629.68999999999,1.0,0.0,0.0
2016-01-19,14:02:00,20.2275,20.2859,20.1301,20.1545,49347.159999999974,1.0,0.0,0.0
2016-01-19,14:09:00,20.1447,20.1885,19.9695,19.9841,54815.509999999966,1.0,0.0,0.0
2016-01-19,14:16:00,19.9841,20.062,19.8868,19.916,60313.57999999996,1.0,0.0,0.0
2016-01-19,14:23:00,19.9063,19.9907,19.8479,19.9907,59274.01999999998,1.0,0.0,0.0
2016-01-19,14:30:00,19.9841,20.0054,19.9355,20.0035,41029.93999999999,1.0,0.0,0.0
2016-01-19,14:37:00,19.9841,19.9939,19.8673,19.8673,62403.26999999999,1.0,0.0,0.0
2016-01-19,14:44:00,19.8673,19.9257,19.7505,19.7505,53098.869999999995,1.0,0.0,0.0
2016-01-19,14:51:00,19.7408,19.7797,19.6921,19.7505,47036.64999999999,1.0,0.0,0.0
2016-01-19,14:58:00,19.7408,19.916,19.730999999999998,19.7992,58379.25999999997,1.0,0.0,0.0
2016-01-19,15:05:00,19.8089,19.9452,19.7797,19.9452,58600.06999999996,1.0,0.0,0.0
2016-01-19,15:12:00,19.9452,19.9647,19.8479,19.9063,53732.71999999994,1.0,0.0,0.0
2016-01-19,15:19:00,19.916,20.0328,19.8576,19.9744,69090.04999999994,1.0,0.0,0.0
2016-01-19,15:26:00,19.9647,20.208,19.9549,20.1885,72975.20999999995,1.0,0.0,0.0
2016-01-19,15:33:00,20.1885,20.3638,20.1691,20.2956,150234.45999999996,1.0,0.0,0.0
2016-01-19,15:40:00,20.3054,20.3054,20.1837,20.1885,115654.03999999998,1.0,0.0,0.0
2016-01-19,15:47:00,20.1885,20.3735,20.1885,20.3346,166554.4,1.0,0.0,0.0
2016-01-19,15:54:00,20.3346,20.393,20.2664,20.3054,199237.4,1.0,0.0,0.0
2016-01-20,09:31:00,20.3054,21.4053,19.5948,19.6921,268529.99999999994,1.0,0.0,0.0
2016-01-20,09:38:00,19.6921,19.7018,18.9426,18.9523,247751.74999999988,1.0,0.0,0.0
2016-01-20,09:45:00,18.9523,19.1373,18.6408,18.962,135508.89999999988,1.0,0.0,0.0
2016-01-20,09:52:00,18.9328,19.2346,18.9231,19.0497,136283.5999999999,1.0,0.0,0.0
2016-01-20,09:59:00,19.0497,19.0691,18.6896,18.7705,116438.90999999989,1.0,0.0,0.0
2016-01-20,10:06:00,18.816,18.9426,18.6116,18.7966,115357.1499999999,1.0,0.0,0.0
2016-01-20,10:13:00,18.8063,18.8647,18.5532,18.6798,120199.99999999991,1.0,0.0,0.0
2016-01-20,10:20:00,18.67,18.7771,18.5143,18.6408,94113.47999999992,1.0,0.0,0.0
2016-01-20,10:27:00,18.67,18.7187,18.5629,18.6506,98119.89999999995,1.0,0.0,0.0
2016-01-20,10:34:00,18.6506,18.7771,18.4753,18.5727,108426.88999999993,1.0,0.0,0.0
2016-01-20,10:41:00,18.5629,18.7382,18.5143,18.7382,78281.40999999995,1.0,0.0,0.0
2016-01-20,10:48:00,18.7382,18.8744,18.709,18.7868,84772.99999999993,1.0,0.0,0.0
2016-01-20,10:55:00,18.7868,18.8842,18.7576,18.8258,61234.19999999991,1.0,0.0,0.0
2016-01-20,11:02:00,18.8248,19.0107,18.7187,18.9426,76718.73999999993,1.0,0.0,0.0
2016-01-20,11:09:00,18.9426,19.1883,18.9426,18.9718,93453.83999999994,1.0,0.0,0.0
2016-01-20,11:16:00,18.9718,19.2424,18.9523,19.1373,45584.02999999997,1.0,0.0,0.0
2016-01-20,11:23:00,19.147000000000002,19.4196,19.147000000000002,19.3271,56699.66999999998,1.0,0.0,0.0
2016-01-20,11:30:00,19.3128,19.4584,19.2833,19.4098,81304.78999999996,1.0,0.0,0.0
2016-01-20,11:37:00,19.397000000000002,19.5948,19.3903,19.5462,67004.58999999997,1.0,0.0,0.0
2016-01-20,11:44:00,19.5753,19.7018,19.5461,19.5461,50604.43999999997,1.0,0.0,0.0
2016-01-20,11:51:00,19.5461,19.658,19.4585,19.477999999999998,51314.43999999998,1.0,0.0,0.0
2016-01-20,11:58:00,19.477999999999998,19.4974,19.2638,19.439,56967.669999999955,1.0,0.0,0.0
2016-01-20,12:05:00,19.439,19.4877,19.3611,19.3611,32321.379999999954,1.0,0.0,0.0
2016-01-20,12:12:00,19.3806,19.4488,19.2735,19.4488,40718.66999999997,1.0,0.0,0.0
2016-01-20,12:19:00,19.439,19.4585,19.3543,19.4001,35331.419999999955,1.0,0.0,0.0
2016-01-20,12:26:00,19.3903,19.3903,19.1859,19.2054,58273.409999999974,1.0,0.0,0.0
2016-01-20,12:33:00,19.1957,19.2346,19.1275,19.1957,69934.43999999997,1.0,0.0,0.0
2016-01-20,12:40:00,19.1859,19.2346,19.1179,19.2054,44546.38999999997,1.0,0.0,0.0
2016-01-20,12:47:00,19.1873,19.2346,19.1373,19.1665,39107.81999999997,1.0,0.0,0.0
2016-01-20,12:54:00,19.1621,19.2443,19.1275,19.2443,139116.95999999996,1.0,0.0,0.0
2016-01-20,13:01:00,19.2346,19.3514,19.2249,19.3125,173895.65999999997,1.0,0.0,0.0
2016-01-20,13:08:00,19.293,19.3563,19.1373,19.1762,128722.57999999997,1.0,0.0,0.0
2016-01-20,13:15:00,19.1859,19.2064,18.816,18.8355,100010.16999999998,1.0,0.0,0.0
2016-01-20,13:22:00,18.8258,18.9134,18.7187,18.7479,106975.39999999998,1.0,0.0,0.0
2016-01-20,13:29:00,18.7382,18.8842,18.7187,18.7966,114727.47999999997,1.0,0.0,0.0
2016-01-20,13:36:00,18.7868,19.0691,18.7576,19.0399,62258.40999999996,1.0,0.0,0.0
2016-01-20,13:43:00,19.0205,19.1859,19.000999999999998,19.1567,81780.48999999996,1.0,0.0,0.0
2016-01-20,13:50:00,19.1762,19.293,19.1373,19.2735,103924.30999999997,1.0,0.0,0.0
2016-01-20,13:57:00,19.293,19.4877,19.2638,19.3319,93556.69999999997,1.0,0.0,0.0
2016-01-20,14:04:00,19.3125,19.3222,18.9523,19.000999999999998,72084.65999999996,1.0,0.0,0.0
2016-01-20,14:11:00,19.0107,19.2249,19.0059,19.2054,101683.59999999996,1.0,0.0,0.0
2016-01-20,14:18:00,19.2151,19.3514,19.1762,19.2711,79375.44999999997,1.0,0.0,0.0
2016-01-20,14:25:00,19.2638,19.4293,19.2443,19.3319,67055.91999999994,1.0,0.0,0.0
2016-01-20,14:32:00,19.3514,19.3709,19.0302,19.0837,127693.14999999994,1.0,0.0,0.0
2016-01-20,14:39:00,19.0813,19.2249,19.074,19.2249,70914.62999999995,1.0,0.0,0.0
2016-01-20,14:46:00,19.22,19.2638,19.0983,19.1178,88345.01999999995,1.0,0.0,0.0
2016-01-20,14:53:00,19.1275,19.1567,19.0691,19.1567,88306.88999999993,1.0,0.0,0.0
2016-01-20,15:00:00,19.147000000000002,19.2443,19.1179,19.1665,59365.47999999991,1.0,0.0,0.0
2016-01-20,15:07:00,19.1762,19.3417,19.1373,19.3222,94798.65999999992,1.0,0.0,0.0
2016-01-20,15:14:00,19.3222,19.3709,19.1957,19.2054,115323.2999999999,1.0,0.0,0.0
2016-01-20,15:21:00,19.2151,19.6726,19.2103,19.6045,149529.8999999999,1.0,0.0,0.0
2016-01-20,15:28:00,19.6142,19.7651,19.5364,19.7408,114182.99999999994,1.0,0.0,0.0
2016-01-20,15:35:00,19.730999999999998,19.8576,19.585,19.624000000000002,225454.59999999992,1.0,0.0,0.0
2016-01-20,15:42:00,19.6337,19.6726,19.4974,19.5266,211259.29999999993,1.0,0.0,0.0
2016-01-20,15:49:00,19.5266,19.5753,19.3903,19.5169,257035.40000000005,1.0,0.0,0.0
2016-01-20,15:56:00,19.5169,19.6142,19.4682,19.5169,231462.5,1.0,0.0,0.0
2016-01-21,09:33:00,19.512,19.7505,19.5072,19.7505,241789.89000000004,1.0,0.0,0.0
2016-01-21,09:40:00,19.6885,20.0717,19.6885,19.9939,41350.45000000007,1.0,0.0,0.0
2016-01-21,09:47:00,20.0425,20.0425,19.5364,19.5364,37555.57000000007,1.0,0.0,0.0
2016-01-21,09:54:00,19.5558,19.9458,19.4877,19.9458,34598.95000000008,1.0,0.0,0.0
2016-01-21,10:01:00,19.9452,20.4319,19.9063,20.354,55084.630000000085,1.0,0.0,0.0
2016-01-21,10:08:00,20.3443,20.7629,20.3248,20.7531,74171.11000000006,1.0,0.0,0.0
2016-01-21,10:15:00,20.7629,21.1717,20.6947,21.0066,195249.50000000003,1.0,0.0,0.0
2016-01-21,10:22:00,20.9867,20.9965,20.6655,20.7531,125908.75999999998,1.0,0.0,0.0
2016-01-21,10:29:00,20.7434,20.9283,20.646,20.8505,55218.17999999996,1.0,0.0,0.0
2016-01-21,10:36:00,20.8894,21.0451,20.6948,20.8991,79145.46999999999,1.0,0.0,0.0
2016-01-21,10:43:00,20.8894,21.2443,20.8213,21.2009,71338.88999999998,1.0,0.0,0.0
2016-01-21,10:50:00,21.1913,21.4053,21.0646,21.0938,129597.99999999994,1.0,0.0,0.0
2016-01-21,10:57:00,21.0919,21.2885,21.0159,21.1717,80287.82999999994,1.0,0.0,0.0
2016-01-21,11:04:00,21.1634,21.3858,20.8699,21.3858,120333.47999999995,1.0,0.0,0.0
2016-01-21,11:11:00,21.3858,21.6389,21.3372,21.3396,128578.86999999998,1.0,0.0,0.0
2016-01-21,11:18:00,21.3177,21.3858,21.1814,21.3858,92586.57999999999,1.0,0.0,0.0
2016-01-21,11:25:00,21.3858,21.4637,21.1814,21.3274,115636.79999999999,1.0,0.0,0.0
2016-01-21,11:32:00,21.3274,21.4248,21.1133,21.415,63648.34999999999,1.0,0.0,0.0
2016-01-21,11:39:00,21.4053,21.6779,21.308000000000003,21.6097,78632.73999999999,1.0,0.0,0.0
2016-01-21,11:46:00,21.5903,21.6292,21.4053,21.5027,46244.61,1.0,0.0,0.0
2016-01-21,11:53:00,21.5124,21.9017,21.5075,21.8531,118287.09000000001,1.0,0.0,0.0
2016-01-21,12:00:00,21.8336,22.0186,21.7655,22.0186,70215.98000000004,1.0,0.0,0.0
2016-01-21,12:07:00,22.0283,22.2522,21.9796,22.1938,72306.57000000004,1.0,0.0,0.0
2016-01-21,12:14:00,22.1938,22.2785,22.0186,22.0867,61008.170000000035,1.0,0.0,0.0
2016-01-21,12:21:00,22.0964,22.4663,22.0964,22.3301,114319.70000000003,1.0,0.0,0.0
2016-01-21,12:28:00,22.3301,22.3301,22.1646,22.2522,79460.73000000005,1.0,0.0,0.0
2016-01-21,12:35:00,22.2619,22.3008,22.116,22.1646,68849.63000000008,1.0,0.0,0.0
2016-01-21,12:42:00,22.1646,22.2424,22.0478,22.0867,46726.35000000007,1.0,0.0,0.0
2016-01-21,12:49:00,22.0867,22.1646,22.0293,22.1062,56075.91000000008,1.0,0.0,0.0
2016-01-21,12:56:00,22.1256,22.184,21.9894,22.0964,53539.52000000009,1.0,0.0,0.0
2016-01-21,13:03:00,22.1158,22.184,22.0283,22.1062,55553.08000000008,1.0,0.0,0.0
2016-01-21,13:10:00,22.1062,22.2035,22.0771,22.1938,73866.01000000008,1.0,0.0,0.0
2016-01-21,13:17:00,22.184,22.2327,22.038,22.1159,76153.84000000005,1.0,0.0,0.0
2016-01-21,13:24:00,22.1062,22.1256,21.6973,21.8433,59122.920000000064,1.0,0.0,0.0
2016-01-21,13:31:00,21.8336,22.0088,21.8239,21.8724,40954.95000000006,1.0,0.0,0.0
2016-01-21,13:38:00,21.8531,21.930999999999997,21.7265,21.930999999999997,38500.69000000007,1.0,0.0,0.0
2016-01-21,13:45:00,21.9212,22.039,21.892,21.892,161338.80000000002,1.0,0.0,0.0
2016-01-21,13:52:00,21.892,21.892,21.6681,21.6681,55768.820000000036,1.0,0.0,0.0
2016-01-21,13:59:00,21.6681,21.9115,21.6292,21.8239,36027.950000000026,1.0,0.0,0.0
2016-01-21,14:06:00,21.8336,21.9115,21.7557,21.892,47558.58000000004,1.0,0.0,0.0
2016-01-21,14:13:00,21.9115,21.9212,21.6487,21.6584,50324.06000000003,1.0,0.0,0.0
2016-01-21,14:20:00,21.6584,21.7752,21.6,21.7655,47787.600000000035,1.0,0.0,0.0
2016-01-21,14:27:00,21.7702,21.7849,21.5416,21.5854,210955.56000000006,1.0,0.0,0.0
2016-01-21,14:34:00,21.6,21.8141,21.5562,21.6973,109135.78000000004,1.0,0.0,0.0
2016-01-21,14:41:00,21.6876,22.038,21.6876,22.0283,127938.87000000005,1.0,0.0,0.0
2016-01-21,14:48:00,22.038,22.1451,21.9504,21.9894,82512.91000000005,1.0,0.0,0.0
2016-01-21,14:55:00,21.9894,22.0867,21.9212,22.0672,73642.10000000003,1.0,0.0,0.0
2016-01-21,15:02:00,22.076999999999998,22.1743,22.038,22.0429,67235.73000000004,1.0,0.0,0.0
2016-01-21,15:09:00,22.0478,22.076999999999998,21.892,21.9504,87890.96000000002,1.0,0.0,0.0
2016-01-21,15:16:00,21.9504,22.1451,21.930999999999997,22.076999999999998,71648.01000000004,1.0,0.0,0.0
2016-01-21,15:23:00,22.076999999999998,22.1646,22.0478,22.1062,83984.08000000005,1.0,0.0,0.0
2016-01-21,15:30:00,22.1062,22.1646,22.0186,22.1159,103570.85,1.0,0.0,0.0
2016-01-21,15:37:00,22.1159,22.1937,21.9991,22.004,132688.00000000003,1.0,0.0,0.0
2016-01-21,15:44:00,21.9991,22.0964,21.9699,22.0575,145129.90000000005,1.0,0.0,0.0
2016-01-21,15:51:00,22.0494,22.076999999999998,21.9748,22.0088,196259.40000000008,1.0,0.0,0.0
2016-01-21,15:58:00,22.0088,22.0964,21.9991,22.0478,195129.30000000008,1.0,0.0,0.0
2016-01-22,09:35:00,22.0526,23.138,21.9991,23.1088,241675.66000000003,1.0,0.0,0.0
2016-01-22,09:42:00,23.1185,23.1477,22.6318,23.0504,137540.10000000006,1.0,0.0,0.0
2016-01-22,09:49:00,23.0698,23.4105,22.9822,23.2937,177395.70000000004,1.0,0.0,0.0
2016-01-22,09:56:00,23.3035,23.868000000000002,23.2937,23.7026,129477.57000000004,1.0,0.0,0.0
2016-01-22,10:03:00,23.6967,23.9751,23.6442,23.761,126296.10000000003,1.0,0.0,0.0
2016-01-22,10:10:00,23.7512,24.0822,23.615,24.0627,166077.8,1.0,0.0,0.0
2016-01-22,10:17:00,24.0725,24.4326,24.0725,24.1698,183349.10000000003,1.0,0.0,0.0
2016-01-22,10:24:00,24.199,24.4813,23.8583,24.1503,197264.00000000006,1.0,0.0,0.0
2016-01-22,10:31:00,24.1406,24.2477,23.8431,24.0822,141713.10000000006,1.0,0.0,0.0
2016-01-22,10:38:00,24.0919,24.1309,23.6539,23.9167,146125.20000000004,1.0,0.0,0.0
2016-01-22,10:45:00,23.906999999999996,24.2255,23.8194,23.8778,169497.80000000002,1.0,0.0,0.0
2016-01-22,10:52:00,23.8875,24.0056,23.6734,23.7902,103605.74000000006,1.0,0.0,0.0
2016-01-22,10:59:00,23.7707,23.8194,23.5273,23.6636,129906.9800000001,1.0,0.0,0.0
2016-01-22,11:06:00,23.6636,23.761,23.1769,23.2159,162799.70000000007,1.0,0.0,0.0
2016-01-22,11:13:00,23.2353,23.4397,23.0504,23.4008,131371.0000000001,1.0,0.0,0.0
2016-01-22,11:20:00,23.4203,23.7026,23.2937,23.5176,157039.50000000012,1.0,0.0,0.0
2016-01-22,11:27:00,23.5079,23.721999999999998,23.4397,23.5176,102380.18000000011,1.0,0.0,0.0
2016-01-22,11:34:00,23.5176,23.6928,23.4495,23.4689,80109.97000000012,1.0,0.0,0.0
2016-01-22,11:41:00,23.4592,23.5858,23.3521,23.4981,76206.32000000012,1.0,0.0,0.0
2016-01-22,11:48:00,23.4787,23.6247,23.3911,23.4008,87599.16000000012,1.0,0.0,0.0
2016-01-22,11:55:00,23.4008,23.6831,23.4008,23.4787,65780.02000000012,1.0,0.0,0.0
2016-01-22,12:02:00,23.4884,23.6636,23.4787,23.6344,48585.84000000012,1.0,0.0,0.0
2016-01-22,12:09:00,23.6466,23.8424,23.5809,23.7707,79190.68000000011,1.0,0.0,0.0
2016-01-22,12:16:00,23.783,23.8096,23.5565,23.6831,52808.12000000012,1.0,0.0,0.0
2016-01-22,12:23:00,23.6734,23.8875,23.5955,23.8291,59928.40000000013,1.0,0.0,0.0
2016-01-22,12:30:00,23.8096,23.9556,23.7804,23.9264,98981.87000000013,1.0,0.0,0.0
2016-01-22,12:37:00,23.9167,24.1601,23.8778,24.1406,89814.02000000012,1.0,0.0,0.0
2016-01-22,12:44:00,24.1309,24.2282,23.9654,23.9654,60655.72000000011,1.0,0.0,0.0
2016-01-22,12:51:00,23.9751,24.053,23.868000000000002,23.8778,66221.82000000014,1.0,0.0,0.0
2016-01-22,12:58:00,23.868000000000002,23.9946,23.7804,23.9946,62548.08000000013,1.0,0.0,0.0
2016-01-22,13:05:00,23.9946,24.0627,23.9362,23.9751,59264.88000000012,1.0,0.0,0.0
2016-01-22,13:12:00,23.9654,23.9654,23.7999,23.9459,68648.26000000011,1.0,0.0,0.0
2016-01-22,13:19:00,23.9264,24.1795,23.9264,24.1017,82516.04000000012,1.0,0.0,0.0
2016-01-22,13:26:00,24.1017,24.125999999999998,23.9264,23.9556,83763.20000000013,1.0,0.0,0.0
2016-01-22,13:33:00,23.9362,23.9946,23.7804,23.7902,84661.03000000014,1.0,0.0,0.0
2016-01-22,13:40:00,23.8096,23.9556,23.761,23.9313,60298.25000000011,1.0,0.0,0.0
2016-01-22,13:47:00,23.9264,24.053,23.8826,23.9848,114910.38000000012,1.0,0.0,0.0
2016-01-22,13:54:00,23.9751,24.053,23.9264,24.0433,63669.950000000106,1.0,0.0,0.0
2016-01-22,14:01:00,24.0433,24.1455,23.9459,23.9459,88581.20000000013,1.0,0.0,0.0
2016-01-22,14:08:00,23.9459,24.0141,23.8194,23.8972,88403.50000000012,1.0,0.0,0.0
2016-01-22,14:15:00,23.8895,24.0725,23.8778,23.9654,110162.12000000011,1.0,0.0,0.0
2016-01-22,14:22:00,23.9654,24.0462,23.8388,23.8486,79040.5800000001,1.0,0.0,0.0
2016-01-22,14:29:00,23.8388,23.8778,23.7512,23.7902,83526.98000000011,1.0,0.0,0.0
2016-01-22,14:36:00,23.7902,23.906999999999996,23.7707,23.8388,88880.35000000014,1.0,0.0,0.0
2016-01-22,14:43:00,23.8388,23.8583,23.7522,23.8388,84919.90000000013,1.0,0.0,0.0
2016-01-22,14:50:00,23.8388,23.9556,23.8096,23.9264,67963.00000000013,1.0,0.0,0.0
2016-01-22,14:57:00,23.9362,24.1406,23.9362,24.1017,111862.31000000016,1.0,0.0,0.0
2016-01-22,15:04:00,24.1017,24.2087,24.0433,24.053,86820.53000000014,1.0,0.0,0.0
2016-01-22,15:11:00,24.0433,24.0627,23.9118,24.053,90738.64000000013,1.0,0.0,0.0
2016-01-22,15:18:00,24.0627,24.3353,24.0627,24.2915,99906.41000000015,1.0,0.0,0.0
2016-01-22,15:25:00,24.2963,24.3547,24.2574,24.3353,94157.55000000015,1.0,0.0,0.0
2016-01-22,15:32:00,24.3353,24.4132,24.2574,24.3337,147360.20000000016,1.0,0.0,0.0
2016-01-22,15:39:00,24.3353,24.391,24.2671,24.345,158571.30000000022,1.0,0.0,0.0
2016-01-22,15:46:00,24.345,24.4375,24.2963,24.4326,201544.80000000022,1.0,0.0,0.0
2016-01-22,15:53:00,24.4326,24.4618,24.3742,24.3839,218973.20000000024,1.0,0.0,0.0
2016-01-25,09:30:00,24.3839,24.4716,23.7512,23.7999,319954.21000000037,1.0,0.0,0.0
2016-01-25,09:38:00,23.9167,23.9167,23.4884,23.8778,107343.10000000049,1.0,0.0,0.0
2016-01-25,09:45:00,23.8933,24.1601,23.761,23.761,103857.45000000046,1.0,0.0,0.0
2016-01-25,09:52:00,23.7998,24.3742,23.5371,24.3645,129945.12000000045,1.0,0.0,0.0
2016-01-25,09:59:00,24.4122,24.6273,24.2963,24.4132,75392.71000000046,1.0,0.0,0.0
2016-01-25,10:06:00,24.3937,25.2405,24.3255,25.2015,84144.21000000046,1.0,0.0,0.0
2016-01-25,10:13:00,25.2016,25.2698,24.6468,24.6468,104334.08000000048,1.0,0.0,0.0
2016-01-25,10:20:00,24.6614,25.0459,24.3839,24.4326,126682.29000000047,1.0,0.0,0.0
2016-01-25,10:27:00,24.4521,24.636999999999997,24.2087,24.2769,78917.42000000045,1.0,0.0,0.0
2016-01-25,10:34:00,24.2866,24.5884,24.2282,24.3547,89604.42000000042,1.0,0.0,0.0
2016-01-25,10:41:00,24.3158,24.3547,24.1309,24.1503,71254.57000000043,1.0,0.0,0.0
2016-01-25,10:48:00,24.1503,24.4716,24.1211,24.4521,68174.67000000042,1.0,0.0,0.0
2016-01-25,10:55:00,24.4229,24.4229,24.0779,24.1211,78399.61000000042,1.0,0.0,0.0
2016-01-25,11:02:00,24.1017,24.2282,23.9946,24.053,54006.910000000425,1.0,0.0,0.0
2016-01-25,11:09:00,24.0335,24.1406,23.8194,23.868000000000002,87015.58000000042,1.0,0.0,0.0
2016-01-25,11:16:00,23.8388,24.1114,23.8388,24.0722,95560.9000000004,1.0,0.0,0.0
2016-01-25,11:23:00,24.0725,24.3547,24.0725,24.1018,98101.36000000042,1.0,0.0,0.0
2016-01-25,11:30:00,24.1309,24.2282,24.0141,24.1893,68466.47000000041,1.0,0.0,0.0
2016-01-25,11:37:00,24.1893,24.2282,23.7123,23.7415,64381.780000000406,1.0,0.0,0.0
2016-01-25,11:44:00,23.761,23.8291,23.6442,23.6928,56547.55000000041,1.0,0.0,0.0
2016-01-25,11:51:00,23.6646,23.8388,23.615,23.7707,58804.50000000041,1.0,0.0,0.0
2016-01-25,11:58:00,23.7804,23.9459,23.721999999999998,23.9459,49294.6800000004,1.0,0.0,0.0
2016-01-25,12:05:00,23.9685,23.9848,23.721999999999998,23.721999999999998,43202.720000000394,1.0,0.0,0.0
2016-01-25,12:12:00,23.7123,23.8291,23.6734,23.7804,41421.36000000039,1.0,0.0,0.0
2016-01-25,12:19:00,23.761,23.7999,23.6636,23.7123,44272.0900000004,1.0,0.0,0.0
2016-01-25,12:26:00,23.7123,23.868000000000002,23.6247,23.761,62148.4900000004,1.0,0.0,0.0
2016-01-25,12:33:00,23.7707,23.8486,23.6831,23.7707,64888.350000000406,1.0,0.0,0.0
2016-01-25,12:40:00,23.7707,23.9264,23.7415,23.906999999999996,46316.50000000039,1.0,0.0,0.0
2016-01-25,12:47:00,23.8875,23.9654,23.6734,23.7123,52242.0900000004,1.0,0.0,0.0
2016-01-25,12:54:00,23.7026,23.7123,23.5371,23.5371,90557.79000000037,1.0,0.0,0.0
2016-01-25,13:01:00,23.5273,23.5735,23.3813,23.5176,46626.77000000038,1.0,0.0,0.0
2016-01-25,13:08:00,23.5176,23.6539,23.4982,23.615,47920.140000000385,1.0,0.0,0.0
2016-01-25,13:15:00,23.615,23.6344,23.4592,23.5238,53705.95000000039,1.0,0.0,0.0
2016-01-25,13:22:00,23.5273,23.5663,23.4495,23.4884,38000.390000000385,1.0,0.0,0.0
2016-01-25,13:29:00,23.4884,23.4981,23.3036,23.4689,60168.81000000039,1.0,0.0,0.0
2016-01-25,13:36:00,23.4397,23.5955,23.4397,23.5371,38664.030000000406,1.0,0.0,0.0
2016-01-25,13:43:00,23.5371,23.5955,23.4934,23.4981,51528.1100000004,1.0,0.0,0.0
2016-01-25,13:50:00,23.4981,23.5176,23.3424,23.3703,62362.090000000404,1.0,0.0,0.0
2016-01-25,13:57:00,23.3716,23.3716,23.2719,23.2937,47495.840000000404,1.0,0.0,0.0
2016-01-25,14:04:00,23.3083,23.4203,23.2159,23.3035,92280.60000000041,1.0,0.0,0.0
2016-01-25,14:11:00,23.3054,23.4592,23.3054,23.3716,50587.07000000043,1.0,0.0,0.0
2016-01-25,14:18:00,23.3813,23.4008,23.2548,23.284000000000002,52678.65000000044,1.0,0.0,0.0
2016-01-25,14:25:00,23.2743,23.3035,23.138,23.1477,44839.23000000043,1.0,0.0,0.0
2016-01-25,14:32:00,23.1477,23.3327,23.1185,23.3132,58153.26000000043,1.0,0.0,0.0
2016-01-25,14:39:00,23.2937,23.3229,23.2061,23.2937,53276.520000000426,1.0,0.0,0.0
2016-01-25,14:46:00,23.2937,23.2937,23.1185,23.1477,49052.230000000425,1.0,0.0,0.0
2016-01-25,14:53:00,23.138,23.138,23.0377,23.0796,55900.39000000042,1.0,0.0,0.0
2016-01-25,15:00:00,23.0796,23.2353,23.065,23.2159,49867.98000000043,1.0,0.0,0.0
2016-01-25,15:07:00,23.211,23.3278,23.211,23.2645,71220.70000000046,1.0,0.0,0.0
2016-01-25,15:14:00,23.2645,23.2694,23.1477,23.2256,66418.90000000047,1.0,0.0,0.0
2016-01-25,15:21:00,23.2256,23.2937,23.1964,23.2159,65576.63000000046,1.0,0.0,0.0
2016-01-25,15:28:00,23.2159,23.2305,23.1136,23.2256,70410.20000000045,1.0,0.0,0.0
2016-01-25,15:35:00,23.2159,23.2207,23.0406,23.0844,110722.90000000045,1.0,0.0,0.0
2016-01-25,15:42:00,23.0893,23.0893,22.9822,23.0406,163983.2000000004,1.0,0.0,0.0
2016-01-25,15:49:00,23.0406,23.0698,22.991999999999997,23.0601,155210.9000000004,1.0,0.0,0.0
2016-01-25,15:56:00,23.0601,23.1185,22.9871,23.0406,204657.60000000038,1.0,0.0,0.0
2016-01-26,09:33:00,23.0406,23.6734,22.9822,23.5761,240677.35900000035,1.0,0.0,0.0
2016-01-26,09:40:00,23.6442,24.1309,23.4047,23.5079,40975.500000000335,1.0,0.0,0.0
2016-01-26,09:47:00,23.4981,23.576,23.0601,23.1088,50721.62000000032,1.0,0.0,0.0
2016-01-26,09:54:00,23.1477,23.3035,23.0017,23.099,45818.21000000032,1.0,0.0,0.0
2016-01-26,10:01:00,23.1088,23.1769,22.7973,23.1769,46481.930000000335,1.0,0.0,0.0
2016-01-26,10:08:00,23.1867,23.5663,22.9141,23.4981,65217.12000000033,1.0,0.0,0.0
2016-01-26,10:15:00,23.5176,23.6831,23.4592,23.576,53440.96000000034,1.0,0.0,0.0
2016-01-26,10:22:00,23.576,23.6344,23.3327,23.3716,112124.2900000003,1.0,0.0,0.0
2016-01-26,10:29:00,23.3716,23.5663,23.3132,23.3521,104496.41000000031,1.0,0.0,0.0
2016-01-26,10:36:00,23.3619,23.4008,23.2353,23.3911,96166.0500000003,1.0,0.0,0.0
2016-01-26,10:43:00,23.3813,23.4397,23.2548,23.2743,79100.16000000028,1.0,0.0,0.0
2016-01-26,10:50:00,23.2743,23.3424,23.0893,23.138,69291.3800000003,1.0,0.0,0.0
2016-01-26,10:57:00,23.138,23.3035,23.1185,23.2061,43809.86000000029,1.0,0.0,0.0
2016-01-26,11:04:00,23.2353,23.4352,23.1867,23.4008,57239.94000000031,1.0,0.0,0.0
2016-01-26,11:11:00,23.4154,23.4787,23.3813,23.4008,62771.0100000003,1.0,0.0,0.0
2016-01-26,11:18:00,23.4105,23.5176,23.3911,23.4884,94005.6100000003,1.0,0.0,0.0
2016-01-26,11:25:00,23.5079,23.8291,23.5079,23.7415,98324.3700000003,1.0,0.0,0.0
2016-01-26,11:32:00,23.7415,23.7999,23.6831,23.7269,67290.20000000033,1.0,0.0,0.0
2016-01-26,11:39:00,23.721999999999998,23.7512,23.5663,23.7512,70846.76000000033,1.0,0.0,0.0
2016-01-26,11:46:00,23.7707,23.7707,23.7026,23.7415,60280.72000000033,1.0,0.0,0.0
2016-01-26,11:53:00,23.7318,23.8875,23.7221,23.7999,55264.36000000033,1.0,0.0,0.0
2016-01-26,12:00:00,23.7902,23.8194,23.7366,23.7804,43858.090000000346,1.0,0.0,0.0
2016-01-26,12:07:00,23.7902,23.9068,23.7804,23.8583,57595.43000000035,1.0,0.0,0.0
2016-01-26,12:14:00,23.8583,23.9167,23.8292,23.8972,55179.17000000035,1.0,0.0,0.0
2016-01-26,12:21:00,23.8875,24.053,23.8875,23.9459,54680.96000000033,1.0,0.0,0.0
2016-01-26,12:28:00,23.9362,24.0043,23.9167,23.9264,40174.19000000034,1.0,0.0,0.0
2016-01-26,12:35:00,23.9264,24.0141,23.9264,23.9264,54139.54000000033,1.0,0.0,0.0
2016-01-26,12:42:00,23.9556,23.9556,23.7707,23.7804,55631.16000000034,1.0,0.0,0.0
2016-01-26,12:49:00,23.7804,23.8583,23.761,23.8195,33310.701000000336,1.0,0.0,0.0
2016-01-26,12:56:00,23.834,23.8486,23.7026,23.7026,27866.97000000033,1.0,0.0,0.0
2016-01-26,13:03:00,23.7123,23.7999,23.6928,23.7512,32610.07000000032,1.0,0.0,0.0
2016-01-26,13:10:00,23.7804,23.7902,23.5663,23.5955,46887.670000000326,1.0,0.0,0.0
2016-01-26,13:17:00,23.576,23.615,23.5176,23.5858,44350.220000000314,1.0,0.0,0.0
2016-01-26,13:24:00,23.5858,23.6831,23.5809,23.6831,51064.76000000032,1.0,0.0,0.0
2016-01-26,13:31:00,23.6831,23.8048,23.6636,23.7415,49251.49000000032,1.0,0.0,0.0
2016-01-26,13:38:00,23.7318,23.7707,23.6442,23.6734,45833.71000000032,1.0,0.0,0.0
2016-01-26,13:45:00,23.6734,23.6928,23.592,23.615,39459.17000000031,1.0,0.0,0.0
2016-01-26,13:52:00,23.615,23.615,23.5565,23.5711,70971.0600000003,1.0,0.0,0.0
2016-01-26,13:59:00,23.5955,23.6247,23.5565,23.5565,41684.3200000003,1.0,0.0,0.0
2016-01-26,14:06:00,23.5517,23.576,23.5078,23.5078,43348.550000000294,1.0,0.0,0.0
2016-01-26,14:13:00,23.5079,23.576,23.5079,23.5565,47277.0500000003,1.0,0.0,0.0
2016-01-26,14:20:00,23.5565,23.6052,23.5273,23.5663,36051.5800000003,1.0,0.0,0.0
2016-01-26,14:27:00,23.5565,23.6636,23.5565,23.5848,45002.57000000031,1.0,0.0,0.0
2016-01-26,14:34:00,23.576,23.5858,23.5079,23.5176,43031.1400000003,1.0,0.0,0.0
2016-01-26,14:41:00,23.5079,23.5371,23.4008,23.4008,62703.24000000031,1.0,0.0,0.0
2016-01-26,14:48:00,23.4008,23.4203,23.3229,23.3619,45214.20000000031,1.0,0.0,0.0
2016-01-26,14:55:00,23.3619,23.4884,23.3327,23.4495,55835.63000000034,1.0,0.0,0.0
2016-01-26,15:02:00,23.4592,23.4689,23.3716,23.4008,48612.58600000033,1.0,0.0,0.0
2016-01-26,15:09:00,23.3911,23.43,23.3229,23.3327,53886.72000000032,1.0,0.0,0.0
2016-01-26,15:16:00,23.3327,23.5663,23.3327,23.5663,77446.15000000031,1.0,0.0,0.0
2016-01-26,15:23:00,23.5663,23.5955,23.4592,23.5273,63442.86000000032,1.0,0.0,0.0
2016-01-26,15:30:00,23.5468,23.5565,23.4495,23.5079,50286.09000000031,1.0,0.0,0.0
2016-01-26,15:37:00,23.4981,23.5458,23.43,23.5079,62563.49000000032,1.0,0.0,0.0
2016-01-26,15:44:00,23.5139,23.761,23.5127,23.7415,107930.63000000031,1.0,0.0,0.0
2016-01-26,15:51:00,23.7512,23.7804,23.6344,23.6539,109527.20000000032,1.0,0.0,0.0
2016-01-26,15:58:00,23.6588,23.6734,23.5858,23.6247,327493.1000000003,1.0,0.0,0.0
2016-01-27,09:35:00,23.6247,23.8486,22.8265,23.3521,161228.98000000027,1.0,0.0,0.0
2016-01-27,09:42:00,23.3375,23.3619,22.8362,23.0406,67106.30000000026,1.0,0.0,0.0
2016-01-27,09:49:00,23.0212,23.3813,23.0212,23.1234,69603.73000000026,1.0,0.0,0.0
2016-01-27,09:56:00,23.0893,23.0893,22.8752,22.9238,78429.37000000026,1.0,0.0,0.0
2016-01-27,10:03:00,22.9238,22.9628,22.5831,22.6221,72194.58000000028,1.0,0.0,0.0
2016-01-27,10:10:00,22.6075,22.7389,22.5637,22.6318,82131.82000000028,1.0,0.0,0.0
2016-01-27,10:17:00,22.6318,22.6951,22.3398,22.5247,83444.65000000027,1.0,0.0,0.0
2016-01-27,10:24:00,22.5345,22.9725,22.5247,22.8849,52333.48000000027,1.0,0.0,0.0
2016-01-27,10:31:00,22.8654,22.9433,22.7681,22.8556,59548.350000000275,1.0,0.0,0.0
2016-01-27,10:38:00,22.8364,22.9822,22.5929,22.9822,106887.08000000031,1.0,0.0,0.0
2016-01-27,10:45:00,22.9822,23.4008,22.9628,23.3716,105689.09000000033,1.0,0.0,0.0
2016-01-27,10:52:00,23.3521,23.3619,22.9822,23.0309,42967.480000000345,1.0,0.0,0.0
2016-01-27,10:59:00,23.0017,23.0406,22.8265,22.9141,58648.41000000033,1.0,0.0,0.0
2016-01-27,11:06:00,22.8849,22.9822,22.7584,22.9238,122873.08000000034,1.0,0.0,0.0
2016-01-27,11:13:00,22.9238,23.0114,22.7973,22.807,40181.380000000354,1.0,0.0,0.0
2016-01-27,11:20:00,22.7876,22.9044,22.6513,22.9044,41699.75000000036,1.0,0.0,0.0
2016-01-27,11:27:00,22.9141,23.0017,22.8265,22.953000000000003,42848.28000000035,1.0,0.0,0.0
2016-01-27,11:34:00,22.953000000000003,23.1477,22.9141,23.138,36647.370000000345,1.0,0.0,0.0
2016-01-27,11:41:00,23.1672,23.4203,23.138,23.3132,48801.58000000034,1.0,0.0,0.0
2016-01-27,11:48:00,23.3327,23.5371,23.3035,23.4008,48725.60000000034,1.0,0.0,0.0
2016-01-27,11:55:00,23.4105,23.4495,23.1672,23.284000000000002,43468.79000000034,1.0,0.0,0.0
2016-01-27,12:02:00,23.284000000000002,23.3132,23.0825,23.2159,48139.98000000035,1.0,0.0,0.0
2016-01-27,12:09:00,23.2159,23.2256,22.9628,22.9628,50674.38000000036,1.0,0.0,0.0
2016-01-27,12:16:00,22.953000000000003,23.2159,22.9238,23.2061,32994.29000000035,1.0,0.0,0.0
2016-01-27,12:23:00,23.1867,23.2548,22.9725,22.9822,30667.40000000035,1.0,0.0,0.0
2016-01-27,12:30:00,23.0016,23.1185,22.9141,22.953000000000003,33322.00000000035,1.0,0.0,0.0
2016-01-27,12:37:00,22.9628,22.9822,22.7584,22.8362,45956.930000000364,1.0,0.0,0.0
2016-01-27,12:44:00,22.8325,22.9725,22.8265,22.9238,34159.25000000037,1.0,0.0,0.0
2016-01-27,12:51:00,22.9238,23.0698,22.9238,23.0017,34426.35000000037,1.0,0.0,0.0
2016-01-27,12:58:00,22.991999999999997,23.0113,22.8654,22.8849,30888.28000000037,1.0,0.0,0.0
2016-01-27,13:05:00,22.8849,22.8849,22.7437,22.7973,52696.12000000037,1.0,0.0,0.0
2016-01-27,13:12:00,22.7876,22.9044,22.7876,22.8654,37519.610000000364,1.0,0.0,0.0
2016-01-27,13:19:00,22.8752,22.9725,22.7973,22.8267,66189.89000000036,1.0,0.0,0.0
2016-01-27,13:26:00,22.846,23.0309,22.7973,23.0309,71659.39000000039,1.0,0.0,0.0
2016-01-27,13:33:00,23.0406,23.138,22.9725,23.1088,58984.31000000036,1.0,0.0,0.0
2016-01-27,13:40:00,23.099,23.1088,22.991999999999997,23.026,36474.84000000035,1.0,0.0,0.0
2016-01-27,13:47:00,23.0234,23.099,22.9725,23.099,50456.64000000035,1.0,0.0,0.0
2016-01-27,13:54:00,23.099,23.1282,23.0309,23.1088,29104.860000000343,1.0,0.0,0.0
2016-01-27,14:01:00,23.0893,23.4105,23.0893,23.3424,40256.350000000355,1.0,0.0,0.0
2016-01-27,14:08:00,23.3229,23.3424,22.9044,22.9141,98642.88000000035,1.0,0.0,0.0
2016-01-27,14:15:00,22.9141,22.953000000000003,22.5442,22.7681,152862.40000000034,1.0,0.0,0.0
2016-01-27,14:22:00,22.7486,23.0017,22.7291,22.953000000000003,96556.30000000034,1.0,0.0,0.0
2016-01-27,14:29:00,22.9433,22.9433,22.7486,22.8946,58991.520000000346,1.0,0.0,0.0
2016-01-27,14:36:00,22.8849,22.9433,22.846,22.8654,58055.630000000325,1.0,0.0,0.0
2016-01-27,14:43:00,22.8752,22.8946,22.660999999999998,22.7194,70633.03000000033,1.0,0.0,0.0
2016-01-27,14:50:00,22.6999,22.9238,22.6968,22.9044,60647.53000000035,1.0,0.0,0.0
2016-01-27,14:57:00,22.8946,22.9238,22.5929,22.6123,79033.43000000033,1.0,0.0,0.0
2016-01-27,15:04:00,22.5929,22.660999999999998,22.4469,22.4566,106223.40000000033,1.0,0.0,0.0
2016-01-27,15:11:00,22.4761,22.4761,22.3203,22.3228,109993.56000000032,1.0,0.0,0.0
2016-01-27,15:18:00,22.3203,22.4177,22.3008,22.4079,293795.6000000002,1.0,0.0,0.0
2016-01-27,15:25:00,22.3982,22.660999999999998,22.3593,22.6415,134100.60000000024,1.0,0.0,0.0
2016-01-27,15:32:00,22.6415,22.7097,22.6123,22.6307,128210.9000000002,1.0,0.0,0.0
2016-01-27,15:39:00,22.6221,22.6707,22.4858,22.5053,153915.4000000002,1.0,0.0,0.0
2016-01-27,15:46:00,22.4955,22.5929,22.4371,22.5831,215921.10000000024,1.0,0.0,0.0
2016-01-27,15:53:00,22.5831,22.6123,22.4371,22.4469,214502.30000000022,1.0,0.0,0.0
2016-01-28,09:30:00,22.441999999999997,23.63,22.3885,23.63,270238.10000000027,1.0,0.0,0.615
2016-01-28,09:37:00,23.63,23.95,23.54,23.7,137221.0000000003,1.0,0.0,0.615
2016-01-28,09:44:00,23.69,23.8,23.39,23.58,89250.00000000029,1.0,0.0,0.615
2016-01-28,09:51:00,23.544,23.72,23.2601,23.61,70328.00000000029,1.0,0.0,0.615
2016-01-28,09:58:00,23.62,23.69,23.45,23.47,59982.00000000029,1.0,0.0,0.615
2016-01-28,10:05:00,23.455,23.74,23.35,23.7,226015.0000000003,1.0,0.0,0.615
2016-01-28,10:12:00,23.69,23.72,23.32,23.35,93748.00000000029,1.0,0.0,0.615
2016-01-28,10:19:00,23.35,23.67,23.33,23.43,176870.0000000003,1.0,0.0,0.615
2016-01-28,10:26:00,23.42,23.67,23.39,23.43,99233.00000000029,1.0,0.0,0.615
2016-01-28,10:33:00,23.45,23.59,23.19,23.22,80990.00000000029,1.0,0.0,0.615
2016-01-28,10:40:00,23.22,23.68,23.18,23.68,57691.00000000029,1.0,0.0,0.615
2016-01-28,10:47:00,23.69,23.78,23.53,23.54,41945.00000000029,1.0,0.0,0.615
2016-01-28,10:54:00,23.52,23.95,23.52,23.695,129884.00000000029,1.0,0.0,0.615
2016-01-28,11:01:00,23.6701,24.0189,23.64,23.95,57934.00000000029,1.0,0.0,0.615
2016-01-28,11:08:00,23.93,24.05,23.8901,23.94,42817.00000000029,1.0,0.0,0.615
2016-01-28,11:15:00,23.92,24.03,23.85,23.88,57619.00000000029,1.0,0.0,0.615
2016-01-28,11:22:00,23.88,23.98,23.75,23.8201,51598.00000000029,1.0,0.0,0.615
2016-01-28,11:29:00,23.82,24.07,23.761,23.761,55453.00000000029,1.0,0.0,0.615
2016-01-28,11:36:00,23.76,23.86,23.6102,23.7,37552.00000000029,1.0,0.0,0.615
2016-01-28,11:43:00,23.68,23.78,23.565,23.66,41888.00000000029,1.0,0.0,0.615
2016-01-28,11:50:00,23.65,23.76,23.59,23.76,33746.00000000029,1.0,0.0,0.615
2016-01-28,11:57:00,23.81,23.98,23.77,23.8601,35416.00000000029,1.0,0.0,0.615
2016-01-28,12:04:00,23.88,23.94,23.76,23.94,44654.00000000029,1.0,0.0,0.615
2016-01-28,12:11:00,23.91,24.01,23.86,23.94,92606.00000000029,1.0,0.0,0.615
2016-01-28,12:18:00,23.97,24.14,23.97,24.06,59957.00000000029,1.0,0.0,0.615
2016-01-28,12:25:00,24.06,24.19,24.03,24.07,60878.00000000029,1.0,0.0,0.615
2016-01-28,12:32:00,24.0678,24.16,24.015,24.07,118471.00000000029,1.0,0.0,0.615
2016-01-28,12:39:00,24.06,24.14,24.01,24.03,47800.00000000029,1.0,0.0,0.615
2016-01-28,12:46:00,24.04,24.13,24.01,24.05,38065.00000000029,1.0,0.0,0.615
2016-01-28,12:53:00,24.04,24.14,24.0,24.0,41257.00000000029,1.0,0.0,0.615
2016-01-28,13:00:00,24.01,24.04,23.93,23.96,34274.00000000029,1.0,0.0,0.615
2016-01-28,13:07:00,23.97,24.03,23.921,24.02,44705.00000000029,1.0,0.0,0.615
2016-01-28,13:14:00,24.01,24.13,23.98,24.13,139171.0000000003,1.0,0.0,0.615
2016-01-28,13:21:00,24.12,24.13,23.91,23.9286,59471.00000000029,1.0,0.0,0.615
2016-01-28,13:28:00,23.92,24.12,23.91,24.09,32463.00000000029,1.0,0.0,0.615
2016-01-28,13:35:00,24.1,24.14,24.03,24.11,27635.00000000029,1.0,0.0,0.615
2016-01-28,13:42:00,24.11,24.13,23.99,24.02,25789.00000000029,1.0,0.0,0.615
2016-01-28,13:49:00,24.01,24.1,24.01,24.07,22633.00000000029,1.0,0.0,0.615
2016-01-28,13:56:00,24.08,24.12,24.02,24.05,28956.00000000029,1.0,0.0,0.615
2016-01-28,14:03:00,24.05,24.11,23.86,23.94,57816.00000000029,1.0,0.0,0.615
2016-01-28,14:10:00,23.93,24.07,23.91,23.97,31748.00000000029,1.0,0.0,0.615
2016-01-28,14:17:00,23.98,24.03,23.96,23.98,42221.00000000029,1.0,0.0,0.615
2016-01-28,14:24:00,23.97,24.0,23.91,23.96,93101.00000000029,1.0,0.0,0.615
2016-01-28,14:31:00,23.93,23.98,23.88,23.97,43387.00000000029,1.0,0.0,0.615
2016-01-28,14:38:00,23.97,23.9746,23.87,23.92,45571.00000000029,1.0,0.0,0.615
2016-01-28,14:45:00,23.91,23.92,23.73,23.76,42408.00000000029,1.0,0.0,0.615
2016-01-28,14:52:00,23.77,23.88,23.75,23.8,29188.00000000029,1.0,0.0,0.615
2016-01-28,14:59:00,23.79,23.83,23.73,23.82,55232.00000000029,1.0,0.0,0.615
2016-01-28,15:06:00,23.81,23.9,23.8,23.84,58868.00000000029,1.0,0.0,0.615
2016-01-28,15:13:00,23.8431,24.0,23.83,23.95,64717.00000000029,1.0,0.0,0.615
2016-01-28,15:20:00,23.95,23.97,23.87,23.88,52013.00000000029,1.0,0.0,0.615
2016-01-28,15:27:00,23.88,23.89,23.795,23.81,77732.00000000029,1.0,0.0,0.615
2016-01-28,15:34:00,23.82,23.83,23.75,23.79,67379.00000000029,1.0,0.0,0.615
2016-01-28,15:41:00,23.79,23.85,23.77,23.85,143708.0000000003,1.0,0.0,0.615
2016-01-28,15:48:00,23.85,23.99,23.81,23.98,153154.0000000003,1.0,0.0,0.615
2016-01-28,15:55:00,23.98,23.99,23.9,23.92,244996.0000000003,1.0,0.0,0.615
2016-01-29,09:32:00,23.92,24.22,23.89,24.22,209994.0000000003,1.0,0.0,0.0
2016-01-29,09:39:00,24.1938,24.4,24.134,24.185,60569.00000000029,1.0,0.0,0.0
2016-01-29,09:46:00,24.18,24.19,23.9,24.07,53210.00000000029,1.0,0.0,0.0
2016-01-29,09:53:00,24.081999999999997,24.23,24.0,24.1802,38071.00000000029,1.0,0.0,0.0
2016-01-29,10:00:00,24.18,24.27,24.13,24.17,36523.00000000029,1.0,0.0,0.0
2016-01-29,10:07:00,24.15,24.6,24.13,24.58,64323.00000000029,1.0,0.0,0.0
2016-01-29,10:14:00,24.5875,24.85,24.54,24.839000000000002,101939.00000000029,1.0,0.0,0.0
2016-01-29,10:21:00,24.82,25.03,24.81,24.95,75756.00000000029,1.0,0.0,0.0
2016-01-29,10:28:00,24.95,24.99,24.48,24.58,145135.0000000003,1.0,0.0,0.0
2016-01-29,10:35:00,24.6,24.61,24.24,24.2424,58757.00000000029,1.0,0.0,0.0
2016-01-29,10:42:00,24.22,24.32,24.2,24.22,37075.00000000029,1.0,0.0,0.0
2016-01-29,10:49:00,24.24,24.46,24.18,24.43,24569.00000000029,1.0,0.0,0.0
2016-01-29,10:56:00,24.44,24.47,24.19,24.28,14126.000000000291,1.0,0.0,0.0
2016-01-29,11:03:00,24.3,24.4,24.18,24.34,23505.00000000029,1.0,0.0,0.0
2016-01-29,11:10:00,24.32,24.4498,24.31,24.44,28174.00000000029,1.0,0.0,0.0
2016-01-29,11:17:00,24.44,24.44,24.29,24.32,36205.00000000029,1.0,0.0,0.0
2016-01-29,11:24:00,24.32,24.44,24.24,24.41,19184.00000000029,1.0,0.0,0.0
2016-01-29,11:31:00,24.4,24.4,24.21,24.22,24342.00000000029,1.0,0.0,0.0
2016-01-29,11:38:00,24.22,24.22,23.94,24.0,34619.00000000029,1.0,0.0,0.0
2016-01-29,11:45:00,23.98,24.03,23.83,24.03,79491.00000000029,1.0,0.0,0.0
2016-01-29,11:52:00,24.02,24.19,23.986,24.19,38644.00000000029,1.0,0.0,0.0
2016-01-29,11:59:00,24.19,24.23,24.05,24.15,33709.00000000029,1.0,0.0,0.0
2016-01-29,12:06:00,24.12,24.18,24.01,24.15,29072.00000000029,1.0,0.0,0.0
2016-01-29,12:13:00,24.16,24.23,24.12,24.228,29050.00000000029,1.0,0.0,0.0
2016-01-29,12:20:00,24.228,24.406999999999996,24.21,24.38,30670.00000000029,1.0,0.0,0.0
2016-01-29,12:27:00,24.41,24.506999999999998,24.41,24.48,28990.00000000029,1.0,0.0,0.0
2016-01-29,12:34:00,24.47,24.48,24.3,24.357,30920.00000000029,1.0,0.0,0.0
2016-01-29,12:41:00,24.3301,24.51,24.3301,24.498,30508.00000000029,1.0,0.0,0.0
2016-01-29,12:48:00,24.49,24.569000000000003,24.45,24.45,27645.00000000029,1.0,0.0,0.0
2016-01-29,12:55:00,24.48,24.51,24.43,24.479,33674.00000000029,1.0,0.0,0.0
2016-01-29,13:02:00,24.48,24.555,24.46,24.53,31976.00000000029,1.0,0.0,0.0
2016-01-29,13:09:00,24.56,24.56,24.36,24.41,86764.00000000029,1.0,0.0,0.0
2016-01-29,13:16:00,24.42,24.425,24.299,24.34,63741.00000000029,1.0,0.0,0.0
2016-01-29,13:23:00,24.35,24.46,24.31,24.46,45959.00000000029,1.0,0.0,0.0
2016-01-29,13:30:00,24.44,24.5,24.42,24.5,41483.00000000029,1.0,0.0,0.0
2016-01-29,13:37:00,24.49,24.49,24.2864,24.32,39893.00000000029,1.0,0.0,0.0
2016-01-29,13:44:00,24.34,24.44,24.24,24.41,35718.00000000029,1.0,0.0,0.0
2016-01-29,13:51:00,24.4,24.42,24.314,24.3323,34677.00000000029,1.0,0.0,0.0
2016-01-29,13:58:00,24.35,24.408,24.32,24.4,29368.00000000029,1.0,0.0,0.0
2016-01-29,14:05:00,24.39,24.395,24.31,24.34,34361.00000000029,1.0,0.0,0.0
2016-01-29,14:12:00,24.34,24.34,24.14,24.15,33100.00000000029,1.0,0.0,0.0
2016-01-29,14:19:00,24.15,24.38,24.15,24.34,25826.00000000029,1.0,0.0,0.0
2016-01-29,14:26:00,24.34,24.47,24.33,24.46,32006.00000000029,1.0,0.0,0.0
2016-01-29,14:33:00,24.46,24.46,24.39,24.43,45718.00000000029,1.0,0.0,0.0
2016-01-29,14:40:00,24.42,24.47,24.37,24.3981,37710.00000000029,1.0,0.0,0.0
2016-01-29,14:47:00,24.41,24.51,24.39,24.5,20091.00000000029,1.0,0.0,0.0
2016-01-29,14:54:00,24.5,24.6,24.4901,24.55,49538.00000000029,1.0,0.0,0.0
2016-01-29,15:01:00,24.54,24.6,24.5,24.55,55629.00000000029,1.0,0.0,0.0
2016-01-29,15:08:00,24.56,24.7599,24.56,24.735,67969.00000000029,1.0,0.0,0.0
2016-01-29,15:15:00,24.74,24.83,24.72,24.78,61267.00000000029,1.0,0.0,0.0
2016-01-29,15:22:00,24.79,24.85,24.77,24.77,67605.00000000029,1.0,0.0,0.0
2016-01-29,15:29:00,24.78,24.96,24.77,24.95,107867.00000000029,1.0,0.0,0.0
2016-01-29,15:36:00,24.94,24.945,24.78,24.86,83483.00000000029,1.0,0.0,0.0
2016-01-29,15:43:00,24.8599,24.88,24.785,24.8,104653.00000000029,1.0,0.0,0.0
2016-01-29,15:50:00,24.81,24.89,24.775,24.87,163314.0000000003,1.0,0.0,0.0
2016-01-29,15:57:00,24.87,24.9,24.83,24.85,219622.0000000003,1.0,0.0,0.0
2016-02-01,09:35:00,24.85,24.895,23.81,23.84,260747.0000000003,1.0,0.0,0.0
2016-02-01,09:42:00,23.8466,23.89,23.55,23.67,58318.00000000029,1.0,0.0,0.0
2016-02-01,09:49:00,23.62,23.6449,23.434,23.46,35667.00000000029,1.0,0.0,0.0
2016-02-01,09:56:00,23.46,23.51,23.35,23.45,42081.00000000029,1.0,0.0,0.0
2016-02-01,10:03:00,23.42,23.6899,23.3,23.34,32662.00000000029,1.0,0.0,0.0
2016-02-01,10:10:00,23.33,23.91,23.31,23.84,31213.00000000029,1.0,0.0,0.0
2016-02-01,10:17:00,23.84,24.06,23.75,24.03,42313.00000000029,1.0,0.0,0.0
2016-02-01,10:24:00,24.025,24.07,23.87,23.87,60291.00000000029,1.0,0.0,0.0
2016-02-01,10:31:00,23.9,23.97,23.67,23.79,28010.00000000029,1.0,0.0,0.0
2016-02-01,10:38:00,23.76,23.79,23.57,23.65,31872.00000000029,1.0,0.0,0.0
2016-02-01,10:45:00,23.62,23.75,23.57,23.73,41167.00000000029,1.0,0.0,0.0
2016-02-01,10:52:00,23.75,23.75,23.57,23.57,30821.00000000029,1.0,0.0,0.0
2016-02-01,10:59:00,23.56,23.84,23.48,23.8,33673.00000000029,1.0,0.0,0.0
2016-02-01,11:06:00,23.81,23.82,23.69,23.74,27787.00000000029,1.0,0.0,0.0
2016-02-01,11:13:00,23.74,23.8,23.68,23.76,22350.00000000029,1.0,0.0,0.0
2016-02-01,11:20:00,23.78,23.8899,23.72,23.74,44058.00000000029,1.0,0.0,0.0
2016-02-01,11:27:00,23.76,23.76,23.6,23.64,23342.00000000029,1.0,0.0,0.0
2016-02-01,11:34:00,23.65,23.66,23.48,23.56,30202.00000000029,1.0,0.0,0.0
2016-02-01,11:41:00,23.57,23.62,23.48,23.495,47760.00000000029,1.0,0.0,0.0
2016-02-01,11:48:00,23.51,23.53,23.47,23.48,73752.00000000029,1.0,0.0,0.0
2016-02-01,11:55:00,23.47,23.47,23.26,23.29,52857.00000000029,1.0,0.0,0.0
2016-02-01,12:02:00,23.28,23.3675,23.22,23.33,38750.00000000029,1.0,0.0,0.0
2016-02-01,12:09:00,23.33,23.363000000000003,23.16,23.2499,51465.00000000029,1.0,0.0,0.0
2016-02-01,12:16:00,23.23,23.3,23.12,23.14,36878.00000000029,1.0,0.0,0.0
2016-02-01,12:23:00,23.14,23.1625,23.06,23.1028,42389.00000000029,1.0,0.0,0.0
2016-02-01,12:30:00,23.0801,23.13,23.02,23.11,36826.00000000029,1.0,0.0,0.0
2016-02-01,12:37:00,23.11,23.11,23.005,23.04,41553.00000000029,1.0,0.0,0.0
2016-02-01,12:44:00,23.03,23.1496,23.01,23.09,46970.00000000029,1.0,0.0,0.0
2016-02-01,12:51:00,23.11,23.11,23.01,23.02,40457.00000000029,1.0,0.0,0.0
2016-02-01,12:58:00,23.01,23.01,22.87,22.94,56820.00000000029,1.0,0.0,0.0
2016-02-01,13:05:00,22.93,23.13,22.91,23.01,40295.00000000029,1.0,0.0,0.0
2016-02-01,13:12:00,23.0,23.01,22.87,22.88,54115.00000000029,1.0,0.0,0.0
2016-02-01,13:19:00,22.87,22.95,22.85,22.851,38225.00000000029,1.0,0.0,0.0
2016-02-01,13:26:00,22.87,23.02,22.87,23.01,26302.00000000029,1.0,0.0,0.0
2016-02-01,13:33:00,23.02,23.02,22.87,22.93,32459.00000000029,1.0,0.0,0.0
2016-02-01,13:40:00,22.93,22.96,22.88,22.89,29926.00000000029,1.0,0.0,0.0
2016-02-01,13:47:00,22.9,23.0,22.89,23.0,28580.00000000029,1.0,0.0,0.0
2016-02-01,13:54:00,23.01,23.07,22.96,23.0479,35030.00000000029,1.0,0.0,0.0
2016-02-01,14:01:00,23.06,23.15,23.06,23.1499,57629.00000000029,1.0,0.0,0.0
2016-02-01,14:08:00,23.15,23.27,23.15,23.15,65652.00000000029,1.0,0.0,0.0
2016-02-01,14:15:00,23.15,23.18,23.08,23.18,52453.00000000029,1.0,0.0,0.0
2016-02-01,14:22:00,23.18,23.39,23.17,23.36,39279.00000000029,1.0,0.0,0.0
2016-02-01,14:29:00,23.37,23.43,23.35,23.42,55151.00000000029,1.0,0.0,0.0
2016-02-01,14:36:00,23.41,23.45,23.38,23.43,46435.00000000029,1.0,0.0,0.0
2016-02-01,14:43:00,23.445999999999998,23.58,23.43,23.56,35000.00000000029,1.0,0.0,0.0
2016-02-01,14:50:00,23.5646,23.58,23.34,23.3699,50779.00000000029,1.0,0.0,0.0
2016-02-01,14:57:00,23.37,23.45,23.34,23.45,32538.00000000029,1.0,0.0,0.0
2016-02-01,15:04:00,23.465,23.52,23.43,23.44,48465.00000000029,1.0,0.0,0.0
2016-02-01,15:11:00,23.44,23.445,23.32,23.37,61687.00000000029,1.0,0.0,0.0
2016-02-01,15:18:00,23.37,23.49,23.32,23.49,50199.00000000029,1.0,0.0,0.0
2016-02-01,15:25:00,23.49,23.55,23.44,23.49,98766.00000000029,1.0,0.0,0.0
2016-02-01,15:32:00,23.51,23.58,23.51,23.55,79987.00000000029,1.0,0.0,0.0
2016-02-01,15:39:00,23.559,23.67,23.54,23.55,133549.0000000003,1.0,0.0,0.0
2016-02-01,15:46:00,23.55,23.68,23.54,23.59,114248.00000000029,1.0,0.0,0.0
2016-02-01,15:53:00,23.6,23.66,23.5,23.52,107792.00000000029,1.0,0.0,0.0
2016-02-02,09:30:00,23.52,23.52,22.56,22.56,298345.0000000003,1.0,0.0,0.0
2016-02-02,09:37:00,22.54,22.8,22.44,22.55,76129.00000000029,1.0,0.0,0.0
2016-02-02,09:44:00,22.55,22.9,22.51,22.8,31298.00000000029,1.0,0.0,0.0
2016-02-02,09:51:00,22.78,23.09,22.6,22.63,51445.00000000029,1.0,0.0,0.0
2016-02-02,09:58:00,22.66,22.94,22.63,22.91,67058.00000000029,1.0,0.0,0.0
2016-02-02,10:05:00,22.89,22.95,22.74,22.8925,37321.00000000029,1.0,0.0,0.0
2016-02-02,10:12:00,22.89,23.12,22.83,23.08,34825.00000000029,1.0,0.0,0.0
2016-02-02,10:19:00,23.05,23.09,22.79,22.79,47916.00000000029,1.0,0.0,0.0
2016-02-02,10:26:00,22.77,22.87,22.72,22.865,38469.00000000029,1.0,0.0,0.0
2016-02-02,10:33:00,22.88,22.98,22.87,22.95,29219.00000000029,1.0,0.0,0.0
2016-02-02,10:40:00,22.9416,23.04,22.81,23.02,38180.00000000029,1.0,0.0,0.0
2016-02-02,10:47:00,23.03,23.21,22.98,23.07,48642.00000000029,1.0,0.0,0.0
2016-02-02,10:54:00,23.11,23.14,22.92,23.0,30704.00000000029,1.0,0.0,0.0
2016-02-02,11:01:00,23.01,23.1,23.01,23.03,27223.00000000029,1.0,0.0,0.0
2016-02-02,11:08:00,23.04,23.17,23.01,23.13,31507.00000000029,1.0,0.0,0.0
2016-02-02,11:15:00,23.14,23.44,23.13,23.39,46671.00000000029,1.0,0.0,0.0
2016-02-02,11:22:00,23.39,23.47,23.37,23.42,37691.00000000029,1.0,0.0,0.0
2016-02-02,11:29:00,23.44,23.54,23.41,23.45,29369.00000000029,1.0,0.0,0.0
2016-02-02,11:36:00,23.43,23.43,23.3,23.34,44168.00000000029,1.0,0.0,0.0
2016-02-02,11:43:00,23.32,23.445,23.31,23.44,62199.00000000029,1.0,0.0,0.0
2016-02-02,11:50:00,23.43,23.53,23.392,23.435,83955.00000000029,1.0,0.0,0.0
2016-02-02,11:57:00,23.44,23.58,23.44,23.49,41567.00000000029,1.0,0.0,0.0
2016-02-02,12:04:00,23.49,23.525,23.36,23.37,61760.00000000029,1.0,0.0,0.0
2016-02-02,12:11:00,23.35,23.38,23.27,23.32,31035.00000000029,1.0,0.0,0.0
2016-02-02,12:18:00,23.31,23.37,23.25,23.35,38511.00000000029,1.0,0.0,0.0
2016-02-02,12:25:00,23.35,23.5599,23.34,23.54,25968.00000000029,1.0,0.0,0.0
2016-02-02,12:32:00,23.52,23.55,23.46,23.46,20714.00000000029,1.0,0.0,0.0
2016-02-02,12:39:00,23.44,23.49,23.38,23.45,27376.00000000029,1.0,0.0,0.0
2016-02-02,12:46:00,23.459,23.53,23.44,23.4958,30079.00000000029,1.0,0.0,0.0
2016-02-02,12:53:00,23.51,23.51,23.29,23.31,36115.00000000029,1.0,0.0,0.0
2016-02-02,13:00:00,23.3,23.37,23.22,23.29,25550.00000000029,1.0,0.0,0.0
2016-02-02,13:07:00,23.29,23.31,23.18,23.19,21577.00000000029,1.0,0.0,0.0
2016-02-02,13:14:00,23.19,23.19,23.08,23.09,38376.00000000029,1.0,0.0,0.0
2016-02-02,13:21:00,23.08,23.19,23.03,23.1166,30067.00000000029,1.0,0.0,0.0
2016-02-02,13:28:00,23.11,23.23,23.1,23.23,17608.00000000029,1.0,0.0,0.0
2016-02-02,13:35:00,23.25,23.25,23.08,23.08,24290.00000000029,1.0,0.0,0.0
2016-02-02,13:42:00,23.08,23.08,23.0,23.06,15971.000000000291,1.0,0.0,0.0
2016-02-02,13:49:00,23.04,23.1,23.01,23.01,32318.00000000029,1.0,0.0,0.0
2016-02-02,13:56:00,23.02,23.09,22.95,23.05,32127.00000000029,1.0,0.0,0.0
2016-02-02,14:03:00,23.04,23.0899,22.98,23.03,21572.00000000029,1.0,0.0,0.0
2016-02-02,14:10:00,23.03,23.17,23.03,23.0772,31018.00000000029,1.0,0.0,0.0
2016-02-02,14:17:00,23.075,23.14,23.02,23.1201,22564.00000000029,1.0,0.0,0.0
2016-02-02,14:24:00,23.14,23.16,23.01,23.05,22629.00000000029,1.0,0.0,0.0
2016-02-02,14:31:00,23.04,23.063000000000002,22.94,22.96,35629.00000000029,1.0,0.0,0.0
2016-02-02,14:38:00,22.97,23.01,22.95,22.99,30719.00000000029,1.0,0.0,0.0
2016-02-02,14:45:00,22.99,23.1,22.99,23.05,34480.00000000029,1.0,0.0,0.0
2016-02-02,14:52:00,23.06,23.09,23.04,23.07,36114.00000000029,1.0,0.0,0.0
2016-02-02,14:59:00,23.06,23.07,22.91,22.91,30556.00000000029,1.0,0.0,0.0
2016-02-02,15:06:00,22.91,22.945,22.88,22.915,46290.00000000029,1.0,0.0,0.0
2016-02-02,15:13:00,22.9,22.93,22.79,22.8339,49897.00000000029,1.0,0.0,0.0
2016-02-02,15:20:00,22.83,22.92,22.82,22.85,94603.00000000029,1.0,0.0,0.0
2016-02-02,15:27:00,22.84,22.92,22.83,22.92,62772.00000000029,1.0,0.0,0.0
2016-02-02,15:34:00,22.93,23.0,22.895,22.97,64053.00000000029,1.0,0.0,0.0
2016-02-02,15:41:00,22.96,23.08,22.925,23.05,98095.00000000029,1.0,0.0,0.0
2016-02-02,15:48:00,23.0499,23.13,22.99,23.07,92252.00000000029,1.0,0.0,0.0
2016-02-02,15:55:00,23.07,23.13,23.04,23.095,146975.0000000003,1.0,0.0,0.0
2016-02-03,09:32:00,23.09,23.91,23.08,23.8685,174219.0000000003,1.0,0.0,0.0
2016-02-03,09:39:00,23.8561,24.13,23.57,23.63,63570.00000000029,1.0,0.0,0.0
2016-02-03,09:46:00,23.63,23.85,23.6,23.7401,40118.00000000029,1.0,0.0,0.0
2016-02-03,09:53:00,23.72,24.08,23.71,23.81,68894.00000000029,1.0,0.0,0.0
2016-02-03,10:00:00,23.81,23.89,23.72,23.76,44437.00000000029,1.0,0.0,0.0
2016-02-03,10:07:00,23.72,23.85,23.7,23.73,77327.00000000029,1.0,0.0,0.0
2016-02-03,10:14:00,23.74,23.8,23.69,23.73,102773.00000000029,1.0,0.0,0.0
2016-02-03,10:21:00,23.72,23.78,23.36,23.3977,97416.00000000029,1.0,0.0,0.0
2016-02-03,10:28:00,23.41,23.45,23.14,23.14,39347.00000000029,1.0,0.0,0.0
2016-02-03,10:35:00,23.14,23.19,22.72,22.79,72413.00000000029,1.0,0.0,0.0
2016-02-03,10:42:00,22.78,22.9799,22.65,22.93,92150.00000000029,1.0,0.0,0.0
2016-02-03,10:49:00,22.93,23.23,22.92,23.2,82169.00000000029,1.0,0.0,0.0
2016-02-03,10:56:00,23.21,23.491,23.18,23.48,38802.00000000029,1.0,0.0,0.0
2016-02-03,11:03:00,23.47,23.64,23.4,23.41,82837.00000000029,1.0,0.0,0.0
2016-02-03,11:10:00,23.4,23.46,23.32,23.4075,79138.00000000029,1.0,0.0,0.0
2016-02-03,11:17:00,23.39,23.84,23.39,23.8,71899.00000000029,1.0,0.0,0.0
2016-02-03,11:24:00,23.8,24.24,23.8,24.24,54722.00000000029,1.0,0.0,0.0
2016-02-03,11:31:00,24.25,24.35,24.18,24.19,66976.00000000029,1.0,0.0,0.0
2016-02-03,11:38:00,24.22,24.22,23.94,24.05,30165.00000000029,1.0,0.0,0.0
2016-02-03,11:45:00,24.03,24.28,24.03,24.17,23580.00000000029,1.0,0.0,0.0
2016-02-03,11:52:00,24.17,24.2099,24.04,24.14,41483.00000000029,1.0,0.0,0.0
2016-02-03,11:59:00,24.12,24.13,23.95,24.07,29152.00000000029,1.0,0.0,0.0
2016-02-03,12:06:00,24.08,24.2273,24.07,24.12,27522.00000000029,1.0,0.0,0.0
2016-02-03,12:13:00,24.11,24.3,24.09,24.22,25849.00000000029,1.0,0.0,0.0
2016-02-03,12:20:00,24.23,24.26,24.13,24.16,31549.00000000029,1.0,0.0,0.0
2016-02-03,12:27:00,24.17,24.21,23.98,24.05,41398.00000000029,1.0,0.0,0.0
2016-02-03,12:34:00,24.04,24.07,23.8,23.84,16553.00000000029,1.0,0.0,0.0
2016-02-03,12:41:00,23.81,23.96,23.81,23.92,20848.00000000029,1.0,0.0,0.0
2016-02-03,12:48:00,23.92,23.94,23.79,23.9105,27176.00000000029,1.0,0.0,0.0
2016-02-03,12:55:00,23.93,24.03,23.91,24.03,35924.00000000029,1.0,0.0,0.0
2016-02-03,13:02:00,24.04,24.1,23.98,24.01,52248.00000000029,1.0,0.0,0.0
2016-02-03,13:09:00,24.01,24.07,23.96,24.0,17046.00000000029,1.0,0.0,0.0
2016-02-03,13:16:00,24.0,24.07,23.955,24.07,32823.00000000029,1.0,0.0,0.0
2016-02-03,13:23:00,24.06,24.06,23.89,23.93,23023.00000000029,1.0,0.0,0.0
2016-02-03,13:30:00,23.92,24.03,23.92,23.95,14381.000000000291,1.0,0.0,0.0
2016-02-03,13:37:00,23.94,23.95,23.81,23.83,20561.00000000029,1.0,0.0,0.0
2016-02-03,13:44:00,23.82,23.93,23.82,23.9,23048.00000000029,1.0,0.0,0.0
2016-02-03,13:51:00,23.91,23.98,23.88,23.93,23553.00000000029,1.0,0.0,0.0
2016-02-03,13:58:00,23.92,23.94,23.85,23.88,30612.00000000029,1.0,0.0,0.0
2016-02-03,14:05:00,23.88,24.0001,23.87,23.98,45764.00000000029,1.0,0.0,0.0
2016-02-03,14:12:00,23.97,24.16,23.97,24.11,32035.00000000029,1.0,0.0,0.0
2016-02-03,14:19:00,24.1,24.11,23.96,23.98,32065.00000000029,1.0,0.0,0.0
2016-02-03,14:26:00,23.97,24.18,23.95,24.14,40176.00000000029,1.0,0.0,0.0
2016-02-03,14:33:00,24.13,24.27,24.11,24.21,82227.00000000029,1.0,0.0,0.0
2016-02-03,14:40:00,24.21,24.23,24.14,24.14,79161.00000000029,1.0,0.0,0.0
2016-02-03,14:47:00,24.16,24.36,24.13,24.3,57930.00000000029,1.0,0.0,0.0
2016-02-03,14:54:00,24.31,24.37,24.25,24.3,27665.00000000029,1.0,0.0,0.0
2016-02-03,15:01:00,24.3,24.53,24.3,24.462,73510.00000000029,1.0,0.0,0.0
2016-02-03,15:08:00,24.46,24.57,24.44,24.53,39294.00000000029,1.0,0.0,0.0
2016-02-03,15:15:00,24.54,24.7462,24.54,24.6755,119995.00000000029,1.0,0.0,0.0
2016-02-03,15:22:00,24.68,24.68,24.5,24.525,58704.00000000029,1.0,0.0,0.0
2016-02-03,15:29:00,24.54,24.5975,24.42,24.42,49057.00000000029,1.0,0.0,0.0
2016-02-03,15:36:00,24.4288,24.495,24.37,24.39,65416.00000000029,1.0,0.0,0.0
2016-02-03,15:43:00,24.39,24.54,24.34,24.53,99810.00000000029,1.0,0.0,0.0
2016-02-03,15:50:00,24.53,24.57,24.51,24.55,111647.00000000029,1.0,0.0,0.0
2016-02-03,15:57:00,24.55,24.63,24.55,24.59,150466.0000000003,1.0,0.0,0.0
2016-02-04,09:34:00,24.59,25.22,24.57,25.2,148319.0000000003,1.0,0.0,0.0
2016-02-04,09:41:00,25.23,25.71,25.18,25.5256,75613.00000000029,1.0,0.0,0.0
2016-02-04,09:48:00,25.53,25.71,25.25,25.71,68439.00000000029,1.0,0.0,0.0
2016-02-04,09:55:00,25.68,25.76,25.58,25.65,80029.00000000029,1.0,0.0,0.0
2016-02-04,10:02:00,25.6766,25.72,25.39,25.47,42357.00000000029,1.0,0.0,0.0
2016-02-04,10:09:00,25.47,25.64,25.38,25.5499,91605.00000000029,1.0,0.0,0.0
2016-02-04,10:16:00,25.53,25.88,25.46,25.87,86918.00000000029,1.0,0.0,0.0
2016-02-04,10:23:00,25.84,25.99,25.79,25.82,86108.00000000029,1.0,0.0,0.0
2016-02-04,10:30:00,25.82,25.88,25.73,25.745,36691.00000000029,1.0,0.0,0.0
2016-02-04,10:37:00,25.77,25.91,25.7,25.7701,62881.00000000029,1.0,0.0,0.0
2016-02-04,10:44:00,25.81,25.87,25.66,25.66,39412.00000000029,1.0,0.0,0.0
2016-02-04,10:51:00,25.67,25.69,25.53,25.63,40206.00000000029,1.0,0.0,0.0
2016-02-04,10:58:00,25.62,25.76,25.49,25.55,45806.00000000029,1.0,0.0,0.0
2016-02-04,11:05:00,25.55,25.58,25.25,25.25,55171.00000000029,1.0,0.0,0.0
2016-02-04,11:12:00,25.25,25.475,25.2101,25.34,50967.00000000029,1.0,0.0,0.0
2016-02-04,11:19:00,25.33,25.33,25.06,25.1,68413.00000000029,1.0,0.0,0.0
2016-02-04,11:26:00,25.06,25.18,25.01,25.11,44387.00000000029,1.0,0.0,0.0
2016-02-04,11:33:00,25.11,25.21,24.9,24.95,78455.00000000029,1.0,0.0,0.0
2016-02-04,11:40:00,24.96,25.16,24.95,25.12,51622.00000000029,1.0,0.0,0.0
2016-02-04,11:47:00,25.1,25.12,24.63,24.73,58189.00000000029,1.0,0.0,0.0
2016-02-04,11:54:00,24.76,24.89,24.66,24.755,84070.00000000029,1.0,0.0,0.0
2016-02-04,12:01:00,24.75,24.98,24.68,24.9,59815.00000000029,1.0,0.0,0.0
2016-02-04,12:08:00,24.9,25.14,24.89,25.0899,49297.00000000029,1.0,0.0,0.0
2016-02-04,12:15:00,25.07,25.25,24.98,25.04,29927.00000000029,1.0,0.0,0.0
2016-02-04,12:22:00,25.05,25.23,25.05,25.13,47147.00000000029,1.0,0.0,0.0
2016-02-04,12:29:00,25.12,25.12,24.87,25.0794,30115.00000000029,1.0,0.0,0.0
2016-02-04,12:36:00,25.05,25.21,25.0,25.21,22157.00000000029,1.0,0.0,0.0
2016-02-04,12:43:00,25.21,25.32,25.21,25.26,40808.00000000029,1.0,0.0,0.0
2016-02-04,12:50:00,25.26,25.44,25.26,25.44,52308.00000000029,1.0,0.0,0.0
2016-02-04,12:57:00,25.42,25.48,25.28,25.3,18461.00000000029,1.0,0.0,0.0
2016-02-04,13:04:00,25.29,25.36,25.21,25.3,29402.00000000029,1.0,0.0,0.0
2016-02-04,13:11:00,25.32,25.4,25.29,25.35,23753.00000000029,1.0,0.0,0.0
2016-02-04,13:18:00,25.37,25.37,25.13,25.177,33170.00000000029,1.0,0.0,0.0
2016-02-04,13:25:00,25.1799,25.19,24.93,24.97,33028.00000000029,1.0,0.0,0.0
2016-02-04,13:32:00,24.97,25.11,24.95,25.06,24916.00000000029,1.0,0.0,0.0
2016-02-04,13:39:00,25.08,25.2,25.01,25.06,23814.00000000029,1.0,0.0,0.0
2016-02-04,13:46:00,25.0488,25.073,24.9,24.91,27229.00000000029,1.0,0.0,0.0
2016-02-04,13:53:00,24.89,24.95,24.79,24.92,51773.00000000029,1.0,0.0,0.0
2016-02-04,14:00:00,24.94,24.99,24.9,24.9443,36625.00000000029,1.0,0.0,0.0
2016-02-04,14:07:00,24.92,24.99,24.87,24.96,41129.00000000029,1.0,0.0,0.0
2016-02-04,14:14:00,24.96,25.18,24.94,25.18,39736.00000000029,1.0,0.0,0.0
2016-02-04,14:21:00,25.18,25.3,25.15,25.1898,57617.00000000029,1.0,0.0,0.0
2016-02-04,14:28:00,25.2,25.22,25.08,25.1,71198.00000000029,1.0,0.0,0.0
2016-02-04,14:35:00,25.09,25.245,25.08,25.22,72748.00000000029,1.0,0.0,0.0
2016-02-04,14:42:00,25.2,25.25,25.16,25.2,74307.00000000029,1.0,0.0,0.0
2016-02-04,14:49:00,25.21,25.34,25.18,25.33,65833.00000000029,1.0,0.0,0.0
2016-02-04,14:56:00,25.33,25.4725,25.33,25.45,60657.00000000029,1.0,0.0,0.0
2016-02-04,15:03:00,25.44,25.54,25.43,25.515,107115.00000000029,1.0,0.0,0.0
2016-02-04,15:10:00,25.51,25.52,25.3,25.4,97228.00000000029,1.0,0.0,0.0
2016-02-04,15:17:00,25.41,25.61,25.38,25.59,110279.00000000029,1.0,0.0,0.0
2016-02-04,15:24:00,25.58,25.645,25.47,25.4704,91918.00000000029,1.0,0.0,0.0
2016-02-04,15:31:00,25.47,25.47,25.36,25.43,93436.00000000029,1.0,0.0,0.0
2016-02-04,15:38:00,25.425,25.5,25.35,25.48,100218.00000000029,1.0,0.0,0.0
2016-02-04,15:45:00,25.48,25.53,25.41,25.43,133113.0000000003,1.0,0.0,0.0
2016-02-04,15:52:00,25.42,25.47,25.42,25.46,157531.0000000003,1.0,0.0,0.0
2016-02-04,15:59:00,25.45,25.535,25.45,25.49,248748.0000000003,1.0,0.0,0.0
2016-02-05,09:36:00,25.06,25.21,24.68,24.68,58574.00000000029,1.0,0.0,0.0
2016-02-05,09:43:00,24.65,24.965,24.5201,24.855,27439.00000000029,1.0,0.0,0.0
2016-02-05,09:50:00,24.84,25.04,24.81,24.875,116850.00000000029,1.0,0.0,0.0
2016-02-05,09:57:00,24.87,25.21,24.83,25.17,101838.00000000029,1.0,0.0,0.0
2016-02-05,10:04:00,25.15,25.58,25.1,25.58,91689.00000000029,1.0,0.0,0.0
2016-02-05,10:11:00,25.57,25.62,25.31,25.39,56756.00000000029,1.0,0.0,0.0
2016-02-05,10:18:00,25.44,25.62,25.36,25.53,33540.00000000029,1.0,0.0,0.0
2016-02-05,10:25:00,25.5,25.505,25.28,25.34,89506.00000000029,1.0,0.0,0.0
2016-02-05,10:32:00,25.33,25.4,24.98,25.05,49265.00000000029,1.0,0.0,0.0
2016-02-05,10:39:00,25.035,25.41,25.035,25.41,77373.00000000029,1.0,0.0,0.0
2016-02-05,10:46:00,25.4,25.72,25.4,25.57,44221.00000000029,1.0,0.0,0.0
2016-02-05,10:53:00,25.55,25.57,25.31,25.36,75264.00000000029,1.0,0.0,0.0
2016-02-05,11:00:00,25.35,25.39,25.165,25.24,50941.00000000029,1.0,0.0,0.0
2016-02-05,11:07:00,25.24,25.24,25.03,25.22,64672.00000000029,1.0,0.0,0.0
2016-02-05,11:14:00,25.22,25.33,25.109,25.29,56276.00000000029,1.0,0.0,0.0
2016-02-05,11:21:00,25.27,25.375,25.25,25.29,63310.00000000029,1.0,0.0,0.0
2016-02-05,11:28:00,25.27,25.31,25.115,25.12,50173.00000000029,1.0,0.0,0.0
2016-02-05,11:35:00,25.14,25.26,25.09,25.11,61593.00000000029,1.0,0.0,0.0
2016-02-05,11:42:00,25.11,25.19,25.105,25.17,57329.00000000029,1.0,0.0,0.0
2016-02-05,11:49:00,25.17,25.38,25.145,25.38,43184.00000000029,1.0,0.0,0.0
2016-02-05,11:56:00,25.39,25.53,25.39,25.52,47690.00000000029,1.0,0.0,0.0
2016-02-05,12:03:00,25.5,25.63,25.48,25.575,47268.00000000029,1.0,0.0,0.0
2016-02-05,12:10:00,25.58,25.62,25.52,25.54,81776.00000000029,1.0,0.0,0.0
2016-02-05,12:17:00,25.52,25.52,25.33,25.34,75684.00000000029,1.0,0.0,0.0
2016-02-05,12:24:00,25.33,25.43,25.3,25.42,65979.00000000029,1.0,0.0,0.0
2016-02-05,12:31:00,25.42,25.45,25.29,25.3,51233.00000000029,1.0,0.0,0.0
2016-02-05,12:38:00,25.3,25.44,25.3,25.41,35799.00000000029,1.0,0.0,0.0
2016-02-05,12:45:00,25.42,25.485,25.36,25.38,33247.00000000029,1.0,0.0,0.0
2016-02-05,12:52:00,25.37,25.41,25.33,25.4,29520.00000000029,1.0,0.0,0.0
2016-02-05,12:59:00,25.4,25.41,25.26,25.29,36332.00000000029,1.0,0.0,0.0
2016-02-05,13:06:00,25.31,25.49,25.31,25.48,43584.00000000029,1.0,0.0,0.0
2016-02-05,13:13:00,25.51,25.53,25.38,25.38,40152.00000000029,1.0,0.0,0.0
2016-02-05,13:20:00,25.3898,25.4,25.205,25.24,84157.00000000029,1.0,0.0,0.0
2016-02-05,13:27:00,25.23,25.32,25.18,25.31,56818.00000000029,1.0,0.0,0.0
2016-02-05,13:34:00,25.31,25.35,25.095,25.095,62067.00000000029,1.0,0.0,0.0
2016-02-05,13:41:00,25.0933,25.1,24.98,24.98,68943.00000000029,1.0,0.0,0.0
2016-02-05,13:48:00,24.98,25.03,24.95,24.97,54620.00000000029,1.0,0.0,0.0
2016-02-05,13:55:00,24.97,25.08,24.95,25.07,52922.00000000029,1.0,0.0,0.0
2016-02-05,14:02:00,25.08,25.15,25.07,25.13,93026.00000000029,1.0,0.0,0.0
2016-02-05,14:09:00,25.14,25.27,25.13,25.26,59232.00000000029,1.0,0.0,0.0
2016-02-05,14:16:00,25.25,25.3,25.18,25.27,84686.00000000029,1.0,0.0,0.0
2016-02-05,14:23:00,25.27,25.34,25.25,25.31,46029.00000000029,1.0,0.0,0.0
2016-02-05,14:30:00,25.3,25.35,25.26,25.26,60794.00000000029,1.0,0.0,0.0
2016-02-05,14:37:00,25.265,25.28,25.1728,25.1901,55021.00000000029,1.0,0.0,0.0
2016-02-05,14:44:00,25.2,25.29,25.195,25.25,55502.00000000029,1.0,0.0,0.0
2016-02-05,14:51:00,25.26,25.32,25.23,25.3028,42197.00000000029,1.0,0.0,0.0
2016-02-05,14:58:00,25.3032,25.33,25.23,25.23,43414.00000000029,1.0,0.0,0.0
2016-02-05,15:05:00,25.23,25.2492,25.11,25.15,57807.00000000029,1.0,0.0,0.0
2016-02-05,15:12:00,25.16,25.23,25.16,25.22,44881.00000000029,1.0,0.0,0.0
2016-02-05,15:19:00,25.22,25.4,25.18,25.39,62779.00000000029,1.0,0.0,0.0
2016-02-05,15:26:00,25.39,25.505,25.38,25.48,58963.00000000029,1.0,0.0,0.0
2016-02-05,15:33:00,25.47,25.57,25.46,25.565,88953.00000000029,1.0,0.0,0.0
2016-02-05,15:40:00,25.56,25.59,25.48,25.49,127858.00000000029,1.0,0.0,0.0
2016-02-05,15:47:00,25.5,25.66,25.5,25.63,178889.0000000003,1.0,0.0,0.0
2016-02-05,15:54:00,25.625,25.63,25.42,25.43,190965.0000000003,1.0,0.0,0.0
2016-02-08,09:31:00,25.43,25.56,24.1,24.1,297711.0000000003,1.0,0.0,0.0
2016-02-08,09:38:00,24.1001,24.17,23.29,23.29,164481.0000000003,1.0,0.0,0.0
2016-02-08,09:45:00,23.29,23.35,23.0,23.09,145601.0000000003,1.0,0.0,0.0
2016-02-08,09:52:00,23.09,23.17,22.97,23.06,123191.00000000029,1.0,0.0,0.0
2016-02-08,09:59:00,23.065,23.07,22.795,22.8,178902.0000000003,1.0,0.0,0.0
2016-02-08,10:06:00,22.79,22.8,22.25,22.32,215077.0000000003,1.0,0.0,0.0
2016-02-08,10:13:00,22.32,22.32,21.82,21.82,310097.0000000003,1.0,0.0,0.0
2016-02-08,10:20:00,21.81,22.32,21.79,22.24,391043.0000000003,1.0,0.0,0.0
2016-02-08,10:27:00,22.26,22.28,22.07,22.15,136964.0000000003,1.0,0.0,0.0
2016-02-08,10:34:00,22.1623,22.2,22.01,22.12,101617.00000000029,1.0,0.0,0.0
2016-02-08,10:41:00,22.12,22.61,22.06,22.44,133526.0000000003,1.0,0.0,0.0
2016-02-08,10:48:00,22.42,22.48,22.37,22.39,77782.00000000029,1.0,0.0,0.0
2016-02-08,10:55:00,22.39,22.92,22.39,22.85,133381.0000000003,1.0,0.0,0.0
2016-02-08,11:02:00,22.845,22.91,22.53,22.575,109271.00000000029,1.0,0.0,0.0
2016-02-08,11:09:00,22.58,22.69,22.55,22.63,79970.00000000029,1.0,0.0,0.0
2016-02-08,11:16:00,22.62,22.65,22.54,22.57,50173.00000000029,1.0,0.0,0.0
2016-02-08,11:23:00,22.575,23.1,22.575,23.09,55311.00000000029,1.0,0.0,0.0
2016-02-08,11:30:00,23.0916,23.16,22.8701,22.94,85637.00000000029,1.0,0.0,0.0
2016-02-08,11:37:00,22.94,23.12,22.8925,22.915,72732.00000000029,1.0,0.0,0.0
2016-02-08,11:44:00,22.93,22.93,22.81,22.855,52920.00000000029,1.0,0.0,0.0
2016-02-08,11:51:00,22.86,22.86,22.66,22.69,51073.00000000029,1.0,0.0,0.0
2016-02-08,11:58:00,22.69,22.77,22.67,22.77,44607.00000000029,1.0,0.0,0.0
2016-02-08,12:05:00,22.77,22.89,22.74,22.75,53738.00000000029,1.0,0.0,0.0
2016-02-08,12:12:00,22.741,22.77,22.7,22.71,33457.00000000029,1.0,0.0,0.0
2016-02-08,12:19:00,22.71,22.73,22.65,22.685,37315.00000000029,1.0,0.0,0.0
2016-02-08,12:26:00,22.675,22.85,22.665,22.815,43131.00000000029,1.0,0.0,0.0
2016-02-08,12:33:00,22.81,22.81,22.69,22.7,39049.00000000029,1.0,0.0,0.0
2016-02-08,12:40:00,22.68,22.7,22.61,22.65,42319.00000000029,1.0,0.0,0.0
2016-02-08,12:47:00,22.65,22.7,22.635,22.635,32035.00000000029,1.0,0.0,0.0
2016-02-08,12:54:00,22.63,22.66,22.555,22.58,60785.00000000029,1.0,0.0,0.0
2016-02-08,13:01:00,22.57,22.58,22.46,22.535,35685.00000000029,1.0,0.0,0.0
2016-02-08,13:08:00,22.54,22.56,22.49,22.49,34400.00000000029,1.0,0.0,0.0
2016-02-08,13:15:00,22.4999,22.53,22.445,22.53,52420.00000000029,1.0,0.0,0.0
2016-02-08,13:22:00,22.5358,22.59,22.495,22.51,51616.00000000029,1.0,0.0,0.0
2016-02-08,13:29:00,22.505,22.54,22.45,22.54,40527.00000000029,1.0,0.0,0.0
2016-02-08,13:36:00,22.53,22.54,22.43,22.45,48359.00000000029,1.0,0.0,0.0
2016-02-08,13:43:00,22.45,22.459,22.32,22.32,29706.00000000029,1.0,0.0,0.0
2016-02-08,13:50:00,22.3298,22.3298,22.21,22.2743,73621.00000000029,1.0,0.0,0.0
2016-02-08,13:57:00,22.28,22.28,22.21,22.23,43563.00000000029,1.0,0.0,0.0
2016-02-08,14:04:00,22.229,22.42,22.2001,22.4101,106154.00000000029,1.0,0.0,0.0
2016-02-08,14:11:00,22.41,22.47,22.38,22.45,70836.00000000029,1.0,0.0,0.0
2016-02-08,14:18:00,22.45,22.56,22.42,22.49,75513.00000000029,1.0,0.0,0.0
2016-02-08,14:25:00,22.49,22.72,22.48,22.72,98752.00000000029,1.0,0.0,0.0
2016-02-08,14:32:00,22.7,22.74,22.67,22.69,93984.00000000029,1.0,0.0,0.0
2016-02-08,14:39:00,22.68,22.72,22.675,22.715,127653.00000000029,1.0,0.0,0.0
2016-02-08,14:46:00,22.715,22.84,22.71,22.83,129182.00000000029,1.0,0.0,0.0
2016-02-08,14:53:00,22.83,22.84,22.774,22.774,56402.00000000029,1.0,0.0,0.0
2016-02-08,15:00:00,22.77,22.82,22.755,22.805,101737.00000000029,1.0,0.0,0.0
2016-02-08,15:07:00,22.8,22.88,22.79,22.86,98486.00000000029,1.0,0.0,0.0
2016-02-08,15:14:00,22.86,23.105,22.86,23.0975,124772.00000000029,1.0,0.0,0.0
2016-02-08,15:21:00,23.1,23.16,23.055,23.15,111111.00000000029,1.0,0.0,0.0
2016-02-08,15:28:00,23.155,23.2199,23.065,23.065,96885.00000000029,1.0,0.0,0.0
2016-02-08,15:35:00,23.07,23.11,23.02,23.03,124114.00000000029,1.0,0.0,0.0
2016-02-08,15:42:00,23.04,23.1025,22.99,23.08,159221.0000000003,1.0,0.0,0.0
2016-02-08,15:49:00,23.085,23.21,23.07,23.15,178599.0000000003,1.0,0.0,0.0
2016-02-08,15:56:00,23.15,23.17,23.135,23.16,121340.00000000029,1.0,0.0,0.0
2016-02-09,09:33:00,23.165,23.17,21.81,22.04,492084.0000000003,1.0,0.0,0.0
2016-02-09,09:40:00,22.04,22.05,21.55,21.61,242537.00000000023,1.0,0.0,0.0
2016-02-09,09:47:00,21.62,21.62,21.1,21.427,287083.00000000023,1.0,0.0,0.0
2016-02-09,09:54:00,21.42,21.55,21.17,21.195,164008.00000000023,1.0,0.0,0.0
2016-02-09,10:01:00,21.2,21.2599,21.0,21.235,269271.00000000023,1.0,0.0,0.0
2016-02-09,10:08:00,21.2242,21.42,21.1938,21.39,156086.00000000023,1.0,0.0,0.0
2016-02-09,10:15:00,21.3838,21.476,21.27,21.3105,116375.00000000023,1.0,0.0,0.0
2016-02-09,10:22:00,21.31,21.3675,21.18,21.345,76804.00000000023,1.0,0.0,0.0
2016-02-09,10:29:00,21.37,21.71,21.3401,21.7,85872.00000000023,1.0,0.0,0.0
2016-02-09,10:36:00,21.71,21.74,21.62,21.73,155549.00000000023,1.0,0.0,0.0
2016-02-09,10:43:00,21.74,21.8,21.59,21.595,96366.00000000023,1.0,0.0,0.0
2016-02-09,10:50:00,21.6,21.6,21.51,21.52,64233.00000000023,1.0,0.0,0.0
2016-02-09,10:57:00,21.51,21.51,21.3901,21.409000000000002,202621.00000000023,1.0,0.0,0.0
2016-02-09,11:04:00,21.4,21.41,21.2525,21.31,138510.00000000023,1.0,0.0,0.0
2016-02-09,11:11:00,21.305,21.4,21.255,21.375,103319.00000000023,1.0,0.0,0.0
2016-02-09,11:18:00,21.38,21.42,21.2199,21.22,102753.00000000023,1.0,0.0,0.0
2016-02-09,11:25:00,21.215,21.23,21.01,21.01,135837.00000000023,1.0,0.0,0.0
2016-02-09,11:32:00,21.02,21.02,20.77,20.77,283825.00000000023,1.0,0.0,0.0
2016-02-09,11:39:00,20.775,20.775,20.48,20.4889,116323.00000000023,1.0,0.0,0.0
2016-02-09,11:46:00,20.485,20.67,20.48,20.56,205387.00000000023,1.0,0.0,0.0
2016-02-09,11:53:00,20.56,20.59,20.29,20.3,136923.00000000023,1.0,0.0,0.0
2016-02-09,12:00:00,20.29,20.41,20.2,20.35,104205.00000000023,1.0,0.0,0.0
2016-02-09,12:07:00,20.345,20.42,20.22,20.31,88389.00000000023,1.0,0.0,0.0
2016-02-09,12:14:00,20.31,20.34,20.215,20.225,95336.00000000023,1.0,0.0,0.0
2016-02-09,12:21:00,20.225,20.26,20.0,20.12,239453.00000000023,1.0,0.0,0.0
2016-02-09,12:28:00,20.12,20.4,20.12,20.3739,70638.00000000023,1.0,0.0,0.0
2016-02-09,12:35:00,20.3701,20.49,20.36,20.47,78024.00000000023,1.0,0.0,0.0
2016-02-09,12:42:00,20.48,20.53,20.28,20.28,109930.00000000023,1.0,0.0,0.0
2016-02-09,12:49:00,20.28,20.4,20.26,20.27,60411.00000000023,1.0,0.0,0.0
2016-02-09,12:56:00,20.28,20.4,20.27,20.34,42615.00000000023,1.0,0.0,0.0
2016-02-09,13:03:00,20.35,20.36,20.22,20.24,40436.00000000023,1.0,0.0,0.0
2016-02-09,13:10:00,20.24,20.25,20.15,20.15,46243.00000000023,1.0,0.0,0.0
2016-02-09,13:17:00,20.15,20.205,20.13,20.1401,43253.00000000023,1.0,0.0,0.0
2016-02-09,13:24:00,20.15,20.2,20.11,20.127,108806.00000000023,1.0,0.0,0.0
2016-02-09,13:31:00,20.13,20.2,20.11,20.1901,96559.00000000023,1.0,0.0,0.0
2016-02-09,13:38:00,20.195,20.23,20.06,20.06,109681.00000000023,1.0,0.0,0.0
2016-02-09,13:45:00,20.06,20.06,19.94,19.9901,165141.00000000023,1.0,0.0,0.0
2016-02-09,13:52:00,19.98,20.01,19.86,19.99,136068.00000000023,1.0,0.0,0.0
2016-02-09,13:59:00,19.99,20.0,19.9401,19.985,74100.00000000023,1.0,0.0,0.0
2016-02-09,14:06:00,19.985,20.01,19.98,20.005,236927.00000000023,1.0,0.0,0.0
2016-02-09,14:13:00,20.0,20.01,19.9525,19.96,326386.00000000023,1.0,0.0,0.0
2016-02-09,14:20:00,19.962,20.31,19.96,20.3099,177483.00000000023,1.0,0.0,0.0
2016-02-09,14:27:00,20.3,20.32,20.18,20.204,179088.00000000023,1.0,0.0,0.0
2016-02-09,14:34:00,20.2,20.35,20.1701,20.35,90978.00000000023,1.0,0.0,0.0
2016-02-09,14:41:00,20.35,20.405,20.3025,20.395,136009.00000000023,1.0,0.0,0.0
2016-02-09,14:48:00,20.4,20.6,20.38,20.45,91075.00000000023,1.0,0.0,0.0
2016-02-09,14:55:00,20.45,20.66,20.4301,20.655,118196.00000000023,1.0,0.0,0.0
2016-02-09,15:02:00,20.659000000000002,20.67,20.59,20.65,117612.00000000023,1.0,0.0,0.0
2016-02-09,15:09:00,20.64,20.97,20.623,20.95,256159.00000000023,1.0,0.0,0.0
2016-02-09,15:16:00,20.959,20.98,20.93,20.96,233790.00000000023,1.0,0.0,0.0
2016-02-09,15:23:00,20.95,20.97,20.66,20.68,152764.00000000023,1.0,0.0,0.0
2016-02-09,15:30:00,20.68,20.68,20.56,20.6625,150377.00000000023,1.0,0.0,0.0
2016-02-09,15:37:00,20.665,20.76,20.66,20.75,155155.00000000023,1.0,0.0,0.0
2016-02-09,15:44:00,20.75,20.76,20.5825,20.63,171773.00000000023,1.0,0.0,0.0
2016-02-09,15:51:00,20.625,20.66,20.61,20.62,205368.00000000023,1.0,0.0,0.0
2016-02-09,15:58:00,20.62,20.63,20.61,20.62,178886.00000000023,1.0,0.0,0.0
2016-02-10,09:35:00,20.62,20.75,20.13,20.35,238875.00000000023,1.0,0.0,0.0
2016-02-10,09:42:00,20.36,20.37,19.99,20.0201,110035.00000000023,1.0,0.0,0.0
2016-02-10,09:49:00,20.0599,20.32,19.8,20.32,159860.00000000023,1.0,0.0,0.0
2016-02-10,09:56:00,20.33,20.787,20.32,20.7,82640.00000000023,1.0,0.0,0.0
2016-02-10,10:03:00,20.7,20.94,20.67,20.84,101456.00000000023,1.0,0.0,0.0
2016-02-10,10:10:00,20.84,21.0,20.78,20.955,87570.00000000023,1.0,0.0,0.0
2016-02-10,10:17:00,20.96,20.988000000000003,20.86,20.905,70878.00000000023,1.0,0.0,0.0
2016-02-10,10:24:00,20.91,21.06,20.87,21.05,119252.00000000023,1.0,0.0,0.0
2016-02-10,10:31:00,21.06,21.4,21.005,21.4,80347.00000000023,1.0,0.0,0.0
2016-02-10,10:38:00,21.38,21.53,20.9,20.9,118546.00000000023,1.0,0.0,0.0
2016-02-10,10:45:00,20.91,21.0,20.755,20.78,87699.00000000023,1.0,0.0,0.0
2016-02-10,10:52:00,20.78,20.96,20.73,20.885,58861.00000000023,1.0,0.0,0.0
2016-02-10,10:59:00,20.88,20.9,20.59,20.6,73280.00000000023,1.0,0.0,0.0
2016-02-10,11:06:00,20.61,20.77,20.54,20.74,70958.00000000023,1.0,0.0,0.0
2016-02-10,11:13:00,20.73,20.83,20.6,20.82,59447.00000000023,1.0,0.0,0.0
2016-02-10,11:20:00,20.82,20.87,20.761999999999997,20.8,55903.00000000023,1.0,0.0,0.0
2016-02-10,11:27:00,20.81,20.92,20.795,20.83,69562.00000000023,1.0,0.0,0.0
2016-02-10,11:34:00,20.83,20.855,20.66,20.7,55856.00000000023,1.0,0.0,0.0
2016-02-10,11:41:00,20.7,20.705,20.54,20.65,59753.00000000023,1.0,0.0,0.0
2016-02-10,11:48:00,20.65,20.71,20.55,20.67,43299.00000000023,1.0,0.0,0.0
2016-02-10,11:55:00,20.68,20.81,20.616,20.81,51623.00000000023,1.0,0.0,0.0
2016-02-10,12:02:00,20.8,20.9438,20.79,20.83,47918.00000000023,1.0,0.0,0.0
2016-02-10,12:09:00,20.8201,20.91,20.76,20.8101,39179.00000000023,1.0,0.0,0.0
2016-02-10,12:16:00,20.83,20.83,20.715,20.74,36061.00000000023,1.0,0.0,0.0
2016-02-10,12:23:00,20.745,21.0,20.73,20.95,79095.00000000023,1.0,0.0,0.0
2016-02-10,12:30:00,20.95,21.0,20.91,20.98,22112.000000000233,1.0,0.0,0.0
2016-02-10,12:37:00,20.98,21.16,20.98,21.16,69727.00000000023,1.0,0.0,0.0
2016-02-10,12:44:00,21.18,21.2425,21.1201,21.14,33226.00000000023,1.0,0.0,0.0
2016-02-10,12:51:00,21.14,21.17,21.0201,21.14,44101.00000000023,1.0,0.0,0.0
2016-02-10,12:58:00,21.12,21.1245,21.02,21.06,38896.00000000023,1.0,0.0,0.0
2016-02-10,13:05:00,21.06,21.19,21.05,21.075,32818.00000000023,1.0,0.0,0.0
2016-02-10,13:12:00,21.08,21.1,20.91,20.99,101601.00000000023,1.0,0.0,0.0
2016-02-10,13:19:00,21.0,21.01,20.91,20.98,24894.000000000233,1.0,0.0,0.0
2016-02-10,13:26:00,20.98,21.07,20.96,20.97,23542.000000000233,1.0,0.0,0.0
2016-02-10,13:33:00,20.955,20.98,20.91,20.95,19376.000000000233,1.0,0.0,0.0
2016-02-10,13:40:00,20.95,21.04,20.94,21.04,18250.000000000233,1.0,0.0,0.0
2016-02-10,13:47:00,21.04,21.1,21.03,21.09,35421.00000000023,1.0,0.0,0.0
2016-02-10,13:54:00,21.09,21.095,21.04,21.0471,21903.000000000233,1.0,0.0,0.0
2016-02-10,14:01:00,21.04,21.085,21.04,21.085,29596.000000000233,1.0,0.0,0.0
2016-02-10,14:08:00,21.08,21.16,21.0001,21.13,54549.00000000023,1.0,0.0,0.0
2016-02-10,14:15:00,21.1201,21.13,21.08,21.08,36929.00000000023,1.0,0.0,0.0
2016-02-10,14:22:00,21.08,21.135,21.01,21.07,29966.000000000233,1.0,0.0,0.0
2016-02-10,14:29:00,21.06,21.07,21.0101,21.055,28573.000000000233,1.0,0.0,0.0
2016-02-10,14:36:00,21.0503,21.18,21.05,21.065,38651.00000000023,1.0,0.0,0.0
2016-02-10,14:43:00,21.07,21.08,21.0,21.03,30001.000000000233,1.0,0.0,0.0
2016-02-10,14:50:00,21.04,21.05,21.01,21.04,24458.000000000233,1.0,0.0,0.0
2016-02-10,14:57:00,21.03,21.16,21.02,21.105,62510.00000000023,1.0,0.0,0.0
2016-02-10,15:04:00,21.11,21.275,21.105,21.275,55227.00000000023,1.0,0.0,0.0
2016-02-10,15:11:00,21.28,21.305,21.2401,21.27,51563.00000000023,1.0,0.0,0.0
2016-02-10,15:18:00,21.26,21.26,21.0,21.0,66043.00000000023,1.0,0.0,0.0
2016-02-10,15:25:00,21.0,21.1444,20.98,21.14,51550.00000000023,1.0,0.0,0.0
2016-02-10,15:32:00,21.15,21.17,20.98,20.99,128020.00000000023,1.0,0.0,0.0
2016-02-10,15:39:00,20.985,20.985,20.84,20.86,123847.00000000023,1.0,0.0,0.0
2016-02-10,15:46:00,20.855,20.95,20.78,20.91,175710.00000000023,1.0,0.0,0.0
2016-02-10,15:53:00,20.918000000000003,20.93,20.84,20.85,149047.00000000023,1.0,0.0,0.0
2016-02-11,09:30:00,20.85,20.91,20.1,20.18,174189.00000000023,1.0,0.0,0.0
2016-02-11,09:37:00,20.18,20.35,20.12,20.21,232951.00000000023,1.0,0.0,0.0
2016-02-11,09:44:00,20.22,20.33,20.06,20.31,137375.00000000023,1.0,0.0,0.0
2016-02-11,09:51:00,20.34,20.64,20.32,20.58,77535.00000000023,1.0,0.0,0.0
2016-02-11,09:58:00,20.58,20.75,20.53,20.67,79918.00000000023,1.0,0.0,0.0
2016-02-11,10:05:00,20.675,20.78,20.37,20.67,71593.00000000023,1.0,0.0,0.0
2016-02-11,10:12:00,20.7,20.73,20.43,20.43,68564.00000000023,1.0,0.0,0.0
2016-02-11,10:19:00,20.43,20.57,20.13,20.21,36042.00000000023,1.0,0.0,0.0
2016-02-11,10:26:00,20.2,20.24,20.03,20.12,54046.00000000023,1.0,0.0,0.0
2016-02-11,10:33:00,20.11,20.23,20.03,20.03,76842.00000000023,1.0,0.0,0.0
2016-02-11,10:40:00,20.04,20.14,20.0,20.1,74826.00000000023,1.0,0.0,0.0
2016-02-11,10:47:00,20.1,20.16,20.0,20.16,67845.00000000023,1.0,0.0,0.0
2016-02-11,10:54:00,20.15,20.22,19.95,20.03,58881.00000000023,1.0,0.0,0.0
2016-02-11,11:01:00,20.02,20.13,19.97,20.11,92634.00000000023,1.0,0.0,0.0
2016-02-11,11:08:00,20.12,20.15,20.04,20.08,52214.00000000023,1.0,0.0,0.0
2016-02-11,11:15:00,20.09,20.14,19.95,19.99,61049.00000000023,1.0,0.0,0.0
2016-02-11,11:22:00,19.99,20.13,19.96,20.08,197628.00000000023,1.0,0.0,0.0
2016-02-11,11:29:00,20.075,20.1,19.78,19.83,75801.00000000023,1.0,0.0,0.0
2016-02-11,11:36:00,19.8275,19.95,19.81,19.825,58097.00000000023,1.0,0.0,0.0
2016-02-11,11:43:00,19.82,19.97,19.7,19.72,71820.00000000023,1.0,0.0,0.0
2016-02-11,11:50:00,19.715,19.75,19.57,19.67,64256.00000000023,1.0,0.0,0.0
2016-02-11,11:57:00,19.66,19.74,19.55,19.68,82434.00000000023,1.0,0.0,0.0
2016-02-11,12:04:00,19.68,19.8,19.66,19.76,32052.000000000233,1.0,0.0,0.0
2016-02-11,12:11:00,19.78,19.86,19.75,19.77,37673.00000000023,1.0,0.0,0.0
2016-02-11,12:18:00,19.77,19.7899,19.55,19.57,34815.00000000023,1.0,0.0,0.0
2016-02-11,12:25:00,19.569000000000003,19.64,19.53,19.55,60360.00000000023,1.0,0.0,0.0
2016-02-11,12:32:00,19.56,19.615,19.39,19.48,71358.00000000023,1.0,0.0,0.0
2016-02-11,12:39:00,19.48,19.49,19.35,19.35,74076.00000000023,1.0,0.0,0.0
2016-02-11,12:46:00,19.35,19.38,19.31,19.36,58064.00000000023,1.0,0.0,0.0
2016-02-11,12:53:00,19.36,19.49,19.305,19.34,61655.00000000023,1.0,0.0,0.0
2016-02-11,13:00:00,19.34,19.43,19.27,19.3475,62159.00000000023,1.0,0.0,0.0
2016-02-11,13:07:00,19.34,19.44,19.29,19.31,66964.00000000023,1.0,0.0,0.0
2016-02-11,13:14:00,19.299,19.4,19.299,19.35,56246.00000000023,1.0,0.0,0.0
2016-02-11,13:21:00,19.3301,19.44,19.31,19.39,45505.00000000023,1.0,0.0,0.0
2016-02-11,13:28:00,19.38,19.4,19.32,19.33,29059.000000000233,1.0,0.0,0.0
2016-02-11,13:35:00,19.34,19.405,19.2916,19.32,52486.00000000023,1.0,0.0,0.0
2016-02-11,13:42:00,19.3227,19.36,19.22,19.22,45774.00000000023,1.0,0.0,0.0
2016-02-11,13:49:00,19.24,19.2813,19.21,19.23,37038.00000000023,1.0,0.0,0.0
2016-02-11,13:56:00,19.24,19.295,19.18,19.18,48902.00000000023,1.0,0.0,0.0
2016-02-11,14:03:00,19.18,19.21,19.13,19.19,44840.00000000023,1.0,0.0,0.0
2016-02-11,14:10:00,19.18,19.2251,19.04,19.04,115374.00000000023,1.0,0.0,0.0
2016-02-11,14:17:00,19.04,19.16,19.03,19.09,88601.00000000023,1.0,0.0,0.0
2016-02-11,14:24:00,19.08,19.14,19.04,19.05,74838.00000000023,1.0,0.0,0.0
2016-02-11,14:31:00,19.06,19.06,18.88,18.88,159505.00000000023,1.0,0.0,0.0
2016-02-11,14:38:00,18.89,19.1,18.88,19.1,111313.00000000023,1.0,0.0,0.0
2016-02-11,14:45:00,19.09,19.56,19.04,19.51,170183.00000000023,1.0,0.0,0.0
2016-02-11,14:52:00,19.51,19.75,19.5,19.75,96652.00000000023,1.0,0.0,0.0
2016-02-11,14:59:00,19.76,19.9,19.65,19.71,98923.00000000023,1.0,0.0,0.0
2016-02-11,15:06:00,19.7,19.74,19.49,19.51,118896.00000000023,1.0,0.0,0.0
2016-02-11,15:13:00,19.53,19.62,19.4,19.62,160842.00000000023,1.0,0.0,0.0
2016-02-11,15:20:00,19.62,19.625,19.43,19.47,110806.00000000023,1.0,0.0,0.0
2016-02-11,15:27:00,19.47,19.63,19.42,19.56,171215.00000000023,1.0,0.0,0.0
2016-02-11,15:34:00,19.57,19.67,19.53,19.6572,144692.00000000023,1.0,0.0,0.0
2016-02-11,15:41:00,19.65,19.855,19.65,19.805,222519.00000000023,1.0,0.0,0.0
2016-02-11,15:48:00,19.81,19.87,19.69,19.75,172440.00000000023,1.0,0.0,0.0
2016-02-11,15:55:00,19.74,19.79,19.66,19.71,182265.00000000023,1.0,0.0,0.0
2016-02-12,09:32:00,19.7,20.27,19.6,20.13,208118.00000000023,1.0,0.0,0.0
2016-02-12,09:40:00,20.13,20.22,20.0,20.17,209657.00000000023,1.0,0.0,0.0
2016-02-12,09:47:00,20.1875,20.23,19.74,19.79,109865.00000000023,1.0,0.0,0.0
2016-02-12,09:54:00,19.81,19.93,19.55,19.6,108227.00000000023,1.0,0.0,0.0
2016-02-12,10:01:00,19.6,19.66,19.45,19.66,81703.00000000023,1.0,0.0,0.0
2016-02-12,10:08:00,19.68,19.72,19.38,19.5,85405.00000000023,1.0,0.0,0.0
2016-02-12,10:15:00,19.48,19.68,19.46,19.47,84790.00000000023,1.0,0.0,0.0
2016-02-12,10:22:00,19.48,19.7,19.3,19.47,75864.00000000023,1.0,0.0,0.0
2016-02-12,10:29:00,19.46,19.66,19.38,19.61,58378.00000000023,1.0,0.0,0.0
2016-02-12,10:36:00,19.6,19.87,19.595,19.83,85963.00000000023,1.0,0.0,0.0
2016-02-12,10:43:00,19.83,20.02,19.78,19.92,41852.00000000023,1.0,0.0,0.0
2016-02-12,10:50:00,19.91,19.96,19.72,19.83,60962.00000000023,1.0,0.0,0.0
2016-02-12,10:57:00,19.8153,19.85,19.68,19.741,65904.00000000023,1.0,0.0,0.0
2016-02-12,11:04:00,19.75,19.98,19.74,19.93,46342.00000000023,1.0,0.0,0.0
2016-02-12,11:11:00,19.92,20.22,19.92,20.21,42775.00000000023,1.0,0.0,0.0
2016-02-12,11:18:00,20.2,20.396,20.17,20.39,37040.00000000023,1.0,0.0,0.0
2016-02-12,11:25:00,20.39,20.45,20.32,20.4,46646.00000000023,1.0,0.0,0.0
2016-02-12,11:32:00,20.4,20.45,20.33,20.39,77181.00000000023,1.0,0.0,0.0
2016-02-12,11:39:00,20.38,20.45,20.29,20.3,34795.00000000023,1.0,0.0,0.0
2016-02-12,11:46:00,20.324,20.39,20.19,20.2,26572.000000000233,1.0,0.0,0.0
2016-02-12,11:53:00,20.22,20.35,20.212,20.25,37056.00000000023,1.0,0.0,0.0
2016-02-12,12:00:00,20.23,20.23,20.01,20.05,40575.00000000023,1.0,0.0,0.0
2016-02-12,12:07:00,20.05,20.09,20.01,20.04,35807.00000000023,1.0,0.0,0.0
2016-02-12,12:14:00,20.04,20.09,19.89,19.89,76074.00000000023,1.0,0.0,0.0
2016-02-12,12:21:00,19.89,19.91,19.8,19.85,51813.00000000023,1.0,0.0,0.0
2016-02-12,12:28:00,19.84,19.895,19.79,19.87,55074.00000000023,1.0,0.0,0.0
2016-02-12,12:35:00,19.89,19.98,19.86,19.98,67254.00000000023,1.0,0.0,0.0
2016-02-12,12:42:00,19.975,20.06,19.94,19.98,29847.000000000233,1.0,0.0,0.0
2016-02-12,12:49:00,19.97,19.99,19.92,19.96,64286.00000000023,1.0,0.0,0.0
2016-02-12,12:56:00,19.96,20.02,19.91,19.97,65891.00000000023,1.0,0.0,0.0
2016-02-12,13:03:00,19.96,20.05,19.95,19.98,41177.00000000023,1.0,0.0,0.0
2016-02-12,13:10:00,19.985,20.0228,19.89,19.89,29748.000000000233,1.0,0.0,0.0
2016-02-12,13:17:00,19.93,20.02,19.87,19.89,49816.00000000023,1.0,0.0,0.0
2016-02-12,13:24:00,19.89,19.92,19.8301,19.8301,55576.00000000023,1.0,0.0,0.0
2016-02-12,13:31:00,19.85,19.925,19.85,19.87,45741.00000000023,1.0,0.0,0.0
2016-02-12,13:38:00,19.87,19.99,19.86,19.96,35867.00000000023,1.0,0.0,0.0
2016-02-12,13:45:00,19.97,19.99,19.9,19.94,22784.000000000233,1.0,0.0,0.0
2016-02-12,13:52:00,19.95,19.985,19.85,19.89,29139.000000000233,1.0,0.0,0.0
2016-02-12,13:59:00,19.88,19.9,19.815,19.86,35492.00000000023,1.0,0.0,0.0
2016-02-12,14:06:00,19.85,19.905,19.82,19.88,45632.00000000023,1.0,0.0,0.0
2016-02-12,14:13:00,19.89,20.01,19.86,19.97,46166.00000000023,1.0,0.0,0.0
2016-02-12,14:20:00,19.985,20.01,19.91,19.91,31105.000000000233,1.0,0.0,0.0
2016-02-12,14:27:00,19.9,20.02,19.89,20.015,36106.00000000023,1.0,0.0,0.0
2016-02-12,14:34:00,20.03,20.045,19.93,19.97,44852.00000000023,1.0,0.0,0.0
2016-02-12,14:41:00,19.97,19.985,19.92,19.94,38904.00000000023,1.0,0.0,0.0
2016-02-12,14:48:00,19.94,20.0272,19.92,19.98,38263.00000000023,1.0,0.0,0.0
2016-02-12,14:55:00,19.98,20.035,19.96,19.97,44769.00000000023,1.0,0.0,0.0
2016-02-12,15:02:00,19.96,20.0,19.95,19.97,37396.00000000023,1.0,0.0,0.0
2016-02-12,15:09:00,19.97,20.09,19.97,20.075,61528.00000000023,1.0,0.0,0.0
2016-02-12,15:16:00,20.07,20.111,20.06,20.11,46916.00000000023,1.0,0.0,0.0
2016-02-12,15:23:00,20.1,20.165,20.08,20.09,54680.00000000023,1.0,0.0,0.0
2016-02-12,15:30:00,20.1,20.1,20.02,20.07,71388.00000000023,1.0,0.0,0.0
2016-02-12,15:37:00,20.07,20.083,19.995,20.02,89557.00000000023,1.0,0.0,0.0
2016-02-12,15:44:00,20.02,20.04,19.96,20.02,142518.00000000023,1.0,0.0,0.0
2016-02-12,15:51:00,20.015,20.1,20.015,20.06,134372.00000000023,1.0,0.0,0.0
2016-02-12,15:58:00,20.06,20.18,20.04,20.17,300592.00000000023,1.0,0.0,0.0
2016-02-16,09:35:00,20.18,21.15,20.15,20.93,245854.00000000023,1.0,0.0,0.0
2016-02-16,09:42:00,20.93,20.94,20.65,20.82,62027.00000000023,1.0,0.0,0.0
2016-02-16,09:49:00,20.82,20.83,20.55,20.59,173227.00000000023,1.0,0.0,0.0
2016-02-16,09:56:00,20.61,20.72,20.36,20.36,110279.00000000023,1.0,0.0,0.0
2016-02-16,10:03:00,20.36,20.818,20.3,20.63,119940.00000000023,1.0,0.0,0.0
2016-02-16,10:10:00,20.635,20.747,20.52,20.55,71009.00000000023,1.0,0.0,0.0
2016-02-16,10:17:00,20.55,20.93,20.55,20.7841,92176.00000000023,1.0,0.0,0.0
2016-02-16,10:24:00,20.78,20.89,20.66,20.86,59558.00000000023,1.0,0.0,0.0
2016-02-16,10:31:00,20.85,20.85,20.6301,20.7,52393.00000000023,1.0,0.0,0.0
2016-02-16,10:38:00,20.69,20.83,20.61,20.61,63373.00000000023,1.0,0.0,0.0
2016-02-16,10:45:00,20.63,20.75,20.63,20.69,85042.00000000023,1.0,0.0,0.0
2016-02-16,10:52:00,20.7,20.72,20.53,20.53,35463.00000000023,1.0,0.0,0.0
2016-02-16,10:59:00,20.52,20.53,20.39,20.48,52361.00000000023,1.0,0.0,0.0
2016-02-16,11:06:00,20.48,20.569000000000003,20.42,20.45,82974.00000000023,1.0,0.0,0.0
2016-02-16,11:13:00,20.46,20.5,20.31,20.36,58222.00000000023,1.0,0.0,0.0
2016-02-16,11:20:00,20.36,20.49,20.26,20.47,39662.00000000023,1.0,0.0,0.0
2016-02-16,11:27:00,20.49,20.53,20.41,20.49,37490.00000000023,1.0,0.0,0.0
2016-02-16,11:34:00,20.49,20.52,20.38,20.47,46868.00000000023,1.0,0.0,0.0
2016-02-16,11:41:00,20.46,20.53,20.46,20.5,39678.00000000023,1.0,0.0,0.0
2016-02-16,11:48:00,20.49,20.6,20.43,20.6,33778.00000000023,1.0,0.0,0.0
2016-02-16,11:55:00,20.59,20.7,20.51,20.69,51227.00000000023,1.0,0.0,0.0
2016-02-16,12:02:00,20.7,20.783,20.66,20.783,59983.00000000023,1.0,0.0,0.0
2016-02-16,12:09:00,20.77,20.77,20.615,20.66,68327.00000000023,1.0,0.0,0.0
2016-02-16,12:16:00,20.67,20.675,20.51,20.63,24106.000000000233,1.0,0.0,0.0
2016-02-16,12:23:00,20.64,20.69,20.575,20.59,34783.00000000023,1.0,0.0,0.0
2016-02-16,12:30:00,20.6,20.6,20.42,20.42,34419.00000000023,1.0,0.0,0.0
2016-02-16,12:37:00,20.43,20.55,20.42,20.53,32854.00000000023,1.0,0.0,0.0
2016-02-16,12:44:00,20.53,20.6,20.52,20.55,32257.000000000233,1.0,0.0,0.0
2016-02-16,12:51:00,20.54,20.73,20.54,20.65,39860.00000000023,1.0,0.0,0.0
2016-02-16,12:58:00,20.65,20.81,20.62,20.79,25516.000000000233,1.0,0.0,0.0
2016-02-16,13:05:00,20.8,20.89,20.78,20.89,37704.00000000023,1.0,0.0,0.0
2016-02-16,13:12:00,20.89,20.95,20.85,20.93,38955.00000000023,1.0,0.0,0.0
2016-02-16,13:19:00,20.93,20.93,20.84,20.88,34060.00000000023,1.0,0.0,0.0
2016-02-16,13:26:00,20.88,20.9,20.84,20.86,31611.000000000233,1.0,0.0,0.0
2016-02-16,13:33:00,20.87,20.9,20.85,20.9,36758.00000000023,1.0,0.0,0.0
2016-02-16,13:40:00,20.9,21.0,20.88,20.97,57965.00000000023,1.0,0.0,0.0
2016-02-16,13:47:00,20.9799,21.0,20.9,20.94,25851.000000000233,1.0,0.0,0.0
2016-02-16,13:54:00,20.929000000000002,20.95,20.88,20.91,38206.00000000023,1.0,0.0,0.0
2016-02-16,14:01:00,20.92,20.94,20.86,20.88,34772.00000000023,1.0,0.0,0.0
2016-02-16,14:08:00,20.86,20.88,20.77,20.81,34335.00000000023,1.0,0.0,0.0
2016-02-16,14:15:00,20.8,20.85,20.79,20.838,34680.00000000023,1.0,0.0,0.0
2016-02-16,14:22:00,20.83,20.84,20.73,20.75,30683.000000000233,1.0,0.0,0.0
2016-02-16,14:29:00,20.74,20.759,20.67,20.75,31875.000000000233,1.0,0.0,0.0
2016-02-16,14:36:00,20.76,20.87,20.745,20.86,39411.00000000023,1.0,0.0,0.0
2016-02-16,14:43:00,20.85,20.85,20.79,20.85,24662.000000000233,1.0,0.0,0.0
2016-02-16,14:50:00,20.86,20.9,20.79,20.87,49409.00000000023,1.0,0.0,0.0
2016-02-16,14:57:00,20.88,20.91,20.85,20.89,44889.00000000023,1.0,0.0,0.0
2016-02-16,15:04:00,20.89,20.97,20.89,20.97,88297.00000000023,1.0,0.0,0.0
2016-02-16,15:11:00,20.97,21.06,20.95,21.05,109082.00000000023,1.0,0.0,0.0
2016-02-16,15:18:00,21.05,21.12,21.03,21.05,82674.00000000023,1.0,0.0,0.0
2016-02-16,15:25:00,21.05,21.05,20.95,21.0,55658.00000000023,1.0,0.0,0.0
2016-02-16,15:32:00,21.0,21.02,20.96,20.98,64796.00000000023,1.0,0.0,0.0
2016-02-16,15:39:00,20.97,21.0,20.94,20.95,61399.00000000023,1.0,0.0,0.0
2016-02-16,15:46:00,20.95,21.055,20.925,20.9599,112815.00000000023,1.0,0.0,0.0
2016-02-16,15:53:00,20.96,20.99,20.95,20.97,123357.00000000023,1.0,0.0,0.0
2016-02-17,09:30:00,20.97,21.73,20.97,21.66,251605.00000000023,1.0,0.0,0.0
2016-02-17,09:37:00,21.7,21.72,21.12,21.38,225395.00000000023,1.0,0.0,0.0
2016-02-17,09:44:00,21.38,21.48,21.23,21.35,495157.00000000023,1.0,0.0,0.0
2016-02-17,09:51:00,21.35,21.4,20.67,20.91,376195.00000000023,1.0,0.0,0.0
2016-02-17,09:58:00,20.88,21.2,20.88,21.15,87891.00000000023,1.0,0.0,0.0
2016-02-17,10:05:00,21.15,21.46,21.14,21.4,95279.00000000023,1.0,0.0,0.0
2016-02-17,10:12:00,21.38,21.71,21.36,21.69,156103.00000000023,1.0,0.0,0.0
2016-02-17,10:19:00,21.7,21.84,21.67,21.76,117520.00000000023,1.0,0.0,0.0
2016-02-17,10:26:00,21.77,21.84,21.65,21.67,164336.00000000023,1.0,0.0,0.0
2016-02-17,10:33:00,21.66,21.9,21.64,21.88,69191.00000000023,1.0,0.0,0.0
2016-02-17,10:40:00,21.89,22.02,21.82,21.88,182717.00000000023,1.0,0.0,0.0
2016-02-17,10:47:00,21.91,22.0,21.79,21.81,204479.00000000023,1.0,0.0,0.0
2016-02-17,10:54:00,21.79,22.03,21.76,22.0088,52270.00000000023,1.0,0.0,0.0
2016-02-17,11:01:00,22.03,22.05,21.87,21.93,82630.00000000023,1.0,0.0,0.0
2016-02-17,11:08:00,21.94,22.22,21.92,22.1499,76755.00000000023,1.0,0.0,0.0
2016-02-17,11:15:00,22.1384,22.18,22.02,22.03,213506.00000000023,1.0,0.0,0.0
2016-02-17,11:22:00,22.04,22.12,21.9,21.96,153241.00000000023,1.0,0.0,0.0
2016-02-17,11:29:00,21.97,22.06,21.8899,22.023000000000003,54013.00000000023,1.0,0.0,0.0
2016-02-17,11:36:00,22.02,22.08,21.99,22.01,64490.00000000023,1.0,0.0,0.0
2016-02-17,11:43:00,22.02,22.08,21.99,22.03,61274.00000000023,1.0,0.0,0.0
2016-02-17,11:50:00,22.04,22.06,21.79,21.895,97312.00000000023,1.0,0.0,0.0
2016-02-17,11:57:00,21.89,22.05,21.89,22.01,47415.00000000023,1.0,0.0,0.0
2016-02-17,12:04:00,22.02,22.14,22.0,22.13,87059.00000000023,1.0,0.0,0.0
2016-02-17,12:11:00,22.13,22.18,21.98,22.01,123721.00000000023,1.0,0.0,0.0
2016-02-17,12:18:00,22.01,22.065,21.96,21.97,64820.00000000023,1.0,0.0,0.0
2016-02-17,12:25:00,21.9699,21.99,21.89,21.955,105089.00000000023,1.0,0.0,0.0
2016-02-17,12:32:00,21.955,21.98,21.9,21.98,78428.00000000023,1.0,0.0,0.0
2016-02-17,12:39:00,21.9798,21.99,21.93,21.9699,68755.00000000023,1.0,0.0,0.0
2016-02-17,12:46:00,21.96,22.005,21.9,21.9,77593.00000000023,1.0,0.0,0.0
2016-02-17,12:53:00,21.9,21.94,21.85,21.94,50238.00000000023,1.0,0.0,0.0
2016-02-17,13:00:00,21.9399,21.96,21.9,21.95,71963.00000000023,1.0,0.0,0.0
2016-02-17,13:07:00,21.94,21.99,21.9,21.96,63673.00000000023,1.0,0.0,0.0
2016-02-17,13:14:00,21.96,21.99,21.81,21.82,99241.00000000023,1.0,0.0,0.0
2016-02-17,13:21:00,21.82,21.95,21.81,21.95,29723.000000000233,1.0,0.0,0.0
2016-02-17,13:28:00,21.95,22.055,21.945,22.03,39810.00000000023,1.0,0.0,0.0
2016-02-17,13:35:00,22.03,22.105,22.0,22.0098,42712.00000000023,1.0,0.0,0.0
2016-02-17,13:42:00,22.01,22.05,21.9,21.99,41746.00000000023,1.0,0.0,0.0
2016-02-17,13:49:00,21.98,22.015,21.93,21.98,39402.00000000023,1.0,0.0,0.0
2016-02-17,13:56:00,21.98,22.0,21.9,21.93,136899.00000000023,1.0,0.0,0.0
2016-02-17,14:03:00,21.94,21.96,21.84,21.915,63988.00000000023,1.0,0.0,0.0
2016-02-17,14:10:00,21.91,21.93,21.85,21.88,67266.00000000023,1.0,0.0,0.0
2016-02-17,14:17:00,21.88,21.9,21.83,21.89,57219.00000000023,1.0,0.0,0.0
2016-02-17,14:24:00,21.9,21.905,21.76,21.78,43398.00000000023,1.0,0.0,0.0
2016-02-17,14:31:00,21.78,21.9,21.77,21.9,27390.000000000233,1.0,0.0,0.0
2016-02-17,14:38:00,21.9,21.905,21.86,21.89,44108.00000000023,1.0,0.0,0.0
2016-02-17,14:45:00,21.89,21.89,21.86,21.88,81807.00000000023,1.0,0.0,0.0
2016-02-17,14:52:00,21.87,21.875,21.8,21.81,50967.00000000023,1.0,0.0,0.0
2016-02-17,14:59:00,21.81,21.82,21.74,21.74,80769.00000000023,1.0,0.0,0.0
2016-02-17,15:06:00,21.75,21.76,21.71,21.7453,57904.00000000023,1.0,0.0,0.0
2016-02-17,15:13:00,21.75,21.7566,21.72,21.75,81323.00000000023,1.0,0.0,0.0
2016-02-17,15:20:00,21.754,21.86,21.75,21.82,52518.00000000023,1.0,0.0,0.0
2016-02-17,15:27:00,21.83,21.83,21.72,21.75,58974.00000000023,1.0,0.0,0.0
2016-02-17,15:34:00,21.755,21.79,21.67,21.67,92318.00000000023,1.0,0.0,0.0
2016-02-17,15:41:00,21.66,21.77,21.61,21.765,105284.00000000023,1.0,0.0,0.0
2016-02-17,15:48:00,21.77,21.86,21.74,21.86,199882.00000000023,1.0,0.0,0.0
2016-02-17,15:55:00,21.855,21.86,21.7499,21.75,204595.00000000023,1.0,0.0,0.0
2016-02-18,09:32:00,21.75,22.2,21.69,21.93,291578.00000000023,1.0,0.0,0.0
2016-02-18,09:39:00,21.93,21.93,21.51,21.54,49588.00000000023,1.0,0.0,0.0
2016-02-18,09:46:00,21.58,21.59,21.17,21.17,52051.00000000023,1.0,0.0,0.0
2016-02-18,09:53:00,21.16,21.18,21.0,21.17,62416.00000000023,1.0,0.0,0.0
2016-02-18,10:00:00,21.17,21.17,21.03,21.05,47831.00000000023,1.0,0.0,0.0
2016-02-18,10:07:00,21.04,21.13,20.94,20.99,84141.00000000023,1.0,0.0,0.0
2016-02-18,10:14:00,20.99,21.02,20.66,20.79,75796.00000000023,1.0,0.0,0.0
2016-02-18,10:21:00,20.7601,20.85,20.76,20.82,39244.00000000023,1.0,0.0,0.0
2016-02-18,10:28:00,20.82,21.135,20.74,21.13,156876.00000000023,1.0,0.0,0.0
2016-02-18,10:35:00,21.13,21.205,20.94,20.94,64256.00000000023,1.0,0.0,0.0
2016-02-18,10:42:00,20.93,21.04,20.92,21.03,62952.00000000023,1.0,0.0,0.0
2016-02-18,10:49:00,21.035,21.16,20.95,20.99,83598.00000000023,1.0,0.0,0.0
2016-02-18,10:56:00,21.0,21.075,20.9601,20.98,68185.00000000023,1.0,0.0,0.0
2016-02-18,11:03:00,20.97,21.02,20.79,20.99,83124.00000000023,1.0,0.0,0.0
2016-02-18,11:10:00,20.985,21.0,20.62,20.62,105392.00000000023,1.0,0.0,0.0
2016-02-18,11:17:00,20.61,20.8569,20.6,20.84,82185.00000000023,1.0,0.0,0.0
2016-02-18,11:24:00,20.84,20.86,20.5,20.56,89279.00000000023,1.0,0.0,0.0
2016-02-18,11:31:00,20.57,20.86,20.57,20.83,40542.00000000023,1.0,0.0,0.0
2016-02-18,11:38:00,20.85,20.9,20.76,20.86,28757.000000000233,1.0,0.0,0.0
2016-02-18,11:45:00,20.85,21.046,20.85,21.0,38410.00000000023,1.0,0.0,0.0
2016-02-18,11:52:00,20.99,21.1,20.92,21.0825,53364.00000000023,1.0,0.0,0.0
2016-02-18,11:59:00,21.08,21.29,21.07,21.28,78662.00000000023,1.0,0.0,0.0
2016-02-18,12:06:00,21.27,21.29,21.155,21.17,28150.000000000233,1.0,0.0,0.0
2016-02-18,12:13:00,21.19,21.28,21.13,21.2,28942.000000000233,1.0,0.0,0.0
2016-02-18,12:20:00,21.21,21.21,21.08,21.09,24347.000000000233,1.0,0.0,0.0
2016-02-18,12:27:00,21.09,21.31,21.08,21.31,28618.000000000233,1.0,0.0,0.0
2016-02-18,12:34:00,21.32,21.34,21.2301,21.32,19505.000000000233,1.0,0.0,0.0
2016-02-18,12:41:00,21.33,21.37,21.28,21.33,26092.000000000233,1.0,0.0,0.0
2016-02-18,12:48:00,21.33,21.36,21.2705,21.28,20877.000000000233,1.0,0.0,0.0
2016-02-18,12:55:00,21.28,21.46,21.28,21.42,23428.000000000233,1.0,0.0,0.0
2016-02-18,13:02:00,21.41,21.43,21.31,21.4264,17788.000000000233,1.0,0.0,0.0
2016-02-18,13:09:00,21.429000000000002,21.48,21.38,21.45,17138.000000000233,1.0,0.0,0.0
2016-02-18,13:16:00,21.44,21.47,21.35,21.38,36603.00000000023,1.0,0.0,0.0
2016-02-18,13:23:00,21.36,21.36,21.17,21.18,60250.00000000023,1.0,0.0,0.0
2016-02-18,13:30:00,21.16,21.22,21.14,21.2,56032.00000000023,1.0,0.0,0.0
2016-02-18,13:37:00,21.2,21.21,21.14,21.18,47347.00000000023,1.0,0.0,0.0
2016-02-18,13:44:00,21.17,21.2,21.12,21.19,24375.000000000233,1.0,0.0,0.0
2016-02-18,13:52:00,21.16,21.21,21.105,21.12,28712.000000000233,1.0,0.0,0.0
2016-02-18,13:59:00,21.11,21.265,21.09,21.26,41928.00000000023,1.0,0.0,0.0
2016-02-18,14:06:00,21.24,21.27,21.09,21.1,70168.00000000023,1.0,0.0,0.0
2016-02-18,14:13:00,21.1,21.11,21.05,21.1001,67154.00000000023,1.0,0.0,0.0
2016-02-18,14:20:00,21.11,21.19,21.0959,21.19,51903.00000000023,1.0,0.0,0.0
2016-02-18,14:27:00,21.18,21.28,21.14,21.22,54786.00000000023,1.0,0.0,0.0
2016-02-18,14:34:00,21.22,21.33,21.22,21.32,38676.00000000023,1.0,0.0,0.0
2016-02-18,14:41:00,21.31,21.33,21.21,21.21,56955.00000000023,1.0,0.0,0.0
2016-02-18,14:48:00,21.23,21.29,21.18,21.2,48525.00000000023,1.0,0.0,0.0
2016-02-18,14:55:00,21.21,21.24,21.19,21.24,39832.00000000023,1.0,0.0,0.0
2016-02-18,15:02:00,21.25,21.31,21.23,21.255,32844.00000000023,1.0,0.0,0.0
2016-02-18,15:09:00,21.25,21.27,21.17,21.18,42529.00000000023,1.0,0.0,0.0
2016-02-18,15:16:00,21.18,21.315,21.14,21.3,65624.00000000023,1.0,0.0,0.0
2016-02-18,15:23:00,21.3,21.32,21.25,21.3,38269.00000000023,1.0,0.0,0.0
2016-02-18,15:30:00,21.31,21.35,21.215,21.28,46595.00000000023,1.0,0.0,0.0
2016-02-18,15:37:00,21.28,21.31,21.225,21.24,96321.00000000023,1.0,0.0,0.0
2016-02-18,15:44:00,21.25,21.26,21.17,21.19,142906.00000000023,1.0,0.0,0.0
2016-02-18,15:51:00,21.19,21.19,21.14,21.16,118641.00000000023,1.0,0.0,0.0
2016-02-18,15:58:00,21.16,21.21,21.145,21.17,224413.00000000023,1.0,0.0,0.0
2016-02-19,09:35:00,21.17,21.21,20.25,20.29,261558.00000000023,1.0,0.0,0.0
2016-02-19,09:42:00,20.3,20.72,20.29,20.71,43386.00000000023,1.0,0.0,0.0
2016-02-19,09:49:00,20.71,20.86,20.63,20.7,62381.00000000023,1.0,0.0,0.0
2016-02-19,09:56:00,20.72,20.75,20.43,20.64,65342.00000000023,1.0,0.0,0.0
2016-02-19,10:03:00,20.63,20.66,20.44,20.44,39463.00000000023,1.0,0.0,0.0
2016-02-19,10:10:00,20.43,20.5,20.34,20.39,64574.00000000023,1.0,0.0,0.0
2016-02-19,10:17:00,20.37,20.46,20.3,20.43,101471.00000000023,1.0,0.0,0.0
2016-02-19,10:24:00,20.42,20.43,20.29,20.33,48838.00000000023,1.0,0.0,0.0
2016-02-19,10:31:00,20.31,20.3337,20.21,20.3125,43660.00000000023,1.0,0.0,0.0
2016-02-19,10:38:00,20.32,20.43,20.3,20.31,38823.00000000023,1.0,0.0,0.0
2016-02-19,10:45:00,20.32,20.38,20.18,20.23,55680.00000000023,1.0,0.0,0.0
2016-02-19,10:52:00,20.24,20.31,20.19,20.28,22518.000000000233,1.0,0.0,0.0
2016-02-19,10:59:00,20.28,20.31,20.16,20.2126,43352.00000000023,1.0,0.0,0.0
2016-02-19,11:06:00,20.22,20.2774,20.18,20.27,34515.00000000023,1.0,0.0,0.0
2016-02-19,11:13:00,20.26,20.27,20.107,20.16,93286.00000000023,1.0,0.0,0.0
2016-02-19,11:20:00,20.171,20.36,20.14,20.3599,37642.00000000023,1.0,0.0,0.0
2016-02-19,11:27:00,20.33,20.38,20.27,20.32,40494.00000000023,1.0,0.0,0.0
2016-02-19,11:34:00,20.33,20.56,20.33,20.44,47074.00000000023,1.0,0.0,0.0
2016-02-19,11:41:00,20.4425,20.52,20.39,20.49,21632.000000000233,1.0,0.0,0.0
2016-02-19,11:48:00,20.495,20.55,20.332,20.34,51132.00000000023,1.0,0.0,0.0
2016-02-19,11:55:00,20.36,20.45,20.3581,20.38,32625.000000000233,1.0,0.0,0.0
2016-02-19,12:02:00,20.39,20.41,20.32,20.36,23062.000000000233,1.0,0.0,0.0
2016-02-19,12:09:00,20.36,20.39,20.29,20.3227,29851.000000000233,1.0,0.0,0.0
2016-02-19,12:16:00,20.32,20.39,20.3,20.355,27670.000000000233,1.0,0.0,0.0
2016-02-19,12:23:00,20.36,20.38,20.325,20.36,26893.000000000233,1.0,0.0,0.0
2016-02-19,12:30:00,20.36,20.4399,20.35,20.35,26135.000000000233,1.0,0.0,0.0
2016-02-19,12:37:00,20.34,20.37,20.31,20.3625,36881.00000000023,1.0,0.0,0.0
2016-02-19,12:44:00,20.37,20.42,20.33,20.4,27488.000000000233,1.0,0.0,0.0
2016-02-19,12:51:00,20.39,20.43,20.3373,20.43,24585.000000000233,1.0,0.0,0.0
2016-02-19,12:58:00,20.44,20.49,20.33,20.34,47767.00000000023,1.0,0.0,0.0
2016-02-19,13:05:00,20.35,20.36,20.28,20.29,31482.000000000233,1.0,0.0,0.0
2016-02-19,13:12:00,20.3,20.343,20.28,20.315,25901.000000000233,1.0,0.0,0.0
2016-02-19,13:19:00,20.315,20.35,20.29,20.32,38021.00000000023,1.0,0.0,0.0
2016-02-19,13:26:00,20.33,20.33,20.28,20.32,23161.000000000233,1.0,0.0,0.0
2016-02-19,13:33:00,20.3,20.37,20.29,20.31,21491.000000000233,1.0,0.0,0.0
2016-02-19,13:40:00,20.315,20.35,20.28,20.29,30493.000000000233,1.0,0.0,0.0
2016-02-19,13:47:00,20.28,20.29,20.23,20.26,37162.00000000023,1.0,0.0,0.0
2016-02-19,13:54:00,20.25,20.32,20.25,20.305,29464.000000000233,1.0,0.0,0.0
2016-02-19,14:01:00,20.3,20.3,20.25,20.3,52684.00000000023,1.0,0.0,0.0
2016-02-19,14:08:00,20.3099,20.389,20.25,20.34,51833.00000000023,1.0,0.0,0.0
2016-02-19,14:15:00,20.33,20.3501,20.29,20.29,29949.000000000233,1.0,0.0,0.0
2016-02-19,14:22:00,20.29,20.33,20.27,20.298,22007.000000000233,1.0,0.0,0.0
2016-02-19,14:29:00,20.3,20.36,20.27,20.325,45028.00000000023,1.0,0.0,0.0
2016-02-19,14:36:00,20.33,20.3455,20.28,20.3,37657.00000000023,1.0,0.0,0.0
2016-02-19,14:43:00,20.3,20.38,20.3,20.35,32155.000000000233,1.0,0.0,0.0
2016-02-19,14:50:00,20.35,20.38,20.29,20.35,28435.000000000233,1.0,0.0,0.0
2016-02-19,14:57:00,20.35,20.375,20.32,20.36,30186.000000000233,1.0,0.0,0.0
2016-02-19,15:04:00,20.35,20.41,20.35,20.41,28435.000000000233,1.0,0.0,0.0
2016-02-19,15:11:00,20.405,20.41,20.38,20.39,38070.00000000023,1.0,0.0,0.0
2016-02-19,15:18:00,20.39,20.42,20.37,20.38,46144.00000000023,1.0,0.0,0.0
2016-02-19,15:25:00,20.37,20.48,20.36,20.48,38116.00000000023,1.0,0.0,0.0
2016-02-19,15:32:00,20.48,20.52,20.43,20.45,45877.00000000023,1.0,0.0,0.0
2016-02-19,15:39:00,20.45,20.57,20.44,20.56,55843.00000000023,1.0,0.0,0.0
2016-02-19,15:46:00,20.56,20.6,20.55,20.56,59464.00000000023,1.0,0.0,0.0
2016-02-19,15:53:00,20.57,20.61,20.55,20.61,84646.00000000023,1.0,0.0,0.0
2016-02-22,09:30:00,20.61,21.52,20.6,21.52,251739.00000000023,1.0,0.0,0.0
2016-02-22,09:37:00,21.59,21.59,21.07,21.22,40204.00000000023,1.0,0.0,0.0
2016-02-22,09:44:00,21.2425,21.47,21.23,21.32,19568.000000000233,1.0,0.0,0.0
2016-02-22,09:51:00,21.33,21.61,21.32,21.34,83732.00000000023,1.0,0.0,0.0
2016-02-22,09:58:00,21.33,21.41,21.28,21.35,55895.00000000023,1.0,0.0,0.0
2016-02-22,10:05:00,21.35,21.5864,21.32,21.51,72036.00000000023,1.0,0.0,0.0
2016-02-22,10:12:00,21.51,21.51,21.37,21.42,70493.00000000023,1.0,0.0,0.0
2016-02-22,10:19:00,21.44,21.44,21.21,21.34,37979.00000000023,1.0,0.0,0.0
2016-02-22,10:26:00,21.34,21.57,21.3203,21.4,46852.00000000023,1.0,0.0,0.0
2016-02-22,10:33:00,21.42,21.48,21.35,21.42,36731.00000000023,1.0,0.0,0.0
2016-02-22,10:40:00,21.4134,21.57,21.4,21.56,191997.00000000023,1.0,0.0,0.0
2016-02-22,10:47:00,21.56,21.6,21.5,21.55,37435.00000000023,1.0,0.0,0.0
2016-02-22,10:54:00,21.56,21.58,21.46,21.5599,40395.00000000023,1.0,0.0,0.0
2016-02-22,11:01:00,21.54,21.605,21.53,21.58,57949.00000000023,1.0,0.0,0.0
2016-02-22,11:08:00,21.5784,21.59,21.38,21.41,116688.00000000023,1.0,0.0,0.0
2016-02-22,11:15:00,21.39,21.5,21.39,21.45,35166.00000000023,1.0,0.0,0.0
2016-02-22,11:22:00,21.45,21.48,21.38,21.42,30599.000000000233,1.0,0.0,0.0
2016-02-22,11:29:00,21.4,21.569000000000003,21.37,21.53,42504.00000000023,1.0,0.0,0.0
2016-02-22,11:36:00,21.52,21.68,21.51,21.615,45175.00000000023,1.0,0.0,0.0
2016-02-22,11:43:00,21.61,21.6325,21.54,21.6,34328.00000000023,1.0,0.0,0.0
2016-02-22,11:50:00,21.6055,21.69,21.59,21.68,39172.00000000023,1.0,0.0,0.0
2016-02-22,11:57:00,21.68,21.75,21.63,21.65,58699.00000000023,1.0,0.0,0.0
2016-02-22,12:04:00,21.65,21.67,21.6,21.62,32058.000000000233,1.0,0.0,0.0
2016-02-22,12:11:00,21.6101,21.6101,21.46,21.485,56667.00000000023,1.0,0.0,0.0
2016-02-22,12:18:00,21.485,21.515,21.455,21.498,21757.000000000233,1.0,0.0,0.0
2016-02-22,12:25:00,21.49,21.61,21.48,21.54,36596.00000000023,1.0,0.0,0.0
2016-02-22,12:32:00,21.54,21.55,21.49,21.53,21763.000000000233,1.0,0.0,0.0
2016-02-22,12:39:00,21.53,21.58,21.53,21.535,38288.00000000023,1.0,0.0,0.0
2016-02-22,12:46:00,21.54,21.54,21.475,21.51,31383.000000000233,1.0,0.0,0.0
2016-02-22,12:53:00,21.51,21.54,21.5,21.52,27660.000000000233,1.0,0.0,0.0
2016-02-22,13:00:00,21.53,21.55,21.43,21.441,39612.00000000023,1.0,0.0,0.0
2016-02-22,13:07:00,21.45,21.5,21.4,21.5,36663.00000000023,1.0,0.0,0.0
2016-02-22,13:14:00,21.49,21.51,21.46,21.505,24847.000000000233,1.0,0.0,0.0
2016-02-22,13:21:00,21.51,21.51,21.45,21.46,34598.00000000023,1.0,0.0,0.0
2016-02-22,13:28:00,21.46,21.51,21.44,21.5,17400.000000000233,1.0,0.0,0.0
2016-02-22,13:35:00,21.4999,21.54,21.485,21.51,35581.00000000023,1.0,0.0,0.0
2016-02-22,13:42:00,21.52,21.685,21.51,21.67,53551.00000000023,1.0,0.0,0.0
2016-02-22,13:49:00,21.66,21.66,21.525,21.56,35802.00000000023,1.0,0.0,0.0
2016-02-22,13:56:00,21.55,21.555,21.48,21.48,53520.00000000023,1.0,0.0,0.0
2016-02-22,14:03:00,21.47,21.54,21.4599,21.53,54692.00000000023,1.0,0.0,0.0
2016-02-22,14:10:00,21.52,21.54,21.49,21.5325,52263.00000000023,1.0,0.0,0.0
2016-02-22,14:17:00,21.54,21.65,21.535,21.63,60754.00000000023,1.0,0.0,0.0
2016-02-22,14:24:00,21.6266,21.63,21.53,21.57,67560.00000000023,1.0,0.0,0.0
2016-02-22,14:31:00,21.56,21.56,21.4,21.4486,98964.00000000023,1.0,0.0,0.0
2016-02-22,14:38:00,21.45,21.495,21.43,21.4701,41964.00000000023,1.0,0.0,0.0
2016-02-22,14:45:00,21.47,21.48,21.44,21.445,31110.000000000233,1.0,0.0,0.0
2016-02-22,14:52:00,21.45,21.46,21.415,21.43,44950.00000000023,1.0,0.0,0.0
2016-02-22,14:59:00,21.44,21.45,21.405,21.405,30109.000000000233,1.0,0.0,0.0
2016-02-22,15:06:00,21.4,21.44,21.36,21.42,48064.00000000023,1.0,0.0,0.0
2016-02-22,15:13:00,21.42,21.47,21.4,21.43,61316.00000000023,1.0,0.0,0.0
2016-02-22,15:20:00,21.44,21.45,21.4,21.4405,47532.00000000023,1.0,0.0,0.0
2016-02-22,15:27:00,21.44,21.52,21.44,21.51,51021.00000000023,1.0,0.0,0.0
2016-02-22,15:34:00,21.5,21.51,21.45,21.49,88274.00000000023,1.0,0.0,0.0
2016-02-22,15:41:00,21.49,21.49,21.4,21.42,108132.00000000023,1.0,0.0,0.0
2016-02-22,15:48:00,21.42,21.48,21.39,21.39,93690.00000000023,1.0,0.0,0.0
2016-02-22,15:55:00,21.395,21.41,21.35,21.37,205769.00000000023,1.0,0.0,0.0
2016-02-23,09:32:00,21.365,21.42,20.87,20.98,268573.00000000023,1.0,0.0,0.0
2016-02-23,09:39:00,20.97,21.28,20.76,20.915,67686.00000000023,1.0,0.0,0.0
2016-02-23,09:46:00,20.93,21.64,20.9,21.19,99443.00000000023,1.0,0.0,0.0
2016-02-23,09:53:00,21.21,21.4,21.07,21.32,51073.00000000023,1.0,0.0,0.0
2016-02-23,10:00:00,21.28,21.35,20.99,21.35,108725.00000000023,1.0,0.0,0.0
2016-02-23,10:07:00,21.36,21.64,21.36,21.6,90058.00000000023,1.0,0.0,0.0
2016-02-23,10:14:00,21.57,21.57,21.3,21.49,68618.00000000023,1.0,0.0,0.0
2016-02-23,10:21:00,21.49,21.52,21.23,21.34,70947.00000000023,1.0,0.0,0.0
2016-02-23,10:28:00,21.36,21.42,21.25,21.34,55701.00000000023,1.0,0.0,0.0
2016-02-23,10:35:00,21.34,21.43,21.29,21.33,74014.00000000023,1.0,0.0,0.0
2016-02-23,10:42:00,21.32,21.39,21.25,21.25,40933.00000000023,1.0,0.0,0.0
2016-02-23,10:49:00,21.26,21.3,21.0842,21.11,47593.00000000023,1.0,0.0,0.0
2016-02-23,10:56:00,21.09,21.09,20.83,20.8701,73190.00000000023,1.0,0.0,0.0
2016-02-23,11:03:00,20.89,20.96,20.8,20.835,47172.00000000023,1.0,0.0,0.0
2016-02-23,11:10:00,20.85,20.86,20.68,20.75,84246.00000000023,1.0,0.0,0.0
2016-02-23,11:17:00,20.76,20.81,20.67,20.72,33526.00000000023,1.0,0.0,0.0
2016-02-23,11:24:00,20.7,20.7,20.59,20.6099,212933.00000000023,1.0,0.0,0.0
2016-02-23,11:31:00,20.61,20.7,20.59,20.675,142090.00000000023,1.0,0.0,0.0
2016-02-23,11:38:00,20.67,20.69,20.55,20.63,105735.00000000023,1.0,0.0,0.0
2016-02-23,11:45:00,20.64,20.75,20.58,20.68,100254.00000000023,1.0,0.0,0.0
2016-02-23,11:52:00,20.67,20.78,20.67,20.76,27158.000000000233,1.0,0.0,0.0
2016-02-23,11:59:00,20.76,20.86,20.72,20.84,77038.00000000023,1.0,0.0,0.0
2016-02-23,12:06:00,20.83,20.84,20.77,20.84,65082.00000000023,1.0,0.0,0.0
2016-02-23,12:13:00,20.84,20.86,20.72,20.77,122711.00000000023,1.0,0.0,0.0
2016-02-23,12:20:00,20.78,20.81,20.7,20.7,41508.00000000023,1.0,0.0,0.0
2016-02-23,12:27:00,20.72,20.76,20.64,20.66,34830.00000000023,1.0,0.0,0.0
2016-02-23,12:34:00,20.67,20.76,20.67,20.75,28089.000000000233,1.0,0.0,0.0
2016-02-23,12:41:00,20.7467,20.75,20.6201,20.67,44222.00000000023,1.0,0.0,0.0
2016-02-23,12:48:00,20.68,20.7,20.63,20.69,46180.00000000023,1.0,0.0,0.0
2016-02-23,12:55:00,20.69,20.8,20.69,20.78,48286.00000000023,1.0,0.0,0.0
2016-02-23,13:02:00,20.78,20.89,20.77,20.825,56012.00000000023,1.0,0.0,0.0
2016-02-23,13:09:00,20.82,20.9,20.78,20.87,65606.00000000023,1.0,0.0,0.0
2016-02-23,13:16:00,20.87,20.91,20.82,20.82,44348.00000000023,1.0,0.0,0.0
2016-02-23,13:23:00,20.81,20.91,20.78,20.91,33072.00000000023,1.0,0.0,0.0
2016-02-23,13:30:00,20.91,20.96,20.9,20.95,29562.000000000233,1.0,0.0,0.0
2016-02-23,13:37:00,20.95,20.97,20.86,20.945,65767.00000000023,1.0,0.0,0.0
2016-02-23,13:44:00,20.95,21.01,20.94,21.01,49471.00000000023,1.0,0.0,0.0
2016-02-23,13:51:00,21.0,21.11,21.0,21.095,57450.00000000023,1.0,0.0,0.0
2016-02-23,13:58:00,21.1,21.26,21.09,21.26,42999.00000000023,1.0,0.0,0.0
2016-02-23,14:05:00,21.26,21.29,21.21,21.22,63408.00000000023,1.0,0.0,0.0
2016-02-23,14:12:00,21.215,21.215,21.09,21.12,47409.00000000023,1.0,0.0,0.0
2016-02-23,14:19:00,21.115,21.215,21.11,21.17,42204.00000000023,1.0,0.0,0.0
2016-02-23,14:26:00,21.17,21.17,21.05,21.11,45949.00000000023,1.0,0.0,0.0
2016-02-23,14:33:00,21.11,21.115,21.08,21.1,45401.00000000023,1.0,0.0,0.0
2016-02-23,14:40:00,21.1,21.16,21.1,21.14,27677.000000000233,1.0,0.0,0.0
2016-02-23,14:47:00,21.15,21.25,21.15,21.25,40296.00000000023,1.0,0.0,0.0
2016-02-23,14:54:00,21.25,21.27,21.23,21.245,61372.00000000023,1.0,0.0,0.0
2016-02-23,15:01:00,21.24,21.245,21.1332,21.16,72233.00000000023,1.0,0.0,0.0
2016-02-23,15:08:00,21.15,21.2,21.12,21.14,82001.00000000023,1.0,0.0,0.0
2016-02-23,15:15:00,21.14,21.17,21.07,21.1,55517.00000000023,1.0,0.0,0.0
2016-02-23,15:22:00,21.1,21.17,21.0858,21.13,75145.00000000023,1.0,0.0,0.0
2016-02-23,15:29:00,21.12,21.16,21.115,21.115,46876.00000000023,1.0,0.0,0.0
2016-02-23,15:36:00,21.11,21.325,21.11,21.31,124777.00000000023,1.0,0.0,0.0
2016-02-23,15:43:00,21.305,21.43,21.28,21.35,254229.00000000023,1.0,0.0,0.0
2016-02-23,15:50:00,21.34,21.37,21.28,21.35,172118.00000000023,1.0,0.0,0.0
2016-02-23,15:57:00,21.345,21.37,21.285,21.305,332747.00000000023,1.0,0.0,0.0
2016-02-24,09:34:00,21.31,21.35,20.55,20.57,291925.00000000023,1.0,0.0,0.0
2016-02-24,09:41:00,20.6,20.64,20.12,20.17,80719.00000000023,1.0,0.0,0.0
2016-02-24,09:48:00,20.2,20.337,20.15,20.32,51736.00000000023,1.0,0.0,0.0
2016-02-24,09:55:00,20.31,20.39,20.18,20.33,128213.00000000023,1.0,0.0,0.0
2016-02-24,10:02:00,20.3287,20.37,20.18,20.26,198754.00000000023,1.0,0.0,0.0
2016-02-24,10:09:00,20.23,20.34,20.17,20.3128,100000.00000000023,1.0,0.0,0.0
2016-02-24,10:16:00,20.32,20.4,20.26,20.38,135850.00000000023,1.0,0.0,0.0
2016-02-24,10:23:00,20.35,20.355,19.97,20.0,315496.00000000023,1.0,0.0,0.0
2016-02-24,10:30:00,20.0,20.16,19.94,20.12,98743.00000000023,1.0,0.0,0.0
2016-02-24,10:37:00,20.13,20.35,19.99,20.34,92360.00000000023,1.0,0.0,0.0
2016-02-24,10:44:00,20.34,20.39,20.14,20.14,44249.00000000023,1.0,0.0,0.0
2016-02-24,10:51:00,20.16,20.2,20.07,20.08,59915.00000000023,1.0,0.0,0.0
2016-02-24,10:58:00,20.09,20.13,20.01,20.13,36972.00000000023,1.0,0.0,0.0
2016-02-24,11:05:00,20.12,20.16,20.05,20.09,45859.00000000023,1.0,0.0,0.0
2016-02-24,11:12:00,20.1,20.23,20.09,20.2,51892.00000000023,1.0,0.0,0.0
2016-02-24,11:19:00,20.2,20.24,20.14,20.2,55682.00000000023,1.0,0.0,0.0
2016-02-24,11:26:00,20.19,20.31,20.18,20.25,56689.00000000023,1.0,0.0,0.0
2016-02-24,11:33:00,20.25,20.4,20.24,20.39,36007.00000000023,1.0,0.0,0.0
2016-02-24,11:40:00,20.39,20.53,20.38,20.5,39272.00000000023,1.0,0.0,0.0
2016-02-24,11:47:00,20.5,20.75,20.49,20.75,44430.00000000023,1.0,0.0,0.0
2016-02-24,11:54:00,20.74,20.85,20.72,20.81,95072.00000000023,1.0,0.0,0.0
2016-02-24,12:01:00,20.82,20.88,20.8,20.86,57517.00000000023,1.0,0.0,0.0
2016-02-24,12:08:00,20.86,21.02,20.8599,21.01,159227.00000000023,1.0,0.0,0.0
2016-02-24,12:15:00,21.02,21.11,21.01,21.02,112775.00000000023,1.0,0.0,0.0
2016-02-24,12:22:00,21.01,21.18,21.01,21.14,60581.00000000023,1.0,0.0,0.0
2016-02-24,12:29:00,21.13,21.18,21.04,21.06,51292.00000000023,1.0,0.0,0.0
2016-02-24,12:36:00,21.07,21.19,20.9975,21.03,43520.00000000023,1.0,0.0,0.0
2016-02-24,12:43:00,21.04,21.09,21.01,21.05,28076.000000000233,1.0,0.0,0.0
2016-02-24,12:50:00,21.05,21.17,21.05,21.13,35529.00000000023,1.0,0.0,0.0
2016-02-24,12:57:00,21.13,21.19,21.06,21.1,42839.00000000023,1.0,0.0,0.0
2016-02-24,13:04:00,21.1,21.18,21.09,21.17,33545.00000000023,1.0,0.0,0.0
2016-02-24,13:11:00,21.17,21.29,21.17,21.19,49103.00000000023,1.0,0.0,0.0
2016-02-24,13:18:00,21.19,21.26,21.18,21.23,36145.00000000023,1.0,0.0,0.0
2016-02-24,13:25:00,21.24,21.33,21.2335,21.29,47230.00000000023,1.0,0.0,0.0
2016-02-24,13:32:00,21.3,21.33,21.23,21.29,37607.00000000023,1.0,0.0,0.0
2016-02-24,13:39:00,21.28,21.311,21.24,21.29,23978.000000000233,1.0,0.0,0.0
2016-02-24,13:46:00,21.29,21.34,21.27,21.3,37312.00000000023,1.0,0.0,0.0
2016-02-24,13:53:00,21.31,21.31,21.17,21.1899,42420.00000000023,1.0,0.0,0.0
2016-02-24,14:00:00,21.19,21.25,21.18,21.21,69640.00000000023,1.0,0.0,0.0
2016-02-24,14:07:00,21.2099,21.2099,21.079,21.14,46393.00000000023,1.0,0.0,0.0
2016-02-24,14:14:00,21.14,21.215,21.135,21.2,71388.00000000023,1.0,0.0,0.0
2016-02-24,14:21:00,21.205,21.23,21.1,21.12,48775.00000000023,1.0,0.0,0.0
2016-02-24,14:28:00,21.12,21.22,21.0901,21.1178,55097.00000000023,1.0,0.0,0.0
2016-02-24,14:35:00,21.12,21.23,21.11,21.16,46429.00000000023,1.0,0.0,0.0
2016-02-24,14:42:00,21.17,21.24,21.145,21.195,53956.00000000023,1.0,0.0,0.0
2016-02-24,14:49:00,21.21,21.27,21.17,21.27,72040.00000000023,1.0,0.0,0.0
2016-02-24,14:56:00,21.28,21.28,21.21,21.235,36511.00000000023,1.0,0.0,0.0
2016-02-24,15:03:00,21.23,21.25,21.19,21.24,74388.00000000023,1.0,0.0,0.0
2016-02-24,15:10:00,21.23,21.28,21.22,21.28,196290.00000000023,1.0,0.0,0.0
2016-02-24,15:17:00,21.28,21.41,21.25,21.41,68602.00000000023,1.0,0.0,0.0
2016-02-24,15:24:00,21.405,21.49,21.4,21.46,110747.00000000023,1.0,0.0,0.0
2016-02-24,15:31:00,21.46,21.55,21.46,21.5,152571.00000000023,1.0,0.0,0.0
2016-02-24,15:38:00,21.5,21.63,21.5,21.61,131279.00000000023,1.0,0.0,0.0
2016-02-24,15:45:00,21.6,21.67,21.59,21.66,204943.00000000023,1.0,0.0,0.0
2016-02-24,15:52:00,21.66,21.69,21.65,21.68,155303.00000000023,1.0,0.0,0.0
2016-02-24,15:59:00,21.68,21.71,21.52,21.54,478406.00000000023,1.0,0.0,0.0
2016-02-25,09:36:00,21.32,21.43,21.05,21.1332,117687.00000000023,1.0,0.0,0.0
2016-02-25,09:43:00,21.17,21.17,20.74,20.78,50717.00000000023,1.0,0.0,0.0
2016-02-25,09:50:00,20.76,20.97,20.69,20.84,64777.00000000023,1.0,0.0,0.0
2016-02-25,09:57:00,20.83,20.83,20.68,20.72,76026.00000000023,1.0,0.0,0.0
2016-02-25,10:04:00,20.73,20.75,20.5,20.6,81321.00000000023,1.0,0.0,0.0
2016-02-25,10:11:00,20.59,20.84,20.55,20.84,107964.00000000023,1.0,0.0,0.0
2016-02-25,10:18:00,20.84,20.97,20.82,20.84,94948.00000000023,1.0,0.0,0.0
2016-02-25,10:25:00,20.85,20.92,20.84,20.9136,60838.00000000023,1.0,0.0,0.0
2016-02-25,10:32:00,20.9,20.96,20.79,20.81,69315.00000000023,1.0,0.0,0.0
2016-02-25,10:39:00,20.8,20.99,20.76,20.96,42822.00000000023,1.0,0.0,0.0
2016-02-25,10:46:00,20.96,21.12,20.93,21.055,63500.00000000023,1.0,0.0,0.0
2016-02-25,10:53:00,21.055,21.055,20.91,20.98,49115.00000000023,1.0,0.0,0.0
2016-02-25,11:00:00,20.9701,21.02,20.83,20.84,47791.00000000023,1.0,0.0,0.0
2016-02-25,11:07:00,20.84,20.93,20.83,20.88,33665.00000000023,1.0,0.0,0.0
2016-02-25,11:14:00,20.9,20.94,20.78,20.82,28199.000000000233,1.0,0.0,0.0
2016-02-25,11:21:00,20.82,20.98,20.82,20.93,26051.000000000233,1.0,0.0,0.0
2016-02-25,11:28:00,20.930999999999997,21.02,20.89,20.99,37395.00000000023,1.0,0.0,0.0
2016-02-25,11:35:00,20.99,21.17,20.985,21.16,41356.00000000023,1.0,0.0,0.0
2016-02-25,11:42:00,21.16,21.21,21.03,21.03,46281.00000000023,1.0,0.0,0.0
2016-02-25,11:49:00,21.03,21.08,20.98,21.08,18521.000000000233,1.0,0.0,0.0
2016-02-25,11:56:00,21.07,21.22,21.07,21.17,26342.000000000233,1.0,0.0,0.0
2016-02-25,12:03:00,21.18,21.19,21.07,21.07,25106.000000000233,1.0,0.0,0.0
2016-02-25,12:10:00,21.07,21.07,21.01,21.07,18783.000000000233,1.0,0.0,0.0
2016-02-25,12:17:00,21.08,21.13,21.08,21.1,16321.000000000233,1.0,0.0,0.0
2016-02-25,12:24:00,21.095,21.19,21.06,21.16,73034.00000000023,1.0,0.0,0.0
2016-02-25,12:31:00,21.16,21.28,21.15,21.21,26477.000000000233,1.0,0.0,0.0
2016-02-25,12:38:00,21.201,21.21,21.17,21.17,16271.000000000233,1.0,0.0,0.0
2016-02-25,12:45:00,21.17,21.25,21.14,21.19,49001.00000000023,1.0,0.0,0.0
2016-02-25,12:52:00,21.18,21.24,21.171999999999997,21.21,19825.000000000233,1.0,0.0,0.0
2016-02-25,12:59:00,21.2145,21.23,21.07,21.12,27272.000000000233,1.0,0.0,0.0
2016-02-25,13:06:00,21.1,21.21,21.09,21.21,26379.000000000233,1.0,0.0,0.0
2016-02-25,13:13:00,21.21,21.2299,21.14,21.15,32091.000000000233,1.0,0.0,0.0
2016-02-25,13:20:00,21.15,21.25,21.09,21.11,70260.00000000023,1.0,0.0,0.0
2016-02-25,13:27:00,21.12,21.16,21.07,21.1298,162776.00000000023,1.0,0.0,0.0
2016-02-25,13:34:00,21.14,21.16,21.1,21.13,47018.00000000023,1.0,0.0,0.0
2016-02-25,13:41:00,21.14,21.2,21.08,21.18,187934.00000000023,1.0,0.0,0.0
2016-02-25,13:48:00,21.18,21.32,21.18,21.32,42430.00000000023,1.0,0.0,0.0
2016-02-25,13:55:00,21.29,21.412,21.29,21.34,32161.000000000233,1.0,0.0,0.0
2016-02-25,14:02:00,21.36,21.45,21.33,21.3601,30374.000000000233,1.0,0.0,0.0
2016-02-25,14:09:00,21.38,21.47,21.34,21.44,23280.000000000233,1.0,0.0,0.0
2016-02-25,14:16:00,21.46,21.6,21.45,21.56,27744.000000000233,1.0,0.0,0.0
2016-02-25,14:23:00,21.56,21.62,21.51,21.54,33426.00000000023,1.0,0.0,0.0
2016-02-25,14:30:00,21.54,21.59,21.51,21.565,41288.00000000023,1.0,0.0,0.0
2016-02-25,14:37:00,21.57,21.58,21.49,21.53,69159.00000000023,1.0,0.0,0.0
2016-02-25,14:44:00,21.52,21.5338,21.29,21.38,91030.00000000023,1.0,0.0,0.0
2016-02-25,14:51:00,21.38,21.51,21.3701,21.41,60750.00000000023,1.0,0.0,0.0
2016-02-25,14:58:00,21.39,21.478,21.38,21.4245,60595.00000000023,1.0,0.0,0.0
2016-02-25,15:05:00,21.42,21.47,21.39,21.47,49847.00000000023,1.0,0.0,0.0
2016-02-25,15:12:00,21.47,21.5,21.37,21.41,122434.00000000023,1.0,0.0,0.0
2016-02-25,15:19:00,21.405,21.485,21.37,21.46,78882.00000000023,1.0,0.0,0.0
2016-02-25,15:26:00,21.455,21.48,21.41,21.42,71175.00000000023,1.0,0.0,0.0
2016-02-25,15:33:00,21.42,21.43,21.275,21.29,176657.00000000023,1.0,0.0,0.0
2016-02-25,15:40:00,21.28,21.33,21.18,21.22,158196.00000000023,1.0,0.0,0.0
2016-02-25,15:47:00,21.22,21.24,21.1,21.13,296461.00000000023,1.0,0.0,0.0
2016-02-25,15:54:00,21.12,21.32,21.105,21.3,230071.00000000023,1.0,0.0,0.0
2016-02-26,09:32:00,21.31,22.03,21.3,21.88,343442.00000000023,1.0,0.0,0.0
2016-02-26,09:39:00,21.89,22.39,21.78,22.36,110828.00000000023,1.0,0.0,0.0
2016-02-26,09:46:00,22.33,22.64,22.33,22.48,250722.00000000023,1.0,0.0,0.0
2016-02-26,09:53:00,22.5,22.58,22.43,22.51,190249.00000000023,1.0,0.0,0.0
2016-02-26,10:00:00,22.52,22.85,22.52,22.75,169749.00000000023,1.0,0.0,0.0
2016-02-26,10:07:00,22.72,22.77,22.6,22.615,100443.00000000023,1.0,0.0,0.0
2016-02-26,10:14:00,22.63,22.63,22.44,22.59,174645.00000000023,1.0,0.0,0.0
2016-02-26,10:21:00,22.58,22.75,22.535,22.535,117577.00000000023,1.0,0.0,0.0
2016-02-26,10:28:00,22.54,22.59,22.38,22.48,139223.00000000023,1.0,0.0,0.0
2016-02-26,10:35:00,22.48,22.86,22.47,22.8512,121602.00000000023,1.0,0.0,0.0
2016-02-26,10:42:00,22.84,22.92,22.75,22.78,99685.00000000023,1.0,0.0,0.0
2016-02-26,10:49:00,22.78,22.81,22.74,22.8,154911.00000000023,1.0,0.0,0.0
2016-02-26,10:56:00,22.8,23.06,22.77,23.02,116534.00000000023,1.0,0.0,0.0
2016-02-26,11:03:00,23.02,23.19,23.01,23.18,90431.00000000023,1.0,0.0,0.0
2016-02-26,11:10:00,23.18,23.24,23.11,23.22,74089.00000000023,1.0,0.0,0.0
2016-02-26,11:17:00,23.226,23.35,23.21,23.32,92462.00000000023,1.0,0.0,0.0
2016-02-26,11:24:00,23.32,23.43,23.25,23.3801,103601.00000000023,1.0,0.0,0.0
2016-02-26,11:31:00,23.38,23.455,23.16,23.2,93665.00000000023,1.0,0.0,0.0
2016-02-26,11:38:00,23.19,23.195,23.01,23.07,95537.00000000023,1.0,0.0,0.0
2016-02-26,11:45:00,23.08,23.13,23.041,23.1,102184.00000000023,1.0,0.0,0.0
2016-02-26,11:52:00,23.1,23.27,23.1,23.19,70119.00000000023,1.0,0.0,0.0
2016-02-26,11:59:00,23.21,23.3267,23.18,23.2601,55766.00000000023,1.0,0.0,0.0
2016-02-26,12:06:00,23.27,23.27,23.07,23.07,62373.00000000023,1.0,0.0,0.0
2016-02-26,12:13:00,23.1,23.27,23.1,23.27,48256.00000000023,1.0,0.0,0.0
2016-02-26,12:20:00,23.275,23.335,23.24,23.3,66050.00000000023,1.0,0.0,0.0
2016-02-26,12:27:00,23.2926,23.495,23.29,23.49,69091.00000000023,1.0,0.0,0.0
2016-02-26,12:34:00,23.48,23.555,23.46,23.51,91660.00000000023,1.0,0.0,0.0
2016-02-26,12:41:00,23.5,23.541999999999998,23.38,23.39,38938.00000000023,1.0,0.0,0.0
2016-02-26,12:48:00,23.41,23.56,23.3675,23.37,46394.00000000023,1.0,0.0,0.0
2016-02-26,12:55:00,23.37,23.51,23.34,23.495,35725.00000000023,1.0,0.0,0.0
2016-02-26,13:02:00,23.495,23.52,23.42,23.48,45764.00000000023,1.0,0.0,0.0
2016-02-26,13:09:00,23.49,23.56,23.48,23.51,36560.00000000023,1.0,0.0,0.0
2016-02-26,13:16:00,23.52,23.675,23.515,23.595,47674.00000000023,1.0,0.0,0.0
2016-02-26,13:23:00,23.6,23.66,23.55,23.5675,44688.00000000023,1.0,0.0,0.0
2016-02-26,13:30:00,23.56,23.62,23.42,23.45,55988.00000000023,1.0,0.0,0.0
2016-02-26,13:37:00,23.45,23.46,23.3,23.36,63344.00000000023,1.0,0.0,0.0
2016-02-26,13:44:00,23.35,23.53,23.29,23.31,55136.00000000023,1.0,0.0,0.0
2016-02-26,13:51:00,23.32,23.42,23.26,23.26,51859.00000000023,1.0,0.0,0.0
2016-02-26,13:58:00,23.25,23.26,23.18,23.23,42971.00000000023,1.0,0.0,0.0
2016-02-26,14:05:00,23.24,23.295,23.23,23.23,49352.00000000023,1.0,0.0,0.0
2016-02-26,14:12:00,23.23,23.3,23.13,23.13,37358.00000000023,1.0,0.0,0.0
2016-02-26,14:19:00,23.14,23.22,23.08,23.09,45900.00000000023,1.0,0.0,0.0
2016-02-26,14:26:00,23.08,23.14,23.01,23.03,77283.00000000023,1.0,0.0,0.0
2016-02-26,14:33:00,23.02,23.095,23.02,23.08,68248.00000000023,1.0,0.0,0.0
2016-02-26,14:40:00,23.09,23.09,22.9201,22.94,67805.00000000023,1.0,0.0,0.0
2016-02-26,14:47:00,22.95,23.07,22.93,23.04,67552.00000000023,1.0,0.0,0.0
2016-02-26,14:54:00,23.04,23.125,23.04,23.04,60010.00000000023,1.0,0.0,0.0
2016-02-26,15:01:00,23.04,23.075,22.94,22.995,57852.00000000023,1.0,0.0,0.0
2016-02-26,15:08:00,23.0,23.13,23.0,23.0845,64502.00000000023,1.0,0.0,0.0
2016-02-26,15:15:00,23.09,23.11,23.03,23.055,96093.00000000023,1.0,0.0,0.0
2016-02-26,15:22:00,23.06,23.135,23.055,23.12,89765.00000000023,1.0,0.0,0.0
2016-02-26,15:29:00,23.12,23.125,23.0,23.01,107140.00000000023,1.0,0.0,0.0
2016-02-26,15:36:00,23.01,23.12,22.99,23.12,121691.00000000023,1.0,0.0,0.0
2016-02-26,15:43:00,23.115,23.13,23.02,23.08,190865.00000000023,1.0,0.0,0.0
2016-02-26,15:50:00,23.08,23.13,23.07,23.07,172069.00000000023,1.0,0.0,0.0
2016-02-26,15:57:00,23.08,23.09,23.0,23.01,256940.00000000023,1.0,0.0,0.0
2016-02-29,09:34:00,23.01,23.16,22.85,23.13,250127.00000000023,1.0,0.0,0.0
2016-02-29,09:41:00,23.21,23.44,23.15,23.4,52161.00000000023,1.0,0.0,0.0
2016-02-29,09:48:00,23.35,23.6,23.27,23.35,68951.00000000023,1.0,0.0,0.0
2016-02-29,09:55:00,23.36,23.66,23.35,23.52,45586.00000000023,1.0,0.0,0.0
2016-02-29,10:02:00,23.525,23.55,23.3,23.47,49547.00000000023,1.0,0.0,0.0
2016-02-29,10:09:00,23.47,23.82,23.45,23.63,85862.00000000023,1.0,0.0,0.0
2016-02-29,10:16:00,23.64,23.9412,23.63,23.87,74300.00000000023,1.0,0.0,0.0
2016-02-29,10:23:00,23.88,23.92,23.7,23.84,44764.00000000023,1.0,0.0,0.0
2016-02-29,10:30:00,23.835,23.89,23.66,23.8,50052.00000000023,1.0,0.0,0.0
2016-02-29,10:37:00,23.81,23.9,23.61,23.71,57559.00000000023,1.0,0.0,0.0
2016-02-29,10:44:00,23.71,23.88,23.69,23.86,51692.00000000023,1.0,0.0,0.0
2016-02-29,10:51:00,23.86,23.89,23.7,23.82,92026.00000000023,1.0,0.0,0.0
2016-02-29,10:58:00,23.82,24.0,23.74,23.74,60147.00000000023,1.0,0.0,0.0
2016-02-29,11:05:00,23.76,24.05,23.75,23.94,74838.00000000023,1.0,0.0,0.0
2016-02-29,11:12:00,23.94,24.12,23.88,24.11,67461.00000000023,1.0,0.0,0.0
2016-02-29,11:19:00,24.11,24.12,24.02,24.09,54284.00000000023,1.0,0.0,0.0
2016-02-29,11:26:00,24.095,24.3,24.0816,24.09,75352.00000000023,1.0,0.0,0.0
2016-02-29,11:33:00,24.1,24.13,24.02,24.08,45620.00000000023,1.0,0.0,0.0
2016-02-29,11:40:00,24.09,24.23,24.09,24.1237,81754.00000000023,1.0,0.0,0.0
2016-02-29,11:47:00,24.13,24.15,23.95,24.02,64600.00000000023,1.0,0.0,0.0
2016-02-29,11:54:00,24.01,24.09,23.91,23.94,66369.00000000023,1.0,0.0,0.0
2016-02-29,12:01:00,23.94,23.99,23.83,23.89,51740.00000000023,1.0,0.0,0.0
2016-02-29,12:08:00,23.9,23.92,23.83,23.88,46489.00000000023,1.0,0.0,0.0
2016-02-29,12:15:00,23.88,24.0362,23.86,24.0362,41091.00000000023,1.0,0.0,0.0
2016-02-29,12:22:00,24.035,24.09,23.96,23.969,41286.00000000023,1.0,0.0,0.0
2016-02-29,12:29:00,23.95,23.9852,23.91,23.965,29750.000000000233,1.0,0.0,0.0
2016-02-29,12:36:00,23.97,24.0,23.92,23.99,45846.00000000023,1.0,0.0,0.0
2016-02-29,12:43:00,24.0,24.02,23.87,23.915,33118.00000000023,1.0,0.0,0.0
2016-02-29,12:50:00,23.915,23.96,23.89,23.96,36388.00000000023,1.0,0.0,0.0
2016-02-29,12:57:00,23.964000000000002,23.97,23.91,23.91,35380.00000000023,1.0,0.0,0.0
2016-02-29,13:04:00,23.91,24.0,23.9062,23.97,39928.00000000023,1.0,0.0,0.0
2016-02-29,13:11:00,23.97,24.06,23.95,24.03,34622.00000000023,1.0,0.0,0.0
2016-02-29,13:18:00,24.02,24.09,23.96,24.08,53356.00000000023,1.0,0.0,0.0
2016-02-29,13:25:00,24.08,24.08,23.96,24.0,42057.00000000023,1.0,0.0,0.0
2016-02-29,13:32:00,24.0,24.15,24.0,24.13,60650.00000000023,1.0,0.0,0.0
2016-02-29,13:39:00,24.13,24.245,24.13,24.24,65217.00000000023,1.0,0.0,0.0
2016-02-29,13:46:00,24.24,24.24,24.11,24.23,57739.00000000023,1.0,0.0,0.0
2016-02-29,13:53:00,24.2301,24.3,24.22,24.29,51873.00000000023,1.0,0.0,0.0
2016-02-29,14:00:00,24.29,24.31,24.24,24.29,64681.00000000023,1.0,0.0,0.0
2016-02-29,14:07:00,24.29,24.37,24.245,24.245,70371.00000000023,1.0,0.0,0.0
2016-02-29,14:14:00,24.25,24.28,24.14,24.235,67462.00000000023,1.0,0.0,0.0
2016-02-29,14:21:00,24.24,24.27,24.12,24.125,61842.00000000023,1.0,0.0,0.0
2016-02-29,14:28:00,24.12,24.21,24.08,24.2,59907.00000000023,1.0,0.0,0.0
2016-02-29,14:35:00,24.19,24.19,24.05,24.09,48176.00000000023,1.0,0.0,0.0
2016-02-29,14:42:00,24.08,24.105,24.03,24.04,47974.00000000023,1.0,0.0,0.0
2016-02-29,14:49:00,24.03,24.075,23.97,24.075,44531.00000000023,1.0,0.0,0.0
2016-02-29,14:56:00,24.08,24.11,23.95,23.96,38030.00000000023,1.0,0.0,0.0
2016-02-29,15:03:00,23.96,23.96,23.82,23.86,63020.00000000023,1.0,0.0,0.0
2016-02-29,15:10:00,23.86,23.91,23.85,23.89,69357.00000000023,1.0,0.0,0.0
2016-02-29,15:17:00,23.88,23.92,23.83,23.9,70071.00000000023,1.0,0.0,0.0
2016-02-29,15:24:00,23.9,23.91,23.85,23.8975,76717.00000000023,1.0,0.0,0.0
2016-02-29,15:31:00,23.89,24.0,23.87,23.98,76747.00000000023,1.0,0.0,0.0
2016-02-29,15:38:00,23.98,24.025,23.97,23.99,101683.00000000023,1.0,0.0,0.0
2016-02-29,15:45:00,23.98,24.05,23.9475,24.025,174292.00000000023,1.0,0.0,0.0
2016-02-29,15:52:00,24.025,24.115,24.0,24.105,134182.00000000023,1.0,0.0,0.0
2016-02-29,15:59:00,24.105,24.16,23.99,23.99,355360.00000000023,1.0,0.0,0.0
2016-03-01,09:36:00,24.23,24.33,23.78,23.78,73297.00000000023,1.0,0.0,0.0
2016-03-01,09:43:00,23.81,23.83,23.61,23.73,45140.00000000023,1.0,0.0,0.0
2016-03-01,09:50:00,23.73,23.77,23.34,23.5,67916.00000000023,1.0,0.0,0.0
2016-03-01,09:57:00,23.45,23.64,23.4,23.57,52800.00000000023,1.0,0.0,0.0
2016-03-01,10:04:00,23.57,23.77,23.53,23.69,65786.00000000023,1.0,0.0,0.0
2016-03-01,10:11:00,23.73,23.91,23.69,23.82,67394.00000000023,1.0,0.0,0.0
2016-03-01,10:18:00,23.795,23.97,23.72,23.8178,38309.00000000023,1.0,0.0,0.0
2016-03-01,10:25:00,23.79,23.98,23.7,23.9301,42529.00000000023,1.0,0.0,0.0
2016-03-01,10:32:00,23.9,23.95,23.68,23.74,107267.00000000023,1.0,0.0,0.0
2016-03-01,10:39:00,23.74,23.89,23.74,23.7899,43700.00000000023,1.0,0.0,0.0
2016-03-01,10:46:00,23.79,23.79,23.66,23.67,49191.00000000023,1.0,0.0,0.0
2016-03-01,10:53:00,23.665,23.6701,23.6,23.66,18437.000000000233,1.0,0.0,0.0
2016-03-01,11:00:00,23.66,23.81,23.65,23.8,35177.00000000023,1.0,0.0,0.0
2016-03-01,11:07:00,23.8,23.97,23.79,23.97,54889.00000000023,1.0,0.0,0.0
2016-03-01,11:14:00,23.96,24.07,23.95,24.05,58443.00000000023,1.0,0.0,0.0
2016-03-01,11:21:00,24.05,24.15,24.01,24.09,31574.000000000233,1.0,0.0,0.0
2016-03-01,11:28:00,24.08,24.1101,23.99,24.0,32333.000000000233,1.0,0.0,0.0
2016-03-01,11:35:00,24.02,24.21,24.01,24.2,39495.00000000023,1.0,0.0,0.0
2016-03-01,11:42:00,24.2,24.31,24.18,24.26,40971.00000000023,1.0,0.0,0.0
2016-03-01,11:49:00,24.26,24.36,24.26,24.35,26078.000000000233,1.0,0.0,0.0
2016-03-01,11:56:00,24.36,24.47,24.32,24.41,32937.00000000023,1.0,0.0,0.0
2016-03-01,12:03:00,24.41,24.5,24.385,24.45,45565.00000000023,1.0,0.0,0.0
2016-03-01,12:10:00,24.45,24.47,24.4,24.42,33165.00000000023,1.0,0.0,0.0
2016-03-01,12:17:00,24.41,24.41,24.28,24.28,21291.000000000233,1.0,0.0,0.0
2016-03-01,12:24:00,24.28,24.34,24.25,24.26,22406.000000000233,1.0,0.0,0.0
2016-03-01,12:31:00,24.26,24.3299,24.23,24.32,26916.000000000233,1.0,0.0,0.0
2016-03-01,12:38:00,24.32,24.34,24.25,24.29,37659.00000000023,1.0,0.0,0.0
2016-03-01,12:45:00,24.28,24.28,24.1599,24.2,32864.00000000023,1.0,0.0,0.0
2016-03-01,12:52:00,24.19,24.2899,24.19,24.24,26392.000000000233,1.0,0.0,0.0
2016-03-01,12:59:00,24.25,24.26,24.15,24.21,27437.000000000233,1.0,0.0,0.0
2016-03-01,13:06:00,24.2,24.24,24.16,24.2199,27026.000000000233,1.0,0.0,0.0
2016-03-01,13:13:00,24.22,24.25,24.17,24.18,27837.000000000233,1.0,0.0,0.0
2016-03-01,13:20:00,24.18,24.19,24.11,24.12,23206.000000000233,1.0,0.0,0.0
2016-03-01,13:27:00,24.12,24.13,24.03,24.05,56421.00000000023,1.0,0.0,0.0
2016-03-01,13:34:00,24.05,24.09,24.015,24.06,27104.000000000233,1.0,0.0,0.0
2016-03-01,13:41:00,24.06,24.13,24.05,24.09,32925.00000000023,1.0,0.0,0.0
2016-03-01,13:48:00,24.0925,24.1,24.01,24.02,43551.00000000023,1.0,0.0,0.0
2016-03-01,13:55:00,24.03,24.09,24.03,24.05,22054.000000000233,1.0,0.0,0.0
2016-03-01,14:02:00,24.06,24.06,23.93,23.95,29675.000000000233,1.0,0.0,0.0
2016-03-01,14:09:00,23.95,23.96,23.81,23.84,53181.00000000023,1.0,0.0,0.0
2016-03-01,14:16:00,23.84,23.84,23.73,23.81,33051.00000000023,1.0,0.0,0.0
2016-03-01,14:23:00,23.815,23.845,23.78,23.83,16355.000000000233,1.0,0.0,0.0
2016-03-01,14:30:00,23.82,23.91,23.82,23.88,35821.00000000023,1.0,0.0,0.0
2016-03-01,14:37:00,23.89,23.97,23.89,23.94,44694.00000000023,1.0,0.0,0.0
2016-03-01,14:44:00,23.95,24.0,23.92,24.0,27283.000000000233,1.0,0.0,0.0
2016-03-01,14:51:00,23.9901,24.01,23.97,23.99,39452.00000000023,1.0,0.0,0.0
2016-03-01,14:58:00,24.0,24.08,23.99,24.07,61548.00000000023,1.0,0.0,0.0
2016-03-01,15:05:00,24.0632,24.11,24.06,24.1,57061.00000000023,1.0,0.0,0.0
2016-03-01,15:12:00,24.1,24.1,24.04,24.04,45715.00000000023,1.0,0.0,0.0
2016-03-01,15:19:00,24.05,24.14,24.05,24.11,51812.00000000023,1.0,0.0,0.0
2016-03-01,15:26:00,24.1,24.1499,24.07,24.1499,55665.00000000023,1.0,0.0,0.0
2016-03-01,15:33:00,24.15,24.18,24.1,24.11,71018.00000000023,1.0,0.0,0.0
2016-03-01,15:40:00,24.12,24.19,24.115,24.13,80013.00000000023,1.0,0.0,0.0
2016-03-01,15:47:00,24.13,24.15,24.06,24.14,101981.00000000023,1.0,0.0,0.0
2016-03-01,15:54:00,24.15,24.15,24.1,24.15,81792.00000000023,1.0,0.0,0.0
2016-03-02,09:31:00,24.15,24.2,23.892,23.91,161494.00000000023,1.0,0.0,0.0
2016-03-02,09:38:00,23.9305,24.09,23.77,23.987,27106.000000000233,1.0,0.0,0.0
2016-03-02,09:45:00,24.02,24.35,23.991,24.33,16638.000000000233,1.0,0.0,0.0
2016-03-02,09:52:00,24.359,24.49,24.24,24.33,39359.00000000023,1.0,0.0,0.0
2016-03-02,09:59:00,24.3775,24.43,24.22,24.27,23206.000000000233,1.0,0.0,0.0
2016-03-02,10:06:00,24.25,24.42,24.21,24.41,51655.00000000023,1.0,0.0,0.0
2016-03-02,10:13:00,24.39,24.52,24.31,24.51,70546.00000000023,1.0,0.0,0.0
2016-03-02,10:20:00,24.51,24.58,24.42,24.42,42672.00000000023,1.0,0.0,0.0
2016-03-02,10:27:00,24.43,24.44,24.36,24.39,21424.000000000233,1.0,0.0,0.0
2016-03-02,10:34:00,24.41,24.42,24.155,24.21,60992.00000000023,1.0,0.0,0.0
2016-03-02,10:41:00,24.22,24.28,24.08,24.1,36215.00000000023,1.0,0.0,0.0
2016-03-02,10:48:00,24.1,24.22,24.07,24.15,37378.00000000023,1.0,0.0,0.0
2016-03-02,10:55:00,24.14,24.34,24.09,24.315,62415.00000000023,1.0,0.0,0.0
2016-03-02,11:02:00,24.33,24.43,24.29,24.41,99985.00000000023,1.0,0.0,0.0
2016-03-02,11:09:00,24.44,24.685,24.43,24.68,68997.00000000023,1.0,0.0,0.0
2016-03-02,11:16:00,24.68,24.92,24.67,24.88,100919.00000000023,1.0,0.0,0.0
2016-03-02,11:23:00,24.87,24.915,24.8,24.87,134729.00000000023,1.0,0.0,0.0
2016-03-02,11:30:00,24.89,24.8901,24.8,24.85,29121.000000000233,1.0,0.0,0.0
2016-03-02,11:37:00,24.8502,24.8678,24.64,24.64,39019.00000000023,1.0,0.0,0.0
2016-03-02,11:44:00,24.64,24.69,24.55,24.61,23143.000000000233,1.0,0.0,0.0
2016-03-02,11:51:00,24.59,24.64,24.53,24.64,27645.000000000233,1.0,0.0,0.0
2016-03-02,11:58:00,24.64,24.68,24.55,24.55,32383.000000000233,1.0,0.0,0.0
2016-03-02,12:05:00,24.57,24.61,24.51,24.56,27251.000000000233,1.0,0.0,0.0
2016-03-02,12:12:00,24.56,24.62,24.5101,24.590999999999998,31948.000000000233,1.0,0.0,0.0
2016-03-02,12:19:00,24.6,24.68,24.6,24.63,54403.00000000023,1.0,0.0,0.0
2016-03-02,12:26:00,24.63,24.67,24.58,24.6,39046.00000000023,1.0,0.0,0.0
2016-03-02,12:33:00,24.59,24.69,24.57,24.68,49189.00000000023,1.0,0.0,0.0
2016-03-02,12:40:00,24.66,24.78,24.65,24.77,20672.000000000233,1.0,0.0,0.0
2016-03-02,12:47:00,24.78,24.82,24.76,24.82,41418.00000000023,1.0,0.0,0.0
2016-03-02,12:54:00,24.82,24.89,24.8,24.84,28543.000000000233,1.0,0.0,0.0
2016-03-02,13:01:00,24.85,24.87,24.79,24.8,78367.00000000023,1.0,0.0,0.0
2016-03-02,13:08:00,24.7999,24.9,24.79,24.86,27439.000000000233,1.0,0.0,0.0
2016-03-02,13:15:00,24.86,24.89,24.8,24.83,22383.000000000233,1.0,0.0,0.0
2016-03-02,13:22:00,24.84,25.0,24.82,24.99,29885.000000000233,1.0,0.0,0.0
2016-03-02,13:29:00,24.9898,25.04,24.96,25.03,87022.00000000023,1.0,0.0,0.0
2016-03-02,13:36:00,25.02,25.0399,24.91,24.93,37137.00000000023,1.0,0.0,0.0
2016-03-02,13:43:00,24.93,25.0,24.91,25.0,28433.000000000233,1.0,0.0,0.0
2016-03-02,13:50:00,25.0,25.21,25.0,25.2,51512.00000000023,1.0,0.0,0.0
2016-03-02,13:57:00,25.2,25.27,25.15,25.15,33368.00000000023,1.0,0.0,0.0
2016-03-02,14:04:00,25.1456,25.3,25.14,25.3,46942.00000000023,1.0,0.0,0.0
2016-03-02,14:11:00,25.29,25.33,25.16,25.18,62620.00000000023,1.0,0.0,0.0
2016-03-02,14:18:00,25.18,25.23,24.99,25.01,81678.00000000023,1.0,0.0,0.0
2016-03-02,14:25:00,25.01,25.1,25.01,25.08,62285.00000000023,1.0,0.0,0.0
2016-03-02,14:32:00,25.08,25.2,25.07,25.11,52702.00000000023,1.0,0.0,0.0
2016-03-02,14:39:00,25.11,25.23,25.11,25.21,38278.00000000023,1.0,0.0,0.0
2016-03-02,14:46:00,25.2,25.25,25.19,25.23,31199.000000000233,1.0,0.0,0.0
2016-03-02,14:53:00,25.24,25.3,25.24,25.2901,54531.00000000023,1.0,0.0,0.0
2016-03-02,15:00:00,25.29,25.29,25.2399,25.26,40777.00000000023,1.0,0.0,0.0
2016-03-02,15:07:00,25.26,25.31,25.21,25.3,66379.00000000023,1.0,0.0,0.0
2016-03-02,15:14:00,25.3,25.38,25.27,25.38,61142.00000000023,1.0,0.0,0.0
2016-03-02,15:21:00,25.38,25.47,25.33,25.47,79250.00000000023,1.0,0.0,0.0
2016-03-02,15:28:00,25.47,25.505,25.38,25.4,89495.00000000023,1.0,0.0,0.0
2016-03-02,15:35:00,25.4,25.44,25.365,25.425,73189.00000000023,1.0,0.0,0.0
2016-03-02,15:42:00,25.43,25.495,25.37,25.495,95652.00000000023,1.0,0.0,0.0
2016-03-02,15:49:00,25.5,25.57,25.49,25.56,100065.00000000023,1.0,0.0,0.0
2016-03-02,15:56:00,25.555,25.59,25.48,25.57,171521.00000000023,1.0,0.0,0.0
2016-03-03,09:33:00,25.57,25.59,25.3,25.3,178202.00000000023,1.0,0.0,0.0
2016-03-03,09:40:00,25.36,25.57,25.32,25.5,48892.00000000023,1.0,0.0,0.0
2016-03-03,09:47:00,25.53,25.7099,25.43,25.62,81629.00000000023,1.0,0.0,0.0
2016-03-03,09:54:00,25.62,25.93,25.56,25.9,83780.00000000023,1.0,0.0,0.0
2016-03-03,10:01:00,25.89,25.99,25.81,25.916999999999998,77362.00000000023,1.0,0.0,0.0
2016-03-03,10:08:00,25.91,25.9299,25.78,25.78,52469.00000000023,1.0,0.0,0.0
2016-03-03,10:15:00,25.79,25.93,25.78,25.8,70573.00000000023,1.0,0.0,0.0
2016-03-03,10:22:00,25.79,26.0,25.79,25.99,41879.00000000023,1.0,0.0,0.0
2016-03-03,10:29:00,26.0,26.1,25.91,26.07,40234.00000000023,1.0,0.0,0.0
2016-03-03,10:36:00,26.08,26.34,26.08,26.34,58168.00000000023,1.0,0.0,0.0
2016-03-03,10:43:00,26.335,26.5,26.33,26.42,100059.00000000023,1.0,0.0,0.0
2016-03-03,10:50:00,26.42,26.65,26.3642,26.65,61260.00000000023,1.0,0.0,0.0
2016-03-03,10:57:00,26.64,26.9,26.64,26.87,78491.00000000023,1.0,0.0,0.0
2016-03-03,11:04:00,26.88,26.9,26.77,26.78,72224.00000000023,1.0,0.0,0.0
2016-03-03,11:11:00,26.78,26.86,26.71,26.8039,59364.00000000023,1.0,0.0,0.0
2016-03-03,11:18:00,26.81,26.8345,26.65,26.67,64761.00000000023,1.0,0.0,0.0
2016-03-03,11:25:00,26.66,26.705,26.3914,26.415,75914.00000000023,1.0,0.0,0.0
2016-03-03,11:32:00,26.42,26.58,26.41,26.58,45792.00000000023,1.0,0.0,0.0
2016-03-03,11:39:00,26.57,26.585,26.43,26.4756,44495.00000000023,1.0,0.0,0.0
2016-03-03,11:46:00,26.47,26.62,26.47,26.6,60558.00000000023,1.0,0.0,0.0
2016-03-03,11:53:00,26.57,26.64,26.47,26.48,35696.00000000023,1.0,0.0,0.0
2016-03-03,12:00:00,26.48,26.63,26.44,26.63,33446.00000000023,1.0,0.0,0.0
2016-03-03,12:07:00,26.62,26.6601,26.37,26.41,34681.00000000023,1.0,0.0,0.0
2016-03-03,12:14:00,26.41,26.54,26.41,26.46,55971.00000000023,1.0,0.0,0.0
2016-03-03,12:21:00,26.455,26.47,26.21,26.26,39823.00000000023,1.0,0.0,0.0
2016-03-03,12:28:00,26.27,26.425,26.27,26.405,40692.00000000023,1.0,0.0,0.0
2016-03-03,12:35:00,26.41,26.5,26.4,26.4869,40900.00000000023,1.0,0.0,0.0
2016-03-03,12:42:00,26.48,26.66,26.47,26.62,60507.00000000023,1.0,0.0,0.0
2016-03-03,12:49:00,26.61,26.66,26.56,26.65,57349.00000000023,1.0,0.0,0.0
2016-03-03,12:56:00,26.65,26.79,26.65,26.73,51426.00000000023,1.0,0.0,0.0
2016-03-03,13:03:00,26.73,26.76,26.66,26.71,48789.00000000023,1.0,0.0,0.0
2016-03-03,13:10:00,26.7,26.715,26.57,26.63,83339.00000000023,1.0,0.0,0.0
2016-03-03,13:17:00,26.64,26.72,26.5936,26.72,62936.00000000023,1.0,0.0,0.0
2016-03-03,13:24:00,26.72,26.74,26.6,26.66,39115.00000000023,1.0,0.0,0.0
2016-03-03,13:31:00,26.65,26.66,26.5038,26.56,102485.00000000023,1.0,0.0,0.0
2016-03-03,13:38:00,26.56,26.57,26.385,26.385,64753.00000000023,1.0,0.0,0.0
2016-03-03,13:45:00,26.4,26.4,26.28,26.29,59458.00000000023,1.0,0.0,0.0
2016-03-03,13:52:00,26.29,26.33,26.23,26.23,59873.00000000023,1.0,0.0,0.0
2016-03-03,13:59:00,26.22,26.47,26.22,26.46,51363.00000000023,1.0,0.0,0.0
2016-03-03,14:06:00,26.47,26.51,26.35,26.35,51080.00000000023,1.0,0.0,0.0
2016-03-03,14:13:00,26.35,26.5,26.35,26.5,68272.00000000023,1.0,0.0,0.0
2016-03-03,14:20:00,26.5,26.61,26.5,26.6,31541.000000000233,1.0,0.0,0.0
2016-03-03,14:27:00,26.59,26.68,26.57,26.63,37829.00000000023,1.0,0.0,0.0
2016-03-03,14:34:00,26.64,26.7,26.59,26.6801,39241.00000000023,1.0,0.0,0.0
2016-03-03,14:41:00,26.685,26.76,26.68,26.76,34713.00000000023,1.0,0.0,0.0
2016-03-03,14:48:00,26.76,26.78,26.66,26.69,41158.00000000023,1.0,0.0,0.0
2016-03-03,14:55:00,26.69,26.69,26.62,26.63,56516.00000000023,1.0,0.0,0.0
2016-03-03,15:02:00,26.63,26.71,26.59,26.705,39488.00000000023,1.0,0.0,0.0
2016-03-03,15:09:00,26.71,26.74,26.66,26.7,54662.00000000023,1.0,0.0,0.0
2016-03-03,15:16:00,26.72,26.72,26.645,26.68,43910.00000000023,1.0,0.0,0.0
2016-03-03,15:23:00,26.68,26.69,26.63,26.65,55822.00000000023,1.0,0.0,0.0
2016-03-03,15:30:00,26.65,26.68,26.58,26.61,68830.00000000023,1.0,0.0,0.0
2016-03-03,15:37:00,26.62,26.64,26.59,26.61,75370.00000000023,1.0,0.0,0.0
2016-03-03,15:44:00,26.61,26.64,26.58,26.63,117884.00000000023,1.0,0.0,0.0
2016-03-03,15:51:00,26.64,26.65,26.56,26.56,182279.00000000023,1.0,0.0,0.0
2016-03-03,15:58:00,26.56,26.61,26.56,26.59,206113.00000000023,1.0,0.0,0.0
2016-03-04,09:35:00,26.6,27.35,26.59,26.76,166936.00000000023,1.0,0.0,0.0
2016-03-04,09:42:00,26.83,26.98,26.66,26.66,34000.00000000023,1.0,0.0,0.0
2016-03-04,09:49:00,26.69,26.76,26.56,26.62,34522.00000000023,1.0,0.0,0.0
2016-03-04,09:56:00,26.65,26.86,26.5701,26.65,40083.00000000023,1.0,0.0,0.0
2016-03-04,10:03:00,26.61,26.81,26.6,26.72,36828.00000000023,1.0,0.0,0.0
2016-03-04,10:10:00,26.73,27.08,26.7287,27.02,55864.00000000023,1.0,0.0,0.0
2016-03-04,10:17:00,27.02,27.32,27.015,27.25,75755.00000000023,1.0,0.0,0.0
2016-03-04,10:24:00,27.25,27.31,26.98,27.01,166559.00000000023,1.0,0.0,0.0
2016-03-04,10:31:00,27.01,27.11,26.94,27.03,85532.00000000023,1.0,0.0,0.0
2016-03-04,10:38:00,27.03,27.08,26.94,27.05,62705.00000000023,1.0,0.0,0.0
2016-03-04,10:45:00,27.05,27.25,26.96,27.25,49659.00000000023,1.0,0.0,0.0
2016-03-04,10:52:00,27.266,27.3,27.1101,27.18,45541.00000000023,1.0,0.0,0.0
2016-03-04,10:59:00,27.1999,27.38,27.19,27.34,70163.00000000023,1.0,0.0,0.0
2016-03-04,11:06:00,27.34,27.44,27.28,27.405,56940.00000000023,1.0,0.0,0.0
2016-03-04,11:13:00,27.4,27.45,27.28,27.43,122863.00000000023,1.0,0.0,0.0
2016-03-04,11:20:00,27.43,27.46,27.33,27.34,107346.00000000023,1.0,0.0,0.0
2016-03-04,11:27:00,27.35,27.395,27.25,27.36,39972.00000000023,1.0,0.0,0.0
2016-03-04,11:34:00,27.37,27.49,27.33,27.48,50808.00000000023,1.0,0.0,0.0
2016-03-04,11:41:00,27.47,27.58,27.45,27.53,51139.00000000023,1.0,0.0,0.0
2016-03-04,11:48:00,27.53,27.55,27.47,27.5268,31243.000000000233,1.0,0.0,0.0
2016-03-04,11:55:00,27.53,27.74,27.5,27.73,46083.00000000023,1.0,0.0,0.0
2016-03-04,12:02:00,27.73,28.02,27.73,28.0,86738.00000000023,1.0,0.0,0.0
2016-03-04,12:09:00,28.01,28.03,27.6915,27.6915,55836.00000000023,1.0,0.0,0.0
2016-03-04,12:16:00,27.69,27.77,27.5975,27.599,36435.00000000023,1.0,0.0,0.0
2016-03-04,12:23:00,27.5938,27.77,27.58,27.73,48778.00000000023,1.0,0.0,0.0
2016-03-04,12:30:00,27.72,27.73,27.53,27.565,46480.00000000023,1.0,0.0,0.0
2016-03-04,12:37:00,27.575,27.64,27.56,27.6128,43013.00000000023,1.0,0.0,0.0
2016-03-04,12:44:00,27.62,27.68,27.43,27.47,104998.00000000023,1.0,0.0,0.0
2016-03-04,12:51:00,27.46,27.47,27.39,27.42,77473.00000000023,1.0,0.0,0.0
2016-03-04,12:58:00,27.41,27.47,27.33,27.3401,53073.00000000023,1.0,0.0,0.0
2016-03-04,13:05:00,27.3525,27.41,27.22,27.23,43848.00000000023,1.0,0.0,0.0
2016-03-04,13:12:00,27.23,27.23,27.0247,27.04,35608.00000000023,1.0,0.0,0.0
2016-03-04,13:19:00,27.03,27.17,26.97,27.15,56898.00000000023,1.0,0.0,0.0
2016-03-04,13:26:00,27.14,27.27,27.14,27.24,38254.00000000023,1.0,0.0,0.0
2016-03-04,13:33:00,27.2368,27.31,27.18,27.27,27785.000000000233,1.0,0.0,0.0
2016-03-04,13:40:00,27.2601,27.32,27.22,27.28,38492.00000000023,1.0,0.0,0.0
2016-03-04,13:47:00,27.275,27.3,27.11,27.15,52957.00000000023,1.0,0.0,0.0
2016-03-04,13:54:00,27.14,27.22,27.105,27.21,27212.000000000233,1.0,0.0,0.0
2016-03-04,14:01:00,27.2298,27.25,27.01,27.0399,58464.00000000023,1.0,0.0,0.0
2016-03-04,14:08:00,27.04,27.06,26.9,26.9,53389.00000000023,1.0,0.0,0.0
2016-03-04,14:15:00,26.9,26.9,26.41,26.42,130837.00000000023,1.0,0.0,0.0
2016-03-04,14:22:00,26.43,26.46,26.17,26.2,130376.00000000023,1.0,0.0,0.0
2016-03-04,14:29:00,26.2,26.23,26.06,26.14,68419.00000000023,1.0,0.0,0.0
2016-03-04,14:36:00,26.12,26.44,26.08,26.23,124748.00000000023,1.0,0.0,0.0
2016-03-04,14:43:00,26.235,26.255,25.9,25.9898,90224.00000000023,1.0,0.0,0.0
2016-03-04,14:50:00,25.99,26.05,25.83,25.83,79266.00000000023,1.0,0.0,0.0
2016-03-04,14:57:00,25.84,25.85,25.61,25.84,157423.00000000023,1.0,0.0,0.0
2016-03-04,15:04:00,25.85,25.95,25.77,25.78,173105.00000000023,1.0,0.0,0.0
2016-03-04,15:11:00,25.79,26.12,25.79,26.02,73765.00000000023,1.0,0.0,0.0
2016-03-04,15:18:00,26.03,26.31,26.03,26.29,65885.00000000023,1.0,0.0,0.0
2016-03-04,15:25:00,26.3,26.41,26.27,26.37,65108.00000000023,1.0,0.0,0.0
2016-03-04,15:32:00,26.38,26.42,26.31,26.39,72957.00000000023,1.0,0.0,0.0
2016-03-04,15:39:00,26.4,26.41,26.28,26.38,101229.00000000023,1.0,0.0,0.0
2016-03-04,15:46:00,26.38,26.515,26.37,26.44,249930.00000000023,1.0,0.0,0.0
2016-03-04,15:53:00,26.44,26.51,26.34,26.34,166358.00000000023,1.0,0.0,0.0
2016-03-07,09:30:00,26.35,26.6,26.28,26.6,409638.00000000023,1.0,0.0,0.0
2016-03-07,09:37:00,26.51,26.99,26.46,26.99,111676.00000000023,1.0,0.0,0.0
2016-03-07,09:44:00,26.99,27.49,26.98,27.35,103084.00000000023,1.0,0.0,0.0
2016-03-07,09:51:00,27.35,27.63,27.26,27.575,83211.00000000023,1.0,0.0,0.0
2016-03-07,09:58:00,27.56,27.62,27.331,27.58,56144.00000000023,1.0,0.0,0.0
2016-03-07,10:05:00,27.57,27.68,27.35,27.67,46802.00000000023,1.0,0.0,0.0
2016-03-07,10:12:00,27.64,27.81,27.64,27.76,179204.00000000023,1.0,0.0,0.0
2016-03-07,10:19:00,27.77,27.9,27.64,27.86,123034.00000000023,1.0,0.0,0.0
2016-03-07,10:26:00,27.83,28.11,27.78,27.9,87336.00000000023,1.0,0.0,0.0
2016-03-07,10:33:00,27.86,28.04,27.78,27.95,77071.00000000023,1.0,0.0,0.0
2016-03-07,10:40:00,27.97,28.0999,27.87,28.02,80056.00000000023,1.0,0.0,0.0
2016-03-07,10:47:00,28.03,28.17,27.94,28.04,103044.00000000023,1.0,0.0,0.0
2016-03-07,10:54:00,28.03,28.03,27.805,27.91,65821.00000000023,1.0,0.0,0.0
2016-03-07,11:01:00,27.9075,28.07,27.89,27.95,77987.00000000023,1.0,0.0,0.0
2016-03-07,11:08:00,27.955,28.07,27.92,27.94,49032.00000000023,1.0,0.0,0.0
2016-03-07,11:15:00,27.94,28.03,27.78,27.78,48553.00000000023,1.0,0.0,0.0
2016-03-07,11:22:00,27.76,27.79,27.6535,27.77,61142.00000000023,1.0,0.0,0.0
2016-03-07,11:29:00,27.77,27.82,27.5,27.515,80908.00000000023,1.0,0.0,0.0
2016-03-07,11:36:00,27.53,27.682,27.52,27.62,39234.00000000023,1.0,0.0,0.0
2016-03-07,11:43:00,27.6208,27.74,27.6,27.7,46327.00000000023,1.0,0.0,0.0
2016-03-07,11:50:00,27.7,27.75,27.67,27.69,50200.00000000023,1.0,0.0,0.0
2016-03-07,11:57:00,27.69,27.87,27.68,27.74,36977.00000000023,1.0,0.0,0.0
2016-03-07,12:04:00,27.72,27.87,27.72,27.85,31195.000000000233,1.0,0.0,0.0
2016-03-07,12:11:00,27.86,27.87,27.78,27.78,50532.00000000023,1.0,0.0,0.0
2016-03-07,12:18:00,27.7779,27.88,27.7,27.76,34867.00000000023,1.0,0.0,0.0
2016-03-07,12:25:00,27.77,27.82,27.71,27.71,35585.00000000023,1.0,0.0,0.0
2016-03-07,12:32:00,27.71,27.77,27.69,27.73,28504.000000000233,1.0,0.0,0.0
2016-03-07,12:39:00,27.74,27.81,27.68,27.69,33214.00000000023,1.0,0.0,0.0
2016-03-07,12:46:00,27.69,27.83,27.69,27.77,30973.000000000233,1.0,0.0,0.0
2016-03-07,12:53:00,27.76,27.88,27.73,27.83,50170.00000000023,1.0,0.0,0.0
2016-03-07,13:00:00,27.85,27.89,27.82,27.87,38919.00000000023,1.0,0.0,0.0
2016-03-07,13:07:00,27.86,27.92,27.81,27.84,27698.000000000233,1.0,0.0,0.0
2016-03-07,13:14:00,27.85,27.89,27.8,27.84,41176.00000000023,1.0,0.0,0.0
2016-03-07,13:21:00,27.85,27.87,27.62,27.62,34443.00000000023,1.0,0.0,0.0
2016-03-07,13:28:00,27.6262,27.79,27.62,27.76,46501.00000000023,1.0,0.0,0.0
2016-03-07,13:35:00,27.7552,27.77,27.65,27.66,63353.00000000023,1.0,0.0,0.0
2016-03-07,13:42:00,27.66,27.67,27.54,27.55,50701.00000000023,1.0,0.0,0.0
2016-03-07,13:49:00,27.56,27.69,27.555,27.69,66271.00000000023,1.0,0.0,0.0
2016-03-07,13:56:00,27.7,27.755,27.665,27.75,60547.00000000023,1.0,0.0,0.0
2016-03-07,14:03:00,27.75,27.765,27.715,27.72,53982.00000000023,1.0,0.0,0.0
2016-03-07,14:10:00,27.72,27.76,27.69,27.74,91763.00000000023,1.0,0.0,0.0
2016-03-07,14:17:00,27.74,27.86,27.71,27.78,40954.00000000023,1.0,0.0,0.0
2016-03-07,14:24:00,27.78,27.79,27.69,27.7,25371.000000000233,1.0,0.0,0.0
2016-03-07,14:31:00,27.69,27.715,27.54,27.58,53345.00000000023,1.0,0.0,0.0
2016-03-07,14:38:00,27.57,27.59,27.44,27.46,101048.00000000023,1.0,0.0,0.0
2016-03-07,14:45:00,27.46,27.61,27.44,27.6,57855.00000000023,1.0,0.0,0.0
2016-03-07,14:52:00,27.58,27.58,27.44,27.57,44412.00000000023,1.0,0.0,0.0
2016-03-07,14:59:00,27.58,27.58,27.51,27.54,54672.00000000023,1.0,0.0,0.0
2016-03-07,15:06:00,27.54,27.55,27.465,27.49,67968.00000000023,1.0,0.0,0.0
2016-03-07,15:13:00,27.48,27.69,27.4776,27.66,83280.00000000023,1.0,0.0,0.0
2016-03-07,15:20:00,27.66,27.69,27.58,27.64,60164.00000000023,1.0,0.0,0.0
2016-03-07,15:27:00,27.64,27.68,27.57,27.62,55932.00000000023,1.0,0.0,0.0
2016-03-07,15:34:00,27.6122,27.62,27.48,27.49,122864.00000000023,1.0,0.0,0.0
2016-03-07,15:41:00,27.49,27.6,27.44,27.6,83172.00000000023,1.0,0.0,0.0
2016-03-07,15:48:00,27.5999,27.61,27.5,27.55,119727.00000000023,1.0,0.0,0.0
2016-03-07,15:55:00,27.56,27.57,27.5,27.565,208925.00000000023,1.0,0.0,0.0
2016-03-08,09:32:00,27.565,27.63,27.0111,27.15,276859.00000000023,1.0,0.0,0.0
2016-03-08,09:39:00,27.0,27.41,27.0,27.27,142535.00000000023,1.0,0.0,0.0
2016-03-08,09:46:00,27.34,27.53,27.0,27.22,233533.00000000023,1.0,0.0,0.0
2016-03-08,09:53:00,27.19,27.34,27.15,27.28,74462.00000000023,1.0,0.0,0.0
2016-03-08,10:00:00,27.29,27.33,26.46,26.49,259896.00000000023,1.0,0.0,0.0
2016-03-08,10:07:00,26.47,26.7,26.36,26.67,84792.00000000023,1.0,0.0,0.0
2016-03-08,10:14:00,26.7112,26.7112,26.35,26.36,59130.00000000023,1.0,0.0,0.0
2016-03-08,10:21:00,26.37,26.5299,26.36,26.52,35979.00000000023,1.0,0.0,0.0
2016-03-08,10:28:00,26.5,26.6,26.44,26.45,27903.000000000233,1.0,0.0,0.0
2016-03-08,10:35:00,26.45,26.5,26.39,26.48,40483.00000000023,1.0,0.0,0.0
2016-03-08,10:42:00,26.49,26.5,26.27,26.29,43804.00000000023,1.0,0.0,0.0
2016-03-08,10:49:00,26.28,26.39,26.26,26.375,46381.00000000023,1.0,0.0,0.0
2016-03-08,10:56:00,26.36,26.385,26.12,26.12,55448.00000000023,1.0,0.0,0.0
2016-03-08,11:03:00,26.12,26.28,26.02,26.25,43617.00000000023,1.0,0.0,0.0
2016-03-08,11:10:00,26.27,26.52,26.27,26.33,41551.00000000023,1.0,0.0,0.0
2016-03-08,11:17:00,26.35,26.45,26.18,26.44,29734.000000000233,1.0,0.0,0.0
2016-03-08,11:24:00,26.43,26.45,26.23,26.245,26287.000000000233,1.0,0.0,0.0
2016-03-08,11:31:00,26.245,26.44,26.23,26.44,27476.000000000233,1.0,0.0,0.0
2016-03-08,11:38:00,26.45,26.46,26.2587,26.2587,33285.00000000023,1.0,0.0,0.0
2016-03-08,11:45:00,26.28,26.32,26.14,26.25,131493.00000000023,1.0,0.0,0.0
2016-03-08,11:52:00,26.24,26.26,26.12,26.24,44662.00000000023,1.0,0.0,0.0
2016-03-08,11:59:00,26.25,26.33,26.17,26.28,62289.00000000023,1.0,0.0,0.0
2016-03-08,12:06:00,26.27,26.38,26.27,26.36,99052.00000000023,1.0,0.0,0.0
2016-03-08,12:13:00,26.37,26.44,26.33,26.365,28647.000000000233,1.0,0.0,0.0
2016-03-08,12:20:00,26.35,26.475,26.35,26.44,30362.000000000233,1.0,0.0,0.0
2016-03-08,12:27:00,26.44,26.5,26.43,26.45,47200.00000000023,1.0,0.0,0.0
2016-03-08,12:34:00,26.44,26.5399,26.44,26.4658,33392.00000000023,1.0,0.0,0.0
2016-03-08,12:41:00,26.45,26.54,26.44,26.5,31058.000000000233,1.0,0.0,0.0
2016-03-08,12:48:00,26.51,26.6,26.47,26.49,34412.00000000023,1.0,0.0,0.0
2016-03-08,12:55:00,26.49,26.52,26.44,26.5,21662.000000000233,1.0,0.0,0.0
2016-03-08,13:02:00,26.49,26.57,26.4899,26.53,20581.000000000233,1.0,0.0,0.0
2016-03-08,13:09:00,26.52,26.54,26.47,26.52,34017.00000000023,1.0,0.0,0.0
2016-03-08,13:16:00,26.52,26.53,26.45,26.4972,47765.00000000023,1.0,0.0,0.0
2016-03-08,13:23:00,26.5,26.62,26.5,26.62,65605.00000000023,1.0,0.0,0.0
2016-03-08,13:30:00,26.61,26.7,26.61,26.6599,44746.00000000023,1.0,0.0,0.0
2016-03-08,13:37:00,26.65,26.86,26.63,26.86,36375.00000000023,1.0,0.0,0.0
2016-03-08,13:44:00,26.85,26.9738,26.83,26.96,49723.00000000023,1.0,0.0,0.0
2016-03-08,13:51:00,26.96,26.98,26.89,26.89,40309.00000000023,1.0,0.0,0.0
2016-03-08,13:58:00,26.89,26.965,26.88,26.95,36714.00000000023,1.0,0.0,0.0
2016-03-08,14:05:00,26.95,26.9599,26.8303,26.88,56636.00000000023,1.0,0.0,0.0
2016-03-08,14:12:00,26.88,26.88,26.79,26.86,41434.00000000023,1.0,0.0,0.0
2016-03-08,14:19:00,26.87,26.92,26.82,26.84,32865.00000000023,1.0,0.0,0.0
2016-03-08,14:26:00,26.84,26.94,26.79,26.86,45069.00000000023,1.0,0.0,0.0
2016-03-08,14:33:00,26.8699,26.88,26.78,26.79,59067.00000000023,1.0,0.0,0.0
2016-03-08,14:40:00,26.79,26.855,26.755,26.765,55908.00000000023,1.0,0.0,0.0
2016-03-08,14:47:00,26.76,26.9,26.7508,26.89,80191.00000000023,1.0,0.0,0.0
2016-03-08,14:54:00,26.89,26.89,26.47,26.52,122751.00000000023,1.0,0.0,0.0
2016-03-08,15:01:00,26.51,26.56,26.39,26.41,135916.00000000023,1.0,0.0,0.0
2016-03-08,15:08:00,26.4039,26.5,26.36,26.4,237727.00000000023,1.0,0.0,0.0
2016-03-08,15:15:00,26.4,26.4,26.32,26.32,80261.00000000023,1.0,0.0,0.0
2016-03-08,15:22:00,26.32,26.38,26.11,26.11,160265.00000000023,1.0,0.0,0.0
2016-03-08,15:29:00,26.12,26.28,26.12,26.14,138496.00000000023,1.0,0.0,0.0
2016-03-08,15:36:00,26.15,26.23,26.13,26.16,118790.00000000023,1.0,0.0,0.0
2016-03-08,15:43:00,26.15,26.26,26.11,26.255,117476.00000000023,1.0,0.0,0.0
2016-03-08,15:50:00,26.25,26.33,26.225,26.235,184531.00000000023,1.0,0.0,0.0
2016-03-08,15:57:00,26.23,26.27,26.17,26.235,239021.00000000023,1.0,0.0,0.0
2016-03-09,09:34:00,26.235,26.78,26.21,26.59,245906.00000000023,1.0,0.0,0.0
2016-03-09,09:41:00,26.6,26.63,26.34,26.38,68206.00000000023,1.0,0.0,0.0
2016-03-09,09:48:00,26.38,26.39,25.82,25.84,86253.00000000023,1.0,0.0,0.0
2016-03-09,09:55:00,25.86,26.13,25.7156,26.13,94620.00000000023,1.0,0.0,0.0
2016-03-09,10:02:00,26.1265,26.34,26.02,26.2,54938.00000000023,1.0,0.0,0.0
2016-03-09,10:09:00,26.185,26.31,26.01,26.01,60604.00000000023,1.0,0.0,0.0
2016-03-09,10:16:00,26.01,26.09,25.88,26.06,64278.00000000023,1.0,0.0,0.0
2016-03-09,10:23:00,26.05,26.105,25.89,26.0,48574.00000000023,1.0,0.0,0.0
2016-03-09,10:30:00,25.98,26.19,25.81,26.19,49753.00000000023,1.0,0.0,0.0
2016-03-09,10:37:00,26.18,26.51,26.15,26.5,48392.00000000023,1.0,0.0,0.0
2016-03-09,10:44:00,26.51,26.625,26.33,26.42,50378.00000000023,1.0,0.0,0.0
2016-03-09,10:51:00,26.4599,26.77,26.36,26.54,86128.00000000023,1.0,0.0,0.0
2016-03-09,10:58:00,26.55,26.55,26.22,26.43,62920.00000000023,1.0,0.0,0.0
2016-03-09,11:05:00,26.41,26.645,26.39,26.57,49784.00000000023,1.0,0.0,0.0
2016-03-09,11:12:00,26.565,26.65,26.46,26.6,67372.00000000023,1.0,0.0,0.0
2016-03-09,11:19:00,26.6,26.77,26.59,26.73,41329.00000000023,1.0,0.0,0.0
2016-03-09,11:26:00,26.72,26.9,26.64,26.8501,56519.00000000023,1.0,0.0,0.0
2016-03-09,11:33:00,26.87,26.94,26.7,26.7,37220.00000000023,1.0,0.0,0.0
2016-03-09,11:40:00,26.74,26.77,26.6702,26.71,39311.00000000023,1.0,0.0,0.0
2016-03-09,11:47:00,26.72,26.8,26.61,26.75,57286.00000000023,1.0,0.0,0.0
2016-03-09,11:54:00,26.74,26.8801,26.71,26.8801,31350.000000000233,1.0,0.0,0.0
2016-03-09,12:01:00,26.89,26.92,26.81,26.83,30884.000000000233,1.0,0.0,0.0
2016-03-09,12:08:00,26.81,26.82,26.74,26.8,44732.00000000023,1.0,0.0,0.0
2016-03-09,12:15:00,26.81,26.88,26.8,26.85,40330.00000000023,1.0,0.0,0.0
2016-03-09,12:22:00,26.87,26.91,26.81,26.89,35392.00000000023,1.0,0.0,0.0
2016-03-09,12:29:00,26.88,27.02,26.87,27.02,68202.00000000023,1.0,0.0,0.0
2016-03-09,12:36:00,27.02,27.11,26.9271,26.9271,34561.00000000023,1.0,0.0,0.0
2016-03-09,12:43:00,26.95,26.95,26.84,26.86,18434.000000000233,1.0,0.0,0.0
2016-03-09,12:50:00,26.85,26.88,26.77,26.78,46914.00000000023,1.0,0.0,0.0
2016-03-09,12:57:00,26.7973,26.9,26.78,26.81,29801.000000000233,1.0,0.0,0.0
2016-03-09,13:04:00,26.81,26.83,26.66,26.67,28759.000000000233,1.0,0.0,0.0
2016-03-09,13:11:00,26.66,26.68,26.55,26.61,36542.00000000023,1.0,0.0,0.0
2016-03-09,13:18:00,26.61,26.63,26.52,26.54,28061.000000000233,1.0,0.0,0.0
2016-03-09,13:25:00,26.54,26.57,26.51,26.53,28796.000000000233,1.0,0.0,0.0
2016-03-09,13:32:00,26.52,26.58,26.47,26.57,30525.000000000233,1.0,0.0,0.0
2016-03-09,13:39:00,26.57,26.59,26.5,26.5,36232.00000000023,1.0,0.0,0.0
2016-03-09,13:46:00,26.5,26.51,26.445,26.47,25866.000000000233,1.0,0.0,0.0
2016-03-09,13:53:00,26.47,26.56,26.451,26.52,33037.00000000023,1.0,0.0,0.0
2016-03-09,14:00:00,26.5411,26.58,26.5,26.55,122572.00000000023,1.0,0.0,0.0
2016-03-09,14:07:00,26.55,26.5625,26.5,26.55,73779.00000000023,1.0,0.0,0.0
2016-03-09,14:14:00,26.56,26.58,26.53,26.53,33670.00000000023,1.0,0.0,0.0
2016-03-09,14:21:00,26.53,26.54,26.39,26.42,34416.00000000023,1.0,0.0,0.0
2016-03-09,14:28:00,26.42,26.49,26.35,26.4774,51614.00000000023,1.0,0.0,0.0
2016-03-09,14:35:00,26.47,26.5,26.37,26.4,34161.00000000023,1.0,0.0,0.0
2016-03-09,14:42:00,26.39,26.435,26.37,26.43,28970.000000000233,1.0,0.0,0.0
2016-03-09,14:49:00,26.44,26.54,26.43,26.54,27499.000000000233,1.0,0.0,0.0
2016-03-09,14:56:00,26.54,26.55,26.486,26.5,24684.000000000233,1.0,0.0,0.0
2016-03-09,15:03:00,26.5,26.52,26.43,26.46,37145.00000000023,1.0,0.0,0.0
2016-03-09,15:10:00,26.46,26.47,26.37,26.37,58386.00000000023,1.0,0.0,0.0
2016-03-09,15:17:00,26.36,26.37,26.29,26.32,78375.00000000023,1.0,0.0,0.0
2016-03-09,15:24:00,26.32,26.4,26.32,26.4,45802.00000000023,1.0,0.0,0.0
2016-03-09,15:31:00,26.4,26.44,26.385,26.41,41131.00000000023,1.0,0.0,0.0
2016-03-09,15:38:00,26.42,26.45,26.38,26.395,58580.00000000023,1.0,0.0,0.0
2016-03-09,15:45:00,26.39,26.47,26.385,26.45,99567.00000000023,1.0,0.0,0.0
2016-03-09,15:52:00,26.45,26.45,26.4,26.44,91684.00000000023,1.0,0.0,0.0
2016-03-09,15:59:00,26.44,26.48,26.43,26.46,283698.00000000023,1.0,0.0,0.0
2016-03-10,09:36:00,26.25,26.4,26.04,26.08,83943.00000000023,1.0,0.0,0.0
2016-03-10,09:43:00,26.09,26.2138,26.02,26.1606,46295.00000000023,1.0,0.0,0.0
2016-03-10,09:50:00,26.19,26.25,26.02,26.2,86195.00000000023,1.0,0.0,0.0
2016-03-10,09:57:00,26.21,26.59,26.205,26.58,63732.00000000023,1.0,0.0,0.0
2016-03-10,10:04:00,26.58,26.61,26.46,26.55,53366.00000000023,1.0,0.0,0.0
2016-03-10,10:11:00,26.5599,26.653000000000002,26.45,26.48,53593.00000000023,1.0,0.0,0.0
2016-03-10,10:18:00,26.485,26.7,26.41,26.61,68586.00000000023,1.0,0.0,0.0
2016-03-10,10:25:00,26.6,26.655,26.5,26.54,50357.00000000023,1.0,0.0,0.0
2016-03-10,10:32:00,26.53,26.645,26.5,26.51,61356.00000000023,1.0,0.0,0.0
2016-03-10,10:39:00,26.51,26.63,26.4,26.62,90177.00000000023,1.0,0.0,0.0
2016-03-10,10:46:00,26.63,26.91,26.58,26.81,103350.00000000023,1.0,0.0,0.0
2016-03-10,10:53:00,26.7901,26.82,26.53,26.67,55888.00000000023,1.0,0.0,0.0
2016-03-10,11:00:00,26.68,26.8,26.6,26.65,50715.00000000023,1.0,0.0,0.0
2016-03-10,11:07:00,26.62,26.66,26.48,26.605,64867.00000000023,1.0,0.0,0.0
2016-03-10,11:14:00,26.6,26.65,26.52,26.64,59778.00000000023,1.0,0.0,0.0
2016-03-10,11:21:00,26.65,26.66,26.48,26.54,52438.00000000023,1.0,0.0,0.0
2016-03-10,11:28:00,26.515,26.515,26.32,26.335,39520.00000000023,1.0,0.0,0.0
2016-03-10,11:35:00,26.35,26.46,26.32,26.33,38582.00000000023,1.0,0.0,0.0
2016-03-10,11:42:00,26.35,26.6,26.35,26.57,35662.00000000023,1.0,0.0,0.0
2016-03-10,11:49:00,26.565,26.71,26.49,26.71,31076.000000000233,1.0,0.0,0.0
2016-03-10,11:56:00,26.6903,26.74,26.61,26.72,30385.000000000233,1.0,0.0,0.0
2016-03-10,12:03:00,26.725,26.92,26.7,26.9,35026.00000000023,1.0,0.0,0.0
2016-03-10,12:10:00,26.9,26.905,26.8114,26.83,28935.000000000233,1.0,0.0,0.0
2016-03-10,12:17:00,26.83,27.0,26.8,26.95,41307.00000000023,1.0,0.0,0.0
2016-03-10,12:24:00,26.95,26.98,26.82,26.84,47372.00000000023,1.0,0.0,0.0
2016-03-10,12:31:00,26.85,26.9,26.8,26.83,34148.00000000023,1.0,0.0,0.0
2016-03-10,12:38:00,26.84,26.865,26.79,26.815,34035.00000000023,1.0,0.0,0.0
2016-03-10,12:45:00,26.83,26.83,26.68,26.72,36021.00000000023,1.0,0.0,0.0
2016-03-10,12:52:00,26.72,26.945,26.6777,26.91,70341.00000000023,1.0,0.0,0.0
2016-03-10,12:59:00,26.92,27.01,26.9,26.99,36555.00000000023,1.0,0.0,0.0
2016-03-10,13:06:00,27.0,27.18,26.97,27.1,65057.00000000023,1.0,0.0,0.0
2016-03-10,13:13:00,27.09,27.1,26.96,26.98,51901.00000000023,1.0,0.0,0.0
2016-03-10,13:20:00,26.98,27.08,26.98,27.07,38750.00000000023,1.0,0.0,0.0
2016-03-10,13:27:00,27.075,27.09,27.02,27.055,78337.00000000023,1.0,0.0,0.0
2016-03-10,13:34:00,27.055,27.315,27.04,27.31,77446.00000000023,1.0,0.0,0.0
2016-03-10,13:41:00,27.31,27.41,27.3,27.315,64054.00000000023,1.0,0.0,0.0
2016-03-10,13:48:00,27.33,27.37,27.27,27.32,37425.00000000023,1.0,0.0,0.0
2016-03-10,13:55:00,27.31,27.475,27.3,27.44,37156.00000000023,1.0,0.0,0.0
2016-03-10,14:02:00,27.44,27.465,27.27,27.34,38074.00000000023,1.0,0.0,0.0
2016-03-10,14:09:00,27.36,27.39,27.09,27.1,43897.00000000023,1.0,0.0,0.0
2016-03-10,14:16:00,27.1,27.21,27.04,27.15,44133.00000000023,1.0,0.0,0.0
2016-03-10,14:23:00,27.16,27.26,27.15,27.23,55252.00000000023,1.0,0.0,0.0
2016-03-10,14:30:00,27.25,27.34,27.19,27.3,63089.00000000023,1.0,0.0,0.0
2016-03-10,14:37:00,27.33,27.34,27.2,27.21,34900.00000000023,1.0,0.0,0.0
2016-03-10,14:44:00,27.22,27.42,27.215,27.42,45260.00000000023,1.0,0.0,0.0
2016-03-10,14:51:00,27.42,27.435,27.35,27.42,80978.00000000023,1.0,0.0,0.0
2016-03-10,14:58:00,27.41,27.43,27.3,27.37,74084.00000000023,1.0,0.0,0.0
2016-03-10,15:05:00,27.38,27.48,27.35,27.46,113394.00000000023,1.0,0.0,0.0
2016-03-10,15:12:00,27.46,27.55,27.43,27.55,100420.00000000023,1.0,0.0,0.0
2016-03-10,15:19:00,27.545,27.67,27.52,27.625,98132.00000000023,1.0,0.0,0.0
2016-03-10,15:26:00,27.63,27.63,27.49,27.5,153606.00000000023,1.0,0.0,0.0
2016-03-10,15:33:00,27.5,27.63,27.47,27.47,120190.00000000023,1.0,0.0,0.0
2016-03-10,15:40:00,27.46,27.505,27.3,27.33,116948.00000000023,1.0,0.0,0.0
2016-03-10,15:47:00,27.32,27.39,27.31,27.34,112336.00000000023,1.0,0.0,0.0
2016-03-10,15:54:00,27.34,27.405,27.3,27.4,127390.00000000023,1.0,0.0,0.0
2016-03-11,09:31:00,27.395,28.13,27.35,27.99,204536.00000000023,1.0,0.0,0.0
2016-03-11,09:38:00,27.99,28.42,27.88,28.13,54908.00000000023,1.0,0.0,0.0
2016-03-11,09:45:00,28.1252,28.25,27.96,28.09,87467.00000000023,1.0,0.0,0.0
2016-03-11,09:52:00,28.1,28.58,28.04,28.49,68774.00000000023,1.0,0.0,0.0
2016-03-11,09:59:00,28.48,28.55,28.17,28.19,66514.00000000023,1.0,0.0,0.0
2016-03-11,10:06:00,28.19,28.24,28.09,28.2,71527.00000000023,1.0,0.0,0.0
2016-03-11,10:13:00,28.2,28.2,27.98,28.04,58495.00000000023,1.0,0.0,0.0
2016-03-11,10:20:00,28.038,28.11,27.91,28.04,53692.00000000023,1.0,0.0,0.0
2016-03-11,10:27:00,28.04,28.1497,27.925,27.94,62294.00000000023,1.0,0.0,0.0
2016-03-11,10:34:00,27.96,28.1399,27.95,28.1,28344.000000000233,1.0,0.0,0.0
2016-03-11,10:41:00,28.09,28.2,28.01,28.07,48845.00000000023,1.0,0.0,0.0
2016-03-11,10:48:00,28.07,28.09,27.95,27.998,40846.00000000023,1.0,0.0,0.0
2016-03-11,10:55:00,28.0,28.01,27.76,27.9,70093.00000000023,1.0,0.0,0.0
2016-03-11,11:02:00,27.89,27.89,27.74,27.76,34961.00000000023,1.0,0.0,0.0
2016-03-11,11:09:00,27.76,27.84,27.67,27.78,58669.00000000023,1.0,0.0,0.0
2016-03-11,11:16:00,27.81,27.93,27.8,27.8,31007.000000000233,1.0,0.0,0.0
2016-03-11,11:23:00,27.82,27.92,27.81,27.91,25371.000000000233,1.0,0.0,0.0
2016-03-11,11:30:00,27.91,27.9399,27.81,27.85,28602.000000000233,1.0,0.0,0.0
2016-03-11,11:37:00,27.85,27.93,27.76,27.91,35891.00000000023,1.0,0.0,0.0
2016-03-11,11:44:00,27.915,28.06,27.91,28.06,42975.00000000023,1.0,0.0,0.0
2016-03-11,11:51:00,28.06,28.07,27.98,28.05,30590.000000000233,1.0,0.0,0.0
2016-03-11,11:58:00,28.0435,28.06,27.98,28.0,36174.00000000023,1.0,0.0,0.0
2016-03-11,12:05:00,27.98,28.0,27.9,27.99,40247.00000000023,1.0,0.0,0.0
2016-03-11,12:12:00,27.97,28.0,27.95,27.98,26080.000000000233,1.0,0.0,0.0
2016-03-11,12:19:00,27.97,28.18,27.97,28.18,55454.00000000023,1.0,0.0,0.0
2016-03-11,12:26:00,28.18,28.28,28.17,28.28,34016.00000000023,1.0,0.0,0.0
2016-03-11,12:33:00,28.27,28.41,28.25,28.4,90833.00000000023,1.0,0.0,0.0
2016-03-11,12:40:00,28.38,28.44,28.31,28.31,32953.00000000023,1.0,0.0,0.0
2016-03-11,12:47:00,28.3,28.31,28.19,28.19,28164.000000000233,1.0,0.0,0.0
2016-03-11,12:54:00,28.21,28.28,28.18,28.21,34226.00000000023,1.0,0.0,0.0
2016-03-11,13:01:00,28.22,28.25,28.01,28.01,20220.000000000233,1.0,0.0,0.0
2016-03-11,13:08:00,28.0001,28.0725,27.98,28.07,40590.00000000023,1.0,0.0,0.0
2016-03-11,13:15:00,28.07,28.18,28.06,28.14,18556.000000000233,1.0,0.0,0.0
2016-03-11,13:22:00,28.15,28.2,28.06,28.07,21598.000000000233,1.0,0.0,0.0
2016-03-11,13:29:00,28.05,28.09,28.03,28.06,22439.000000000233,1.0,0.0,0.0
2016-03-11,13:36:00,28.07,28.155,28.05,28.14,38483.00000000023,1.0,0.0,0.0
2016-03-11,13:43:00,28.13,28.175,28.09,28.09,35431.00000000023,1.0,0.0,0.0
2016-03-11,13:50:00,28.09,28.1097,28.0,28.1,26537.000000000233,1.0,0.0,0.0
2016-03-11,13:57:00,28.1,28.22,28.1,28.22,26335.000000000233,1.0,0.0,0.0
2016-03-11,14:04:00,28.21,28.21,28.12,28.13,38108.00000000023,1.0,0.0,0.0
2016-03-11,14:11:00,28.1322,28.37,28.13,28.275,132933.00000000023,1.0,0.0,0.0
2016-03-11,14:18:00,28.275,28.285,28.2,28.25,31006.000000000233,1.0,0.0,0.0
2016-03-11,14:25:00,28.25,28.335,28.23,28.29,41089.00000000023,1.0,0.0,0.0
2016-03-11,14:32:00,28.29,28.305,28.18,28.21,53447.00000000023,1.0,0.0,0.0
2016-03-11,14:39:00,28.21,28.37,28.21,28.34,65994.00000000023,1.0,0.0,0.0
2016-03-11,14:46:00,28.34,28.36,28.25,28.36,50887.00000000023,1.0,0.0,0.0
2016-03-11,14:53:00,28.36,28.37,28.26,28.26,37813.00000000023,1.0,0.0,0.0
2016-03-11,15:00:00,28.26,28.28,28.195,28.22,37909.00000000023,1.0,0.0,0.0
2016-03-11,15:07:00,28.22,28.27,28.21,28.26,46089.00000000023,1.0,0.0,0.0
2016-03-11,15:14:00,28.26,28.4,28.25,28.34,69491.00000000023,1.0,0.0,0.0
2016-03-11,15:21:00,28.34,28.37,28.31,28.37,64457.00000000023,1.0,0.0,0.0
2016-03-11,15:28:00,28.37,28.39,28.31,28.36,98037.00000000023,1.0,0.0,0.0
2016-03-11,15:35:00,28.37,28.37,28.3,28.31,73622.00000000023,1.0,0.0,0.0
2016-03-11,15:42:00,28.31,28.315,28.21,28.29,93224.00000000023,1.0,0.0,0.0
2016-03-11,15:49:00,28.29,28.31,28.25,28.2722,119138.00000000023,1.0,0.0,0.0
2016-03-11,15:56:00,28.27,28.32,28.27,28.315,162750.00000000023,1.0,0.0,0.0
2016-03-14,09:33:00,28.32,28.32,27.77,27.99,154975.00000000023,1.0,0.0,0.0
2016-03-14,09:40:00,27.9801,28.34,27.95,28.34,28801.000000000233,1.0,0.0,0.0
2016-03-14,09:47:00,28.32,28.43,28.0,28.05,62161.00000000023,1.0,0.0,0.0
2016-03-14,09:54:00,28.05,28.1,27.66,27.74,24586.000000000233,1.0,0.0,0.0
2016-03-14,10:01:00,27.75,28.03,27.75,27.85,26010.000000000233,1.0,0.0,0.0
2016-03-14,10:08:00,27.81,27.9,27.61,27.83,45528.00000000023,1.0,0.0,0.0
2016-03-14,10:15:00,27.83,27.905,27.65,27.78,50891.00000000023,1.0,0.0,0.0
2016-03-14,10:22:00,27.77,27.78,27.57,27.63,89777.00000000023,1.0,0.0,0.0
2016-03-14,10:29:00,27.61,27.78,27.6,27.68,77472.00000000023,1.0,0.0,0.0
2016-03-14,10:36:00,27.67,27.84,27.66,27.82,47932.00000000023,1.0,0.0,0.0
2016-03-14,10:43:00,27.84,27.84,27.71,27.73,33750.00000000023,1.0,0.0,0.0
2016-03-14,10:50:00,27.75,27.95,27.74,27.9,82939.00000000023,1.0,0.0,0.0
2016-03-14,10:57:00,27.93,27.93,27.83,27.85,42498.00000000023,1.0,0.0,0.0
2016-03-14,11:04:00,27.85,27.87,27.78,27.85,37729.00000000023,1.0,0.0,0.0
2016-03-14,11:11:00,27.84,27.88,27.76,27.85,24749.000000000233,1.0,0.0,0.0
2016-03-14,11:18:00,27.85,27.965,27.8,27.96,31508.000000000233,1.0,0.0,0.0
2016-03-14,11:25:00,27.9626,28.0423,27.9175,27.94,49609.00000000023,1.0,0.0,0.0
2016-03-14,11:32:00,27.92,27.94,27.78,27.835,22697.000000000233,1.0,0.0,0.0
2016-03-14,11:39:00,27.85,27.93,27.835,27.91,24497.000000000233,1.0,0.0,0.0
2016-03-14,11:46:00,27.92,27.97,27.8,27.83,24282.000000000233,1.0,0.0,0.0
2016-03-14,11:53:00,27.83,27.91,27.81,27.85,27547.000000000233,1.0,0.0,0.0
2016-03-14,12:00:00,27.84,27.88,27.7,27.72,22278.000000000233,1.0,0.0,0.0
2016-03-14,12:07:00,27.72,27.73,27.6399,27.67,21078.000000000233,1.0,0.0,0.0
2016-03-14,12:14:00,27.67,27.72,27.65,27.71,16622.000000000233,1.0,0.0,0.0
2016-03-14,12:21:00,27.7,27.7,27.53,27.54,33145.00000000023,1.0,0.0,0.0
2016-03-14,12:28:00,27.53,27.59,27.52,27.5799,23788.000000000233,1.0,0.0,0.0
2016-03-14,12:35:00,27.58,27.61,27.56,27.59,27692.000000000233,1.0,0.0,0.0
2016-03-14,12:42:00,27.59,27.72,27.5301,27.69,25098.000000000233,1.0,0.0,0.0
2016-03-14,12:49:00,27.68,27.71,27.62,27.65,40515.00000000023,1.0,0.0,0.0
2016-03-14,12:56:00,27.64,27.69,27.62,27.64,23207.000000000233,1.0,0.0,0.0
2016-03-14,13:03:00,27.651,27.84,27.65,27.83,25782.000000000233,1.0,0.0,0.0
2016-03-14,13:10:00,27.81,28.06,27.81,28.0401,62909.00000000023,1.0,0.0,0.0
2016-03-14,13:17:00,28.04,28.07,27.94,27.95,28137.000000000233,1.0,0.0,0.0
2016-03-14,13:24:00,27.96,28.12,27.94,28.12,32876.00000000023,1.0,0.0,0.0
2016-03-14,13:31:00,28.12,28.3,28.12,28.3,35381.00000000023,1.0,0.0,0.0
2016-03-14,13:38:00,28.3,28.38,28.27,28.28,27239.000000000233,1.0,0.0,0.0
2016-03-14,13:45:00,28.28,28.36,28.24,28.25,18041.000000000233,1.0,0.0,0.0
2016-03-14,13:52:00,28.26,28.33,28.24,28.32,17235.000000000233,1.0,0.0,0.0
2016-03-14,13:59:00,28.32,28.36,28.26,28.29,24402.000000000233,1.0,0.0,0.0
2016-03-14,14:06:00,28.29,28.3,28.1,28.11,33321.00000000023,1.0,0.0,0.0
2016-03-14,14:13:00,28.12,28.18,28.1,28.155,29734.000000000233,1.0,0.0,0.0
2016-03-14,14:20:00,28.16,28.21,28.13,28.21,20223.000000000233,1.0,0.0,0.0
2016-03-14,14:27:00,28.21,28.28,28.15,28.15,20259.000000000233,1.0,0.0,0.0
2016-03-14,14:34:00,28.15,28.25,28.145,28.16,29321.000000000233,1.0,0.0,0.0
2016-03-14,14:41:00,28.19,28.24,28.15,28.24,24145.000000000233,1.0,0.0,0.0
2016-03-14,14:48:00,28.25,28.28,28.15,28.18,23791.000000000233,1.0,0.0,0.0
2016-03-14,14:55:00,28.1732,28.18,28.04,28.08,19921.000000000233,1.0,0.0,0.0
2016-03-14,15:02:00,28.09,28.16,28.07,28.13,22151.000000000233,1.0,0.0,0.0
2016-03-14,15:09:00,28.13,28.22,28.11,28.2,59273.00000000023,1.0,0.0,0.0
2016-03-14,15:16:00,28.2,28.23,28.17,28.19,40502.00000000023,1.0,0.0,0.0
2016-03-14,15:23:00,28.17,28.18,28.13,28.18,29444.000000000233,1.0,0.0,0.0
2016-03-14,15:30:00,28.1845,28.29,28.16,28.17,44060.00000000023,1.0,0.0,0.0
2016-03-14,15:37:00,28.17,28.23,28.15,28.195,55282.00000000023,1.0,0.0,0.0
2016-03-14,15:44:00,28.19,28.24,28.16,28.19,59246.00000000023,1.0,0.0,0.0
2016-03-14,15:51:00,28.18,28.22,28.18,28.2,83084.00000000023,1.0,0.0,0.0
2016-03-14,15:58:00,28.2,28.24,28.18,28.24,94940.00000000023,1.0,0.0,0.0
2016-03-15,09:35:00,28.24,28.24,27.5,27.56,104109.00000000023,1.0,0.0,0.0
2016-03-15,09:42:00,27.62,27.74,27.45,27.63,58662.00000000023,1.0,0.0,0.0
2016-03-15,09:49:00,27.61,27.64,27.33,27.33,23374.000000000233,1.0,0.0,0.0
2016-03-15,09:56:00,27.34,27.438000000000002,27.24,27.39,31289.000000000233,1.0,0.0,0.0
2016-03-15,10:03:00,27.38,27.44,27.25,27.28,44861.00000000023,1.0,0.0,0.0
2016-03-15,10:10:00,27.26,27.49,27.18,27.23,34995.00000000023,1.0,0.0,0.0
2016-03-15,10:17:00,27.25,27.48,27.23,27.34,28345.000000000233,1.0,0.0,0.0
2016-03-15,10:24:00,27.34,27.35,27.19,27.21,64807.00000000023,1.0,0.0,0.0
2016-03-15,10:31:00,27.19,27.33,27.15,27.31,25745.000000000233,1.0,0.0,0.0
2016-03-15,10:38:00,27.33,27.48,27.29,27.3,30447.000000000233,1.0,0.0,0.0
2016-03-15,10:45:00,27.29,27.3,27.1,27.14,25952.000000000233,1.0,0.0,0.0
2016-03-15,10:52:00,27.13,27.24,27.11,27.2,15976.000000000233,1.0,0.0,0.0
2016-03-15,10:59:00,27.2,27.26,27.13,27.18,39799.00000000023,1.0,0.0,0.0
2016-03-15,11:06:00,27.16,27.19,27.07,27.09,16363.000000000233,1.0,0.0,0.0
2016-03-15,11:13:00,27.0901,27.12,27.04,27.07,31802.000000000233,1.0,0.0,0.0
2016-03-15,11:20:00,27.05,27.06,26.97,26.97,28411.000000000233,1.0,0.0,0.0
2016-03-15,11:27:00,26.98,27.13,26.98,27.122,20419.000000000233,1.0,0.0,0.0
2016-03-15,11:34:00,27.1201,27.15,27.07,27.0779,11627.000000000233,1.0,0.0,0.0
2016-03-15,11:41:00,27.09,27.1,26.92,26.95,27125.000000000233,1.0,0.0,0.0
2016-03-15,11:48:00,26.94,27.02,26.93,26.96,11706.000000000233,1.0,0.0,0.0
2016-03-15,11:55:00,26.9301,26.96,26.8401,26.94,25462.000000000233,1.0,0.0,0.0
2016-03-15,12:02:00,26.94,26.98,26.86,26.87,11650.000000000233,1.0,0.0,0.0
2016-03-15,12:09:00,26.88,26.89,26.81,26.88,13707.000000000233,1.0,0.0,0.0
2016-03-15,12:16:00,26.87,26.89,26.81,26.84,22436.000000000233,1.0,0.0,0.0
2016-03-15,12:23:00,26.84,26.85,26.79,26.84,25027.000000000233,1.0,0.0,0.0
2016-03-15,12:30:00,26.84,26.91,26.81,26.88,11369.000000000233,1.0,0.0,0.0
2016-03-15,12:37:00,26.88,26.9,26.85,26.86,13858.000000000233,1.0,0.0,0.0
2016-03-15,12:44:00,26.84,26.92,26.84,26.89,20919.000000000233,1.0,0.0,0.0
2016-03-15,12:51:00,26.8925,26.94,26.87,26.93,20958.000000000233,1.0,0.0,0.0
2016-03-15,12:58:00,26.9,26.97,26.9,26.96,12679.000000000233,1.0,0.0,0.0
2016-03-15,13:05:00,26.9537,27.0201,26.95,27.01,12372.000000000233,1.0,0.0,0.0
2016-03-15,13:12:00,27.01,27.12,27.0,27.12,22155.000000000233,1.0,0.0,0.0
2016-03-15,13:19:00,27.121,27.18,27.08,27.17,16774.000000000233,1.0,0.0,0.0
2016-03-15,13:26:00,27.19,27.29,27.18,27.29,14108.000000000233,1.0,0.0,0.0
2016-03-15,13:33:00,27.31,27.39,27.31,27.33,31155.000000000233,1.0,0.0,0.0
2016-03-15,13:40:00,27.33,27.35,27.27,27.3,17688.000000000233,1.0,0.0,0.0
2016-03-15,13:47:00,27.31,27.33,27.28,27.28,15171.000000000233,1.0,0.0,0.0
2016-03-15,13:54:00,27.28,27.32,27.24,27.32,21676.000000000233,1.0,0.0,0.0
2016-03-15,14:01:00,27.31,27.4,27.3,27.355,32036.000000000233,1.0,0.0,0.0
2016-03-15,14:08:00,27.37,27.37,27.29,27.34,23815.000000000233,1.0,0.0,0.0
2016-03-15,14:15:00,27.35,27.5,27.33,27.49,37421.00000000023,1.0,0.0,0.0
2016-03-15,14:22:00,27.48,27.515,27.39,27.4,40153.00000000023,1.0,0.0,0.0
2016-03-15,14:29:00,27.41,27.45,27.38,27.42,11258.000000000233,1.0,0.0,0.0
2016-03-15,14:36:00,27.41,27.415,27.35,27.36,30923.000000000233,1.0,0.0,0.0
2016-03-15,14:43:00,27.35,27.38,27.31,27.33,18103.000000000233,1.0,0.0,0.0
2016-03-15,14:50:00,27.34,27.34,27.25,27.29,28298.000000000233,1.0,0.0,0.0
2016-03-15,14:57:00,27.2899,27.29,27.215,27.27,29248.000000000233,1.0,0.0,0.0
2016-03-15,15:04:00,27.28,27.37,27.26,27.36,37513.00000000023,1.0,0.0,0.0
2016-03-15,15:11:00,27.35,27.44,27.34,27.44,56205.00000000023,1.0,0.0,0.0
2016-03-15,15:18:00,27.435,27.55,27.43,27.53,37559.00000000023,1.0,0.0,0.0
2016-03-15,15:25:00,27.54,27.6011,27.53,27.59,37824.00000000023,1.0,0.0,0.0
2016-03-15,15:32:00,27.59,27.61,27.54,27.56,37302.00000000023,1.0,0.0,0.0
2016-03-15,15:39:00,27.56,27.58,27.5,27.53,45047.00000000023,1.0,0.0,0.0
2016-03-15,15:46:00,27.53,27.62,27.525,27.6,59757.00000000023,1.0,0.0,0.0
2016-03-15,15:53:00,27.6,27.66,27.59,27.66,89041.00000000023,1.0,0.0,0.0
2016-03-16,09:30:00,27.66,28.14,27.65,28.0807,161406.00000000023,1.0,0.0,0.0
2016-03-16,09:38:00,28.18,28.49,28.08,28.45,16844.000000000233,1.0,0.0,0.0
2016-03-16,09:45:00,28.45,28.53,28.3005,28.36,49384.00000000023,1.0,0.0,0.0
2016-03-16,09:52:00,28.4142,28.665,28.2801,28.59,39411.00000000023,1.0,0.0,0.0
2016-03-16,09:59:00,28.59,28.63,28.31,28.48,26790.000000000233,1.0,0.0,0.0
2016-03-16,10:06:00,28.4761,28.66,28.4761,28.53,80985.00000000023,1.0,0.0,0.0
2016-03-16,10:13:00,28.52,28.58,28.32,28.56,39680.00000000023,1.0,0.0,0.0
2016-03-16,10:20:00,28.54,28.76,28.52,28.65,41367.00000000023,1.0,0.0,0.0
2016-03-16,10:27:00,28.65,28.77,28.56,28.7353,30105.000000000233,1.0,0.0,0.0
2016-03-16,10:34:00,28.72,28.73,28.63,28.6599,38899.00000000023,1.0,0.0,0.0
2016-03-16,10:41:00,28.65,28.8699,28.61,28.8588,43722.00000000023,1.0,0.0,0.0
2016-03-16,10:48:00,28.87,28.95,28.7201,28.74,37284.00000000023,1.0,0.0,0.0
2016-03-16,10:55:00,28.74,28.77,28.6826,28.73,21854.000000000233,1.0,0.0,0.0
2016-03-16,11:02:00,28.74,28.92,28.73,28.91,32603.000000000233,1.0,0.0,0.0
2016-03-16,11:09:00,28.91,28.91,28.79,28.84,31548.000000000233,1.0,0.0,0.0
2016-03-16,11:16:00,28.84,28.86,28.7,28.71,17981.000000000233,1.0,0.0,0.0
2016-03-16,11:23:00,28.7,28.7599,28.67,28.73,26087.000000000233,1.0,0.0,0.0
2016-03-16,11:30:00,28.71,28.73,28.64,28.67,26165.000000000233,1.0,0.0,0.0
2016-03-16,11:37:00,28.6442,28.74,28.62,28.7,49610.00000000023,1.0,0.0,0.0
2016-03-16,11:44:00,28.71,28.82,28.68,28.69,21480.000000000233,1.0,0.0,0.0
2016-03-16,11:51:00,28.7,28.7,28.54,28.563000000000002,32995.00000000023,1.0,0.0,0.0
2016-03-16,11:58:00,28.55,28.69,28.53,28.58,21002.000000000233,1.0,0.0,0.0
2016-03-16,12:05:00,28.59,28.59,28.42,28.44,23603.000000000233,1.0,0.0,0.0
2016-03-16,12:12:00,28.43,28.7,28.43,28.7,19281.000000000233,1.0,0.0,0.0
2016-03-16,12:19:00,28.71,28.77,28.67,28.69,23336.000000000233,1.0,0.0,0.0
2016-03-16,12:26:00,28.7049,28.83,28.7,28.8,19364.000000000233,1.0,0.0,0.0
2016-03-16,12:33:00,28.8,28.87,28.79,28.8201,23283.000000000233,1.0,0.0,0.0
2016-03-16,12:40:00,28.83,28.83,28.74,28.78,20275.000000000233,1.0,0.0,0.0
2016-03-16,12:47:00,28.79,28.85,28.71,28.83,14025.000000000233,1.0,0.0,0.0
2016-03-16,12:54:00,28.83,28.86,28.76,28.8,18442.000000000233,1.0,0.0,0.0
2016-03-16,13:01:00,28.79,28.9,28.75,28.8525,15744.000000000233,1.0,0.0,0.0
2016-03-16,13:08:00,28.86,28.89,28.795,28.87,19565.000000000233,1.0,0.0,0.0
2016-03-16,13:15:00,28.89,28.99,28.88,28.93,60963.00000000023,1.0,0.0,0.0
2016-03-16,13:22:00,28.93,28.96,28.9,28.91,16323.000000000233,1.0,0.0,0.0
2016-03-16,13:29:00,28.91,28.93,28.86,28.88,20320.000000000233,1.0,0.0,0.0
2016-03-16,13:36:00,28.87,28.87,28.73,28.7324,21292.000000000233,1.0,0.0,0.0
2016-03-16,13:43:00,28.72,28.83,28.7,28.82,19122.000000000233,1.0,0.0,0.0
2016-03-16,13:50:00,28.8161,28.82,28.69,28.76,26251.000000000233,1.0,0.0,0.0
2016-03-16,13:57:00,28.75,28.839000000000002,28.75,28.8,17356.000000000233,1.0,0.0,0.0
2016-03-16,14:04:00,28.8,29.07,28.78,28.92,53084.00000000023,1.0,0.0,0.0
2016-03-16,14:11:00,28.91,29.11,28.91,28.98,62241.00000000023,1.0,0.0,0.0
2016-03-16,14:18:00,28.97,29.02,28.83,28.96,33640.00000000023,1.0,0.0,0.0
2016-03-16,14:25:00,28.96,29.08,28.88,29.03,33312.00000000023,1.0,0.0,0.0
2016-03-16,14:32:00,29.05,29.42,29.05,29.2001,76011.00000000023,1.0,0.0,0.0
2016-03-16,14:39:00,29.23,29.24,29.04,29.15,24754.000000000233,1.0,0.0,0.0
2016-03-16,14:46:00,29.14,29.33,29.14,29.33,41778.00000000023,1.0,0.0,0.0
2016-03-16,14:53:00,29.31,29.31,29.21,29.21,47911.00000000023,1.0,0.0,0.0
2016-03-16,15:00:00,29.2,29.24,29.07,29.13,51727.00000000023,1.0,0.0,0.0
2016-03-16,15:07:00,29.135,29.23,29.1,29.22,39167.00000000023,1.0,0.0,0.0
2016-03-16,15:14:00,29.21,29.34,29.2,29.33,41585.00000000023,1.0,0.0,0.0
2016-03-16,15:21:00,29.33,29.4,29.29,29.32,43354.00000000023,1.0,0.0,0.0
2016-03-16,15:28:00,29.32,29.49,29.29,29.47,43508.00000000023,1.0,0.0,0.0
2016-03-16,15:35:00,29.4722,29.503,29.42,29.48,83345.00000000023,1.0,0.0,0.0
2016-03-16,15:42:00,29.48,29.52,29.42,29.49,87906.00000000023,1.0,0.0,0.0
2016-03-16,15:49:00,29.49,29.53,29.46,29.505,74694.00000000023,1.0,0.0,0.0
2016-03-16,15:56:00,29.5,29.56,29.495,29.5,139744.00000000023,1.0,0.0,0.0
2016-03-17,09:33:00,29.5089,29.85,29.49,29.75,159120.00000000023,1.0,0.0,0.0
2016-03-17,09:40:00,29.77,29.8599,29.3,29.38,37163.00000000023,1.0,0.0,0.0
2016-03-17,09:47:00,29.342,29.43,29.25,29.37,18740.000000000233,1.0,0.0,0.0
2016-03-17,09:54:00,29.38,29.5,29.22,29.43,97751.00000000023,1.0,0.0,0.0
2016-03-17,10:01:00,29.46,29.48,29.34,29.44,30552.000000000233,1.0,0.0,0.0
2016-03-17,10:08:00,29.47,29.66,29.44,29.5899,42395.00000000023,1.0,0.0,0.0
2016-03-17,10:15:00,29.6,29.79,29.6,29.68,33170.00000000023,1.0,0.0,0.0
2016-03-17,10:22:00,29.64,29.67,29.47,29.62,35695.00000000023,1.0,0.0,0.0
2016-03-17,10:29:00,29.6,29.67,29.5,29.668000000000003,18997.000000000233,1.0,0.0,0.0
2016-03-17,10:36:00,29.66,29.77,29.63,29.7,31947.000000000233,1.0,0.0,0.0
2016-03-17,10:43:00,29.71,29.8999,29.6808,29.88,29683.000000000233,1.0,0.0,0.0
2016-03-17,10:50:00,29.888,29.93,29.71,29.71,41308.00000000023,1.0,0.0,0.0
2016-03-17,10:57:00,29.72,29.86,29.7,29.81,26542.000000000233,1.0,0.0,0.0
2016-03-17,11:04:00,29.81,29.83,29.68,29.75,52838.00000000023,1.0,0.0,0.0
2016-03-17,11:11:00,29.76,29.81,29.7,29.81,35602.00000000023,1.0,0.0,0.0
2016-03-17,11:18:00,29.81,29.86,29.77,29.86,27834.000000000233,1.0,0.0,0.0
2016-03-17,11:25:00,29.86,29.91,29.77,29.81,21902.000000000233,1.0,0.0,0.0
2016-03-17,11:32:00,29.82,29.88,29.77,29.88,24857.000000000233,1.0,0.0,0.0
2016-03-17,11:39:00,29.88,29.99,29.83,29.92,66822.00000000023,1.0,0.0,0.0
2016-03-17,11:46:00,29.9281,29.9281,29.8,29.89,19560.000000000233,1.0,0.0,0.0
2016-03-17,11:53:00,29.88,29.91,29.78,29.86,20295.000000000233,1.0,0.0,0.0
2016-03-17,12:00:00,29.8735,29.9399,29.83,29.85,22752.000000000233,1.0,0.0,0.0
2016-03-17,12:07:00,29.87,29.99,29.87,29.95,21909.000000000233,1.0,0.0,0.0
2016-03-17,12:14:00,29.96,29.98,29.88,29.88,17597.000000000233,1.0,0.0,0.0
2016-03-17,12:21:00,29.88,29.93,29.86,29.8705,24192.000000000233,1.0,0.0,0.0
2016-03-17,12:28:00,29.89,29.98,29.86,29.9699,39921.00000000023,1.0,0.0,0.0
2016-03-17,12:35:00,29.97,30.0,29.925,29.97,26698.000000000233,1.0,0.0,0.0
2016-03-17,12:42:00,29.97,29.97,29.85,29.95,30958.000000000233,1.0,0.0,0.0
2016-03-17,12:49:00,29.95,29.97,29.87,29.92,45846.00000000023,1.0,0.0,0.0
2016-03-17,12:56:00,29.925,29.94,29.87,29.9399,21545.000000000233,1.0,0.0,0.0
2016-03-17,13:03:00,29.93,29.9499,29.89,29.93,25977.000000000233,1.0,0.0,0.0
2016-03-17,13:10:00,29.93,29.96,29.8701,29.91,28170.000000000233,1.0,0.0,0.0
2016-03-17,13:17:00,29.91,29.92,29.77,29.79,29047.000000000233,1.0,0.0,0.0
2016-03-17,13:24:00,29.81,29.88,29.77,29.85,23358.000000000233,1.0,0.0,0.0
2016-03-17,13:31:00,29.87,29.95,29.855,29.89,23308.000000000233,1.0,0.0,0.0
2016-03-17,13:38:00,29.89,29.95,29.87,29.94,32281.000000000233,1.0,0.0,0.0
2016-03-17,13:45:00,29.9407,30.06,29.92,30.05,45513.00000000023,1.0,0.0,0.0
2016-03-17,13:52:00,30.06,30.16,30.03,30.16,46583.00000000023,1.0,0.0,0.0
2016-03-17,13:59:00,30.16,30.33,30.15,30.32,54336.00000000023,1.0,0.0,0.0
2016-03-17,14:06:00,30.33,30.37,30.26,30.33,60351.00000000023,1.0,0.0,0.0
2016-03-17,14:13:00,30.33,30.48,30.32,30.46,71307.00000000023,1.0,0.0,0.0
2016-03-17,14:20:00,30.45,30.48,30.41,30.45,33643.00000000023,1.0,0.0,0.0
2016-03-17,14:27:00,30.44,30.47,30.37,30.42,35298.00000000023,1.0,0.0,0.0
2016-03-17,14:34:00,30.43,30.43,30.32,30.33,32958.00000000023,1.0,0.0,0.0
2016-03-17,14:41:00,30.3299,30.39,30.31,30.31,38523.00000000023,1.0,0.0,0.0
2016-03-17,14:48:00,30.3,30.36,30.2572,30.28,34202.00000000023,1.0,0.0,0.0
2016-03-17,14:55:00,30.28,30.32,30.24,30.27,36616.00000000023,1.0,0.0,0.0
2016-03-17,15:02:00,30.274,30.32,30.1899,30.22,38031.00000000023,1.0,0.0,0.0
2016-03-17,15:09:00,30.22,30.33,30.22,30.28,35481.00000000023,1.0,0.0,0.0
2016-03-17,15:16:00,30.28,30.32,30.26,30.3028,43661.00000000023,1.0,0.0,0.0
2016-03-17,15:23:00,30.3,30.405,30.28,30.38,58587.00000000023,1.0,0.0,0.0
2016-03-17,15:30:00,30.38,30.41,30.31,30.33,61417.00000000023,1.0,0.0,0.0
2016-03-17,15:37:00,30.32,30.4,30.295,30.35,92246.00000000023,1.0,0.0,0.0
2016-03-17,15:44:00,30.35,30.395,30.32,30.33,76704.00000000023,1.0,0.0,0.0
2016-03-17,15:51:00,30.32,30.32,30.26,30.27,102394.00000000023,1.0,0.0,0.0
2016-03-17,15:58:00,30.27,30.28,30.23,30.26,137403.00000000023,1.0,0.0,0.0
2016-03-18,09:35:00,30.26,30.73,30.21,30.63,272215.00000000023,1.0,0.0,0.0
2016-03-18,09:42:00,30.64,30.99,30.61,30.85,81795.00000000023,1.0,0.0,0.0
2016-03-18,09:49:00,30.83,30.92,30.55,30.73,74513.00000000023,1.0,0.0,0.0
2016-03-18,09:56:00,30.74,30.92,30.74,30.82,63353.00000000023,1.0,0.0,0.0
2016-03-18,10:03:00,30.79,30.862,30.73,30.76,73122.00000000023,1.0,0.0,0.0
2016-03-18,10:10:00,30.78,30.7999,30.52,30.53,73508.00000000023,1.0,0.0,0.0
2016-03-18,10:17:00,30.53,30.74,30.48,30.4888,47567.00000000023,1.0,0.0,0.0
2016-03-18,10:24:00,30.5,30.52,30.25,30.2901,52516.00000000023,1.0,0.0,0.0
2016-03-18,10:31:00,30.307,30.32,30.2,30.2535,47026.00000000023,1.0,0.0,0.0
2016-03-18,10:38:00,30.27,30.34,30.07,30.09,42959.00000000023,1.0,0.0,0.0
2016-03-18,10:45:00,30.08,30.08,29.79,29.86,51851.00000000023,1.0,0.0,0.0
2016-03-18,10:52:00,29.84,29.94,29.69,29.82,61407.00000000023,1.0,0.0,0.0
2016-03-18,10:59:00,29.8235,30.01,29.81,29.9681,28909.000000000233,1.0,0.0,0.0
2016-03-18,11:06:00,29.96,30.15,29.9581,30.13,36689.00000000023,1.0,0.0,0.0
2016-03-18,11:13:00,30.12,30.13,30.01,30.06,39526.00000000023,1.0,0.0,0.0
2016-03-18,11:20:00,30.052,30.31,29.95,30.2,86397.00000000023,1.0,0.0,0.0
2016-03-18,11:27:00,30.195999999999998,30.2175,29.96,29.97,41312.00000000023,1.0,0.0,0.0
2016-03-18,11:34:00,29.98,30.05,29.95,30.03,50538.00000000023,1.0,0.0,0.0
2016-03-18,11:41:00,30.01,30.05,29.93,29.98,365547.00000000023,1.0,0.0,0.0
2016-03-18,11:48:00,29.97,30.06,29.95,30.04,124708.00000000023,1.0,0.0,0.0
2016-03-18,11:55:00,30.04,30.25,30.0,30.23,28577.000000000233,1.0,0.0,0.0
2016-03-18,12:02:00,30.26,30.35,30.21,30.32,29930.000000000233,1.0,0.0,0.0
2016-03-18,12:09:00,30.31,30.37,30.26,30.3,42480.00000000023,1.0,0.0,0.0
2016-03-18,12:16:00,30.3,30.42,30.26,30.295,34755.00000000023,1.0,0.0,0.0
2016-03-18,12:23:00,30.28,30.42,30.26,30.41,37093.00000000023,1.0,0.0,0.0
2016-03-18,12:30:00,30.41,30.47,30.39,30.43,27422.000000000233,1.0,0.0,0.0
2016-03-18,12:37:00,30.4,30.45,30.37,30.4435,33013.00000000023,1.0,0.0,0.0
2016-03-18,12:44:00,30.44,30.5,30.4,30.45,21247.000000000233,1.0,0.0,0.0
2016-03-18,12:51:00,30.42,30.49,30.4,30.48,52675.00000000023,1.0,0.0,0.0
2016-03-18,12:58:00,30.45,30.51,30.39,30.5,68761.00000000023,1.0,0.0,0.0
2016-03-18,13:05:00,30.5,30.52,30.4,30.47,41693.00000000023,1.0,0.0,0.0
2016-03-18,13:12:00,30.48,30.57,30.46,30.48,30286.000000000233,1.0,0.0,0.0
2016-03-18,13:19:00,30.48,30.48,30.24,30.3645,52948.00000000023,1.0,0.0,0.0
2016-03-18,13:26:00,30.36,30.46,30.34,30.43,28215.000000000233,1.0,0.0,0.0
2016-03-18,13:33:00,30.44,30.48,30.3728,30.38,34713.00000000023,1.0,0.0,0.0
2016-03-18,13:40:00,30.39,30.49,30.37,30.49,44568.00000000023,1.0,0.0,0.0
2016-03-18,13:47:00,30.49,30.63,30.48,30.6,30974.000000000233,1.0,0.0,0.0
2016-03-18,13:54:00,30.59,30.71,30.578000000000003,30.68,25639.000000000233,1.0,0.0,0.0
2016-03-18,14:01:00,30.7,30.71,30.59,30.6653,36779.00000000023,1.0,0.0,0.0
2016-03-18,14:08:00,30.67,30.77,30.65,30.68,86307.00000000023,1.0,0.0,0.0
2016-03-18,14:15:00,30.68,30.74,30.63,30.66,43164.00000000023,1.0,0.0,0.0
2016-03-18,14:22:00,30.65,30.68,30.56,30.66,42050.00000000023,1.0,0.0,0.0
2016-03-18,14:29:00,30.66,30.68,30.62,30.68,38932.00000000023,1.0,0.0,0.0
2016-03-18,14:36:00,30.68,30.68,30.61,30.625,40923.00000000023,1.0,0.0,0.0
2016-03-18,14:43:00,30.625,30.65,30.58,30.65,42586.00000000023,1.0,0.0,0.0
2016-03-18,14:50:00,30.65,30.65,30.47,30.47,60707.00000000023,1.0,0.0,0.0
2016-03-18,14:57:00,30.47,30.5,30.44,30.47,45595.00000000023,1.0,0.0,0.0
2016-03-18,15:04:00,30.46,30.52,30.44,30.515,46738.00000000023,1.0,0.0,0.0
2016-03-18,15:11:00,30.51,30.52,30.47,30.48,65957.00000000023,1.0,0.0,0.0
2016-03-18,15:18:00,30.48,30.63,30.47,30.62,61206.00000000023,1.0,0.0,0.0
2016-03-18,15:25:00,30.625,30.69,30.59,30.67,64325.00000000023,1.0,0.0,0.0
2016-03-18,15:32:00,30.68,30.68,30.59,30.64,71500.00000000023,1.0,0.0,0.0
2016-03-18,15:39:00,30.64,30.68,30.62,30.645,108471.00000000023,1.0,0.0,0.0
2016-03-18,15:46:00,30.64,30.88,30.63,30.76,201638.00000000023,1.0,0.0,0.0
2016-03-18,15:53:00,30.77,30.81,30.75,30.755,159628.00000000023,1.0,0.0,0.0
2016-03-21,09:30:00,30.755,30.93,30.57,30.6,393583.00000000023,1.0,0.0,0.0
2016-03-21,09:37:00,30.55,30.6,30.17,30.185,51313.00000000023,1.0,0.0,0.0
2016-03-21,09:44:00,30.19,30.54,30.13,30.47,76536.00000000023,1.0,0.0,0.0
2016-03-21,09:51:00,30.48,30.5,30.1811,30.3,60142.00000000023,1.0,0.0,0.0
2016-03-21,09:58:00,30.308000000000003,30.54,30.308000000000003,30.5143,39267.00000000023,1.0,0.0,0.0
2016-03-21,10:05:00,30.49,30.6,30.13,30.14,48928.00000000023,1.0,0.0,0.0
2016-03-21,10:12:00,30.13,30.205,29.94,29.95,59045.00000000023,1.0,0.0,0.0
2016-03-21,10:19:00,29.9684,29.99,29.79,29.92,52122.00000000023,1.0,0.0,0.0
2016-03-21,10:26:00,29.94,30.13,29.87,30.0701,31147.000000000233,1.0,0.0,0.0
2016-03-21,10:33:00,30.0884,30.11,29.7,29.75,76460.00000000023,1.0,0.0,0.0
2016-03-21,10:40:00,29.74,29.79,29.61,29.64,60300.00000000023,1.0,0.0,0.0
2016-03-21,10:47:00,29.6499,29.6499,29.32,29.46,86709.00000000023,1.0,0.0,0.0
2016-03-21,10:54:00,29.4511,29.55,29.39,29.53,31472.000000000233,1.0,0.0,0.0
2016-03-21,11:01:00,29.54,29.58,29.44,29.52,36351.00000000023,1.0,0.0,0.0
2016-03-21,11:08:00,29.52,29.8,29.47,29.78,39197.00000000023,1.0,0.0,0.0
2016-03-21,11:15:00,29.799,29.87,29.73,29.81,43319.00000000023,1.0,0.0,0.0
2016-03-21,11:22:00,29.82,30.01,29.8,29.9675,29025.000000000233,1.0,0.0,0.0
2016-03-21,11:29:00,29.95,29.98,29.83,29.87,84056.00000000023,1.0,0.0,0.0
2016-03-21,11:36:00,29.87,29.95,29.83,29.92,26117.000000000233,1.0,0.0,0.0
2016-03-21,11:43:00,29.9278,29.9278,29.68,29.8,66983.00000000023,1.0,0.0,0.0
2016-03-21,11:50:00,29.8,29.92,29.62,29.625,31696.000000000233,1.0,0.0,0.0
2016-03-21,11:57:00,29.62,29.71,29.52,29.58,43716.00000000023,1.0,0.0,0.0
2016-03-21,12:04:00,29.59,29.6599,29.52,29.62,22710.000000000233,1.0,0.0,0.0
2016-03-21,12:11:00,29.61,29.73,29.6,29.64,35263.00000000023,1.0,0.0,0.0
2016-03-21,12:18:00,29.64,29.6425,29.43,29.43,42799.00000000023,1.0,0.0,0.0
2016-03-21,12:25:00,29.43,29.46,29.37,29.39,41961.00000000023,1.0,0.0,0.0
2016-03-21,12:32:00,29.39,29.55,29.35,29.49,30196.000000000233,1.0,0.0,0.0
2016-03-21,12:39:00,29.48,29.66,29.4402,29.54,73241.00000000023,1.0,0.0,0.0
2016-03-21,12:46:00,29.52,29.55,29.38,29.5,126829.00000000023,1.0,0.0,0.0
2016-03-21,12:53:00,29.48,29.53,29.4,29.52,41298.00000000023,1.0,0.0,0.0
2016-03-21,13:00:00,29.53,29.58,29.47,29.47,29046.000000000233,1.0,0.0,0.0
2016-03-21,13:07:00,29.48,29.585,29.45,29.58,25578.000000000233,1.0,0.0,0.0
2016-03-21,13:14:00,29.5837,29.62,29.5,29.51,25301.000000000233,1.0,0.0,0.0
2016-03-21,13:21:00,29.51,29.57,29.5,29.53,18897.000000000233,1.0,0.0,0.0
2016-03-21,13:28:00,29.52,29.6,29.495,29.59,27655.000000000233,1.0,0.0,0.0
2016-03-21,13:35:00,29.59,29.59,29.43,29.5,31433.000000000233,1.0,0.0,0.0
2016-03-21,13:42:00,29.52,29.5811,29.49,29.5811,24992.000000000233,1.0,0.0,0.0
2016-03-21,13:49:00,29.59,29.72,29.58,29.72,24862.000000000233,1.0,0.0,0.0
2016-03-21,13:56:00,29.7199,29.78,29.68,29.68,25130.000000000233,1.0,0.0,0.0
2016-03-21,14:03:00,29.68,29.75,29.68,29.7,19065.000000000233,1.0,0.0,0.0
2016-03-21,14:10:00,29.7,29.73,29.69,29.7001,25900.000000000233,1.0,0.0,0.0
2016-03-21,14:17:00,29.7,29.73,29.63,29.67,25559.000000000233,1.0,0.0,0.0
2016-03-21,14:24:00,29.67,29.71,29.6,29.66,19851.000000000233,1.0,0.0,0.0
2016-03-21,14:31:00,29.66,29.6945,29.6,29.68,40537.00000000023,1.0,0.0,0.0
2016-03-21,14:38:00,29.69,29.74,29.615,29.65,30527.000000000233,1.0,0.0,0.0
2016-03-21,14:45:00,29.64,29.73,29.625,29.67,32042.000000000233,1.0,0.0,0.0
2016-03-21,14:52:00,29.6762,29.73,29.675,29.73,89375.00000000023,1.0,0.0,0.0
2016-03-21,14:59:00,29.73,29.83,29.73,29.79,34994.00000000023,1.0,0.0,0.0
2016-03-21,15:06:00,29.79,29.79,29.67,29.67,30610.000000000233,1.0,0.0,0.0
2016-03-21,15:13:00,29.665,29.74,29.66,29.725,35105.00000000023,1.0,0.0,0.0
2016-03-21,15:20:00,29.73,29.73,29.61,29.63,37875.00000000023,1.0,0.0,0.0
2016-03-21,15:27:00,29.64,29.71,29.61,29.695,88900.00000000023,1.0,0.0,0.0
2016-03-21,15:34:00,29.7,29.73,29.59,29.66,91095.00000000023,1.0,0.0,0.0
2016-03-21,15:41:00,29.655,29.67,29.59,29.63,64643.00000000023,1.0,0.0,0.0
2016-03-21,15:48:00,29.63,29.68,29.6023,29.635,67038.00000000023,1.0,0.0,0.0
2016-03-21,15:55:00,29.635,29.72,29.61,29.71,121188.00000000023,1.0,0.0,0.0
2016-03-22,09:33:00,29.715,29.76,29.05,29.23,233558.00000000023,1.0,0.0,0.0
2016-03-22,09:40:00,29.36,29.68,29.23,29.32,63189.00000000023,1.0,0.0,0.0
2016-03-22,09:47:00,29.29,29.515,29.27,29.39,33385.00000000023,1.0,0.0,0.0
2016-03-22,09:54:00,29.385,29.58,29.23,29.53,49839.00000000023,1.0,0.0,0.0
2016-03-22,10:01:00,29.53,29.745,29.46,29.64,36898.00000000023,1.0,0.0,0.0
2016-03-22,10:08:00,29.68,29.81,29.59,29.61,52050.00000000023,1.0,0.0,0.0
2016-03-22,10:15:00,29.62,29.77,29.54,29.62,52006.00000000023,1.0,0.0,0.0
2016-03-22,10:23:00,29.61,29.7125,29.565,29.68,32712.000000000233,1.0,0.0,0.0
2016-03-22,10:30:00,29.67,29.78,29.63,29.74,24339.000000000233,1.0,0.0,0.0
2016-03-22,10:37:00,29.73,29.85,29.73,29.8055,30446.000000000233,1.0,0.0,0.0
2016-03-22,10:44:00,29.82,29.94,29.81,29.92,30111.000000000233,1.0,0.0,0.0
2016-03-22,10:51:00,29.93,29.99,29.9,29.92,42763.00000000023,1.0,0.0,0.0
2016-03-22,10:58:00,29.92,30.09,29.9,30.0444,29130.000000000233,1.0,0.0,0.0
2016-03-22,11:05:00,30.03,30.09,29.97,30.02,37064.00000000023,1.0,0.0,0.0
2016-03-22,11:12:00,30.02,30.07,29.92,29.96,59801.00000000023,1.0,0.0,0.0
2016-03-22,11:19:00,29.97,30.03,29.93,30.02,21362.000000000233,1.0,0.0,0.0
2016-03-22,11:26:00,30.01,30.03,29.93,29.94,27523.000000000233,1.0,0.0,0.0
2016-03-22,11:33:00,29.94,29.98,29.87,29.88,25538.000000000233,1.0,0.0,0.0
2016-03-22,11:40:00,29.88,29.91,29.845,29.87,19553.000000000233,1.0,0.0,0.0
2016-03-22,11:47:00,29.8798,29.93,29.835,29.88,21513.000000000233,1.0,0.0,0.0
2016-03-22,11:54:00,29.86,29.86,29.67,29.68,31516.000000000233,1.0,0.0,0.0
2016-03-22,12:01:00,29.7,29.83,29.69,29.81,30285.000000000233,1.0,0.0,0.0
2016-03-22,12:08:00,29.82,29.94,29.8,29.904,18813.000000000233,1.0,0.0,0.0
2016-03-22,12:15:00,29.9,29.99,29.88,29.98,27845.000000000233,1.0,0.0,0.0
2016-03-22,12:22:00,29.99,30.06,29.97,30.05,19893.000000000233,1.0,0.0,0.0
2016-03-22,12:29:00,30.04,30.11,29.98,30.055,43279.00000000023,1.0,0.0,0.0
2016-03-22,12:36:00,30.06,30.085,30.01,30.03,24454.000000000233,1.0,0.0,0.0
2016-03-22,12:43:00,30.03,30.13,30.03,30.13,26574.000000000233,1.0,0.0,0.0
2016-03-22,12:50:00,30.13,30.22,30.11,30.21,28050.000000000233,1.0,0.0,0.0
2016-03-22,12:57:00,30.22,30.26,30.18,30.21,20899.000000000233,1.0,0.0,0.0
2016-03-22,13:04:00,30.21,30.22,30.11,30.13,16710.000000000233,1.0,0.0,0.0
2016-03-22,13:11:00,30.12,30.1699,30.08,30.11,23613.000000000233,1.0,0.0,0.0
2016-03-22,13:18:00,30.1,30.1,30.03,30.05,24833.000000000233,1.0,0.0,0.0
2016-03-22,13:25:00,30.05,30.14,30.04,30.05,18749.000000000233,1.0,0.0,0.0
2016-03-22,13:32:00,30.05,30.07,30.0,30.02,23671.000000000233,1.0,0.0,0.0
2016-03-22,13:39:00,30.02,30.06,29.99,30.05,21482.000000000233,1.0,0.0,0.0
2016-03-22,13:46:00,30.04,30.04,29.97,29.99,21387.000000000233,1.0,0.0,0.0
2016-03-22,13:53:00,29.98,30.06,29.97,30.055,26406.000000000233,1.0,0.0,0.0
2016-03-22,14:00:00,30.06,30.11,30.06,30.09,23348.000000000233,1.0,0.0,0.0
2016-03-22,14:07:00,30.0882,30.16,30.08,30.14,31341.000000000233,1.0,0.0,0.0
2016-03-22,14:14:00,30.14,30.26,30.12,30.24,31321.000000000233,1.0,0.0,0.0
2016-03-22,14:21:00,30.25,30.33,30.21,30.33,37809.00000000023,1.0,0.0,0.0
2016-03-22,14:28:00,30.34,30.45,30.34,30.385,88183.00000000023,1.0,0.0,0.0
2016-03-22,14:35:00,30.41,30.41,30.24,30.26,45128.00000000023,1.0,0.0,0.0
2016-03-22,14:42:00,30.26,30.26,30.195,30.235,26394.000000000233,1.0,0.0,0.0
2016-03-22,14:49:00,30.245,30.29,30.22,30.23,31280.000000000233,1.0,0.0,0.0
2016-03-22,14:56:00,30.235,30.265,30.17,30.26,38620.00000000023,1.0,0.0,0.0
2016-03-22,15:03:00,30.26,30.27,30.145,30.235,49962.00000000023,1.0,0.0,0.0
2016-03-22,15:10:00,30.2399,30.28,30.22,30.24,42850.00000000023,1.0,0.0,0.0
2016-03-22,15:17:00,30.23,30.27,30.12,30.13,63512.00000000023,1.0,0.0,0.0
2016-03-22,15:24:00,30.13,30.19,30.1,30.155,58154.00000000023,1.0,0.0,0.0
2016-03-22,15:31:00,30.17,30.21,30.16,30.2,45498.00000000023,1.0,0.0,0.0
2016-03-22,15:38:00,30.19,30.26,30.1775,30.215,67004.00000000023,1.0,0.0,0.0
2016-03-22,15:45:00,30.22,30.28,30.1999,30.23,66915.00000000023,1.0,0.0,0.0
2016-03-22,15:52:00,30.22,30.24,30.2,30.21,71114.00000000023,1.0,0.0,0.0
2016-03-22,15:59:00,30.21,30.25,30.18,30.21,156666.00000000023,1.0,0.0,0.0
2016-03-23,09:36:00,29.83,30.0,29.66,30.0,66952.00000000023,1.0,0.0,0.0
2016-03-23,09:43:00,29.97,30.02,29.7,29.81,67229.00000000023,1.0,0.0,0.0
2016-03-23,09:50:00,29.8,29.88,29.48,29.5504,38841.00000000023,1.0,0.0,0.0
2016-03-23,09:57:00,29.58,29.76,29.57,29.63,23383.000000000233,1.0,0.0,0.0
2016-03-23,10:04:00,29.62,29.65,29.35,29.36,22807.000000000233,1.0,0.0,0.0
2016-03-23,10:11:00,29.36,29.37,29.24,29.27,46746.00000000023,1.0,0.0,0.0
2016-03-23,10:18:00,29.28,29.54,29.25,29.31,39013.00000000023,1.0,0.0,0.0
2016-03-23,10:25:00,29.32,29.48,29.29,29.44,21634.000000000233,1.0,0.0,0.0
2016-03-23,10:32:00,29.4794,29.57,29.24,29.46,60198.00000000023,1.0,0.0,0.0
2016-03-23,10:39:00,29.43,29.43,29.18,29.22,51648.00000000023,1.0,0.0,0.0
2016-03-23,10:46:00,29.24,29.3375,29.09,29.33,56531.00000000023,1.0,0.0,0.0
2016-03-23,10:53:00,29.34,29.4,29.22,29.26,17374.000000000233,1.0,0.0,0.0
2016-03-23,11:00:00,29.28,29.33,29.07,29.1,20388.000000000233,1.0,0.0,0.0
2016-03-23,11:07:00,29.1,29.17,29.02,29.14,38653.00000000023,1.0,0.0,0.0
2016-03-23,11:14:00,29.125,29.2399,29.02,29.03,53788.00000000023,1.0,0.0,0.0
2016-03-23,11:21:00,29.03,29.04,28.84,28.9,71121.00000000023,1.0,0.0,0.0
2016-03-23,11:28:00,28.9,28.92,28.82,28.84,45666.00000000023,1.0,0.0,0.0
2016-03-23,11:35:00,28.83,28.89,28.76,28.88,30001.000000000233,1.0,0.0,0.0
2016-03-23,11:42:00,28.9,29.0699,28.9,29.0,26660.000000000233,1.0,0.0,0.0
2016-03-23,11:49:00,29.0,29.07,28.92,29.04,22866.000000000233,1.0,0.0,0.0
2016-03-23,11:56:00,29.05,29.05,28.91,29.0,13667.000000000233,1.0,0.0,0.0
2016-03-23,12:03:00,29.01,29.01,28.9,28.98,36225.00000000023,1.0,0.0,0.0
2016-03-23,12:10:00,28.97,29.01,28.9,28.96,21663.000000000233,1.0,0.0,0.0
2016-03-23,12:17:00,28.96,28.99,28.9,28.94,13696.000000000233,1.0,0.0,0.0
2016-03-23,12:24:00,28.95,29.0,28.92,28.93,14491.000000000233,1.0,0.0,0.0
2016-03-23,12:31:00,28.93,28.94,28.88,28.92,17045.000000000233,1.0,0.0,0.0
2016-03-23,12:38:00,28.94,29.01,28.86,28.9,56615.00000000023,1.0,0.0,0.0
2016-03-23,12:45:00,28.9099,28.95,28.83,28.845,18409.000000000233,1.0,0.0,0.0
2016-03-23,12:52:00,28.86,28.93,28.84,28.84,14010.000000000233,1.0,0.0,0.0
2016-03-23,12:59:00,28.82,28.87,28.75,28.85,27494.000000000233,1.0,0.0,0.0
2016-03-23,13:06:00,28.85,28.87,28.72,28.73,28500.000000000233,1.0,0.0,0.0
2016-03-23,13:13:00,28.72,28.789,28.65,28.789,17468.000000000233,1.0,0.0,0.0
2016-03-23,13:20:00,28.78,28.7899,28.71,28.71,17297.000000000233,1.0,0.0,0.0
2016-03-23,13:27:00,28.72,28.72,28.54,28.5615,43102.00000000023,1.0,0.0,0.0
2016-03-23,13:34:00,28.57,28.68,28.57,28.6,25452.000000000233,1.0,0.0,0.0
2016-03-23,13:41:00,28.62,28.63,28.5,28.51,29790.000000000233,1.0,0.0,0.0
2016-03-23,13:48:00,28.51,28.63,28.5,28.59,15899.000000000233,1.0,0.0,0.0
2016-03-23,13:55:00,28.6,28.645,28.6,28.62,12871.000000000233,1.0,0.0,0.0
2016-03-23,14:02:00,28.62,28.68,28.55,28.68,20163.000000000233,1.0,0.0,0.0
2016-03-23,14:09:00,28.68,28.72,28.63,28.69,21811.000000000233,1.0,0.0,0.0
2016-03-23,14:16:00,28.7,28.76,28.64,28.71,27138.000000000233,1.0,0.0,0.0
2016-03-23,14:23:00,28.71,28.75,28.7,28.73,21035.000000000233,1.0,0.0,0.0
2016-03-23,14:30:00,28.74,28.74,28.54,28.6,46968.00000000023,1.0,0.0,0.0
2016-03-23,14:37:00,28.6,28.65,28.54,28.57,35411.00000000023,1.0,0.0,0.0
2016-03-23,14:44:00,28.57,28.58,28.4301,28.45,27496.000000000233,1.0,0.0,0.0
2016-03-23,14:51:00,28.45,28.53,28.4101,28.44,25390.000000000233,1.0,0.0,0.0
2016-03-23,14:58:00,28.44,28.57,28.41,28.47,23688.000000000233,1.0,0.0,0.0
2016-03-23,15:05:00,28.48,28.54,28.45,28.46,21935.000000000233,1.0,0.0,0.0
2016-03-23,15:12:00,28.47,28.49,28.43,28.45,31881.000000000233,1.0,0.0,0.0
2016-03-23,15:19:00,28.45,28.5,28.44,28.46,40949.00000000023,1.0,0.0,0.0
2016-03-23,15:26:00,28.46,28.51,28.45,28.49,30874.000000000233,1.0,0.0,0.0
2016-03-23,15:33:00,28.5,28.52,28.44,28.465,66409.00000000023,1.0,0.0,0.0
2016-03-23,15:40:00,28.465,28.495,28.43,28.435,104978.00000000023,1.0,0.0,0.0
2016-03-23,15:47:00,28.43,28.46,28.41,28.42,110634.00000000023,1.0,0.0,0.0
2016-03-23,15:54:00,28.42,28.46,28.42,28.455,106587.00000000023,1.0,0.0,0.0
2016-03-24,09:31:00,28.455,28.46,27.47,27.62,231711.00000000023,1.0,0.0,0.0
2016-03-24,09:38:00,27.61,28.04,27.49,27.97,59831.00000000023,1.0,0.0,0.0
2016-03-24,09:45:00,27.98,28.13,27.87,27.94,60103.00000000023,1.0,0.0,0.0
2016-03-24,09:52:00,27.95,27.97,27.735,27.88,104981.00000000023,1.0,0.0,0.0
2016-03-24,09:59:00,27.885,28.04,27.84,28.02,109601.00000000023,1.0,0.0,0.0
2016-03-24,10:06:00,28.01,28.1,27.89,27.91,72545.00000000023,1.0,0.0,0.0
2016-03-24,10:13:00,27.91,28.01,27.703000000000003,27.78,77919.00000000023,1.0,0.0,0.0
2016-03-24,10:20:00,27.78,27.78,27.65,27.7,73846.00000000023,1.0,0.0,0.0
2016-03-24,10:27:00,27.7,27.925,27.6769,27.86,60188.00000000023,1.0,0.0,0.0
2016-03-24,10:34:00,27.85,28.1499,27.81,27.9772,66473.00000000023,1.0,0.0,0.0
2016-03-24,10:41:00,27.99,28.2,27.96,28.17,44938.00000000023,1.0,0.0,0.0
2016-03-24,10:48:00,28.185,28.25,27.999000000000002,28.01,41488.00000000023,1.0,0.0,0.0
2016-03-24,10:55:00,28.01,28.14,27.96,28.068,43828.00000000023,1.0,0.0,0.0
2016-03-24,11:02:00,28.07,28.25,28.07,28.22,43518.00000000023,1.0,0.0,0.0
2016-03-24,11:09:00,28.21,28.21,28.11,28.15,36231.00000000023,1.0,0.0,0.0
2016-03-24,11:16:00,28.16,28.24,28.01,28.02,41223.00000000023,1.0,0.0,0.0
2016-03-24,11:23:00,28.03,28.04,27.91,27.92,47796.00000000023,1.0,0.0,0.0
2016-03-24,11:30:00,27.92,27.92,27.83,27.91,38001.00000000023,1.0,0.0,0.0
2016-03-24,11:37:00,27.92,28.0,27.86,27.89,27877.000000000233,1.0,0.0,0.0
2016-03-24,11:44:00,27.885,27.99,27.85,27.98,32434.000000000233,1.0,0.0,0.0
2016-03-24,11:51:00,27.99,28.09,27.91,28.03,40821.00000000023,1.0,0.0,0.0
2016-03-24,11:58:00,28.04,28.18,28.01,28.16,38412.00000000023,1.0,0.0,0.0
2016-03-24,12:05:00,28.16,28.28,28.15,28.25,37352.00000000023,1.0,0.0,0.0
2016-03-24,12:12:00,28.25,28.385,28.25,28.31,35373.00000000023,1.0,0.0,0.0
2016-03-24,12:19:00,28.2998,28.32,28.17,28.18,34610.00000000023,1.0,0.0,0.0
2016-03-24,12:26:00,28.175,28.27,28.16,28.2201,44230.00000000023,1.0,0.0,0.0
2016-03-24,12:33:00,28.23,28.37,28.2052,28.31,29964.000000000233,1.0,0.0,0.0
2016-03-24,12:40:00,28.31,28.41,28.2799,28.39,37622.00000000023,1.0,0.0,0.0
2016-03-24,12:47:00,28.4,28.44,28.39,28.44,27276.000000000233,1.0,0.0,0.0
2016-03-24,12:54:00,28.43,28.565,28.42,28.56,30403.000000000233,1.0,0.0,0.0
2016-03-24,13:01:00,28.56,28.57,28.46,28.47,20406.000000000233,1.0,0.0,0.0
2016-03-24,13:08:00,28.47,28.54,28.46,28.534000000000002,31949.000000000233,1.0,0.0,0.0
2016-03-24,13:15:00,28.54,28.67,28.5,28.615,31209.000000000233,1.0,0.0,0.0
2016-03-24,13:22:00,28.62,28.73,28.61,28.7096,28758.000000000233,1.0,0.0,0.0
2016-03-24,13:29:00,28.71,28.73,28.65,28.69,25229.000000000233,1.0,0.0,0.0
2016-03-24,13:36:00,28.68,28.68,28.51,28.53,28399.000000000233,1.0,0.0,0.0
2016-03-24,13:43:00,28.53,28.64,28.51,28.6266,33000.00000000023,1.0,0.0,0.0
2016-03-24,13:50:00,28.64,28.65,28.58,28.58,19787.000000000233,1.0,0.0,0.0
2016-03-24,13:57:00,28.59,28.64,28.58,28.64,24970.000000000233,1.0,0.0,0.0
2016-03-24,14:04:00,28.64,28.68,28.44,28.44,32113.000000000233,1.0,0.0,0.0
2016-03-24,14:11:00,28.43,28.44,28.33,28.42,34272.00000000023,1.0,0.0,0.0
2016-03-24,14:18:00,28.41,28.45,28.36,28.44,28514.000000000233,1.0,0.0,0.0
2016-03-24,14:25:00,28.445,28.46,28.39,28.39,25161.000000000233,1.0,0.0,0.0
2016-03-24,14:32:00,28.39,28.46,28.35,28.46,26963.000000000233,1.0,0.0,0.0
2016-03-24,14:39:00,28.46,28.5555,28.46,28.51,31059.000000000233,1.0,0.0,0.0
2016-03-24,14:46:00,28.52,28.59,28.46,28.465,49834.00000000023,1.0,0.0,0.0
2016-03-24,14:53:00,28.47,28.54,28.4501,28.52,53003.00000000023,1.0,0.0,0.0
2016-03-24,15:00:00,28.51,28.51,28.4,28.42,48178.00000000023,1.0,0.0,0.0
2016-03-24,15:07:00,28.425,28.48,28.415,28.45,45395.00000000023,1.0,0.0,0.0
2016-03-24,15:14:00,28.46,28.6,28.46,28.58,39287.00000000023,1.0,0.0,0.0
2016-03-24,15:21:00,28.59,28.61,28.56,28.56,40118.00000000023,1.0,0.0,0.0
2016-03-24,15:28:00,28.56,28.59,28.52,28.57,51339.00000000023,1.0,0.0,0.0
2016-03-24,15:35:00,28.57,28.59,28.5,28.53,67215.00000000023,1.0,0.0,0.0
2016-03-24,15:42:00,28.53,28.61,28.49,28.6,112280.00000000023,1.0,0.0,0.0
2016-03-24,15:49:00,28.59,28.64,28.585,28.64,152288.00000000023,1.0,0.0,0.0
2016-03-24,15:56:00,28.64,28.66,28.62,28.645,141140.00000000023,1.0,0.0,0.0
