Date,Time,Open,High,Low,Close,Volume,Split Factor,Earnings,Dividends
2016-01-04,09:49:00,77.3523,77.959,77.0341,77.407,67387.45920000001,1.0,0.0,0.0
2016-01-04,10:04:00,77.4366,77.4717,76.8252,76.8252,77143.14100000005,1.0,0.0,0.0
2016-01-04,10:19:00,76.8153,77.2031,76.7755,77.0142,79370.44000000003,1.0,0.0,0.0
2016-01-04,10:34:00,77.0316,77.0739,76.8252,76.9047,34766.16400000003,1.0,0.0,0.0
2016-01-04,10:49:00,76.8551,77.0838,76.8352,77.0042,41080.89400000003,1.0,0.0,0.0
2016-01-04,11:04:00,77.0042,77.044,76.8252,76.9048,58775.18400000004,1.0,0.0,0.0
2016-01-04,11:19:00,76.9048,77.054,76.7954,77.0142,66122.58000000005,1.0,0.0,0.0
2016-01-04,11:34:00,77.0241,77.0739,76.9545,77.0739,55247.80700000003,1.0,0.0,0.0
2016-01-04,11:49:00,77.054,77.2031,76.9645,77.0341,88726.89000000004,1.0,0.0,0.0
2016-01-04,12:04:00,77.044,77.1335,76.9446,77.0739,49592.70000000004,1.0,0.0,0.0
2016-01-04,12:19:00,77.0838,77.2429,77.0341,77.1932,53252.80600000005,1.0,0.0,0.0
2016-01-04,12:34:00,77.1783,77.3225,77.1236,77.2827,40284.50000000005,1.0,0.0,0.0
2016-01-04,12:49:00,77.2827,77.3722,77.1136,77.3424,47152.26000000007,1.0,0.0,0.0
2016-01-04,13:04:00,77.3722,77.4518,77.223,77.4518,45322.19800000008,1.0,0.0,0.0
2016-01-04,13:19:00,77.4916,77.7601,77.4418,77.6905,65623.82000000005,1.0,0.0,0.0
2016-01-04,13:34:00,77.6905,77.7203,77.6208,77.7103,69047.66000000003,1.0,0.0,0.0
2016-01-04,13:49:00,77.6805,77.9092,77.6805,77.8695,67391.53000000006,1.0,0.0,0.0
2016-01-04,14:04:00,77.8794,77.9391,77.7302,77.7601,50108.530000000086,1.0,0.0,0.0
2016-01-04,14:19:00,77.7601,78.0286,77.7203,77.9192,70834.47000000009,1.0,0.0,0.0
2016-01-04,14:34:00,77.9291,78.0286,77.5413,77.5512,45023.566000000086,1.0,0.0,0.0
2016-01-04,14:49:00,77.5612,77.6805,77.4418,77.5215,42050.2110000001,1.0,0.0,0.0
2016-01-04,15:04:00,77.5214,77.5512,77.3225,77.4021,59124.0900000001,1.0,0.0,0.0
2016-01-04,15:19:00,77.41199999999999,77.4418,77.223,77.3125,90946.0480000001,1.0,0.0,0.0
2016-01-04,15:34:00,77.2827,77.3921,77.2031,77.3623,82543.89200000011,1.0,0.0,0.0
2016-01-04,15:49:00,77.3523,77.8297,77.3225,77.7899,183252.56000000014,1.0,0.0,0.0
2016-01-05,09:34:00,77.7999,78.0584,77.5512,77.9291,293515.9720000002,1.0,0.0,0.0
2016-01-05,09:49:00,77.9391,78.0982,77.6905,77.6905,34673.664000000295,1.0,0.0,0.0
2016-01-05,10:04:00,77.7203,77.7302,77.2951,77.3523,30018.036000000302,1.0,0.0,0.0
2016-01-05,10:19:00,77.3722,77.5015,77.1834,77.1932,30823.480000000305,1.0,0.0,0.0
2016-01-05,10:34:00,77.2131,77.223,76.8054,76.8352,42244.29000000031,1.0,0.0,0.0
2016-01-05,10:49:00,76.8352,77.0938,76.8352,77.0241,46348.860000000306,1.0,0.0,0.0
2016-01-05,11:04:00,77.0341,77.223,77.0291,77.1136,54982.36100000032,1.0,0.0,0.0
2016-01-05,11:19:00,77.1236,77.2031,76.9346,76.9575,36854.6200000003,1.0,0.0,0.0
2016-01-05,11:34:00,76.957,77.0639,76.8451,76.9247,50443.35600000032,1.0,0.0,0.0
2016-01-05,11:49:00,76.9247,76.9844,76.7954,76.8849,69438.84600000031,1.0,0.0,0.0
2016-01-05,12:04:00,76.8949,76.9048,76.7755,76.7855,33922.510000000315,1.0,0.0,0.0
2016-01-05,12:19:00,76.8054,76.865,76.7258,76.7656,49289.00900000031,1.0,0.0,0.0
2016-01-05,12:34:00,76.7556,76.7556,76.6064,76.6363,37295.09700000032,1.0,0.0,0.0
2016-01-05,12:49:00,76.6363,76.7357,76.6064,76.6761,68283.42300000033,1.0,0.0,0.0
2016-01-05,13:04:00,76.6562,76.7258,76.6064,76.7258,51165.32400000032,1.0,0.0,0.0
2016-01-05,13:19:00,76.7258,76.7656,76.4871,76.5368,89349.33000000032,1.0,0.0,0.0
2016-01-05,13:34:00,76.5169,76.5766,76.4772,76.5468,40026.080000000315,1.0,0.0,0.0
2016-01-05,13:49:00,76.5319,76.7556,76.5199,76.696,44555.97000000031,1.0,0.0,0.0
2016-01-05,14:04:00,76.7158,76.8352,76.696,76.7954,54005.95800000031,1.0,0.0,0.0
2016-01-05,14:19:00,76.7755,76.9446,76.7457,76.9346,76893.7990000003,1.0,0.0,0.0
2016-01-05,14:34:00,76.9446,77.1733,76.9346,77.1635,120455.3200000003,1.0,0.0,0.0
2016-01-05,14:49:00,77.1634,77.3026,77.0341,77.2031,610838.1800000003,1.0,0.0,0.0
2016-01-05,15:04:00,77.2131,77.3424,77.044,77.0739,131532.24400000036,1.0,0.0,0.0
2016-01-05,15:19:00,77.0739,77.2429,77.0067,77.1733,112174.79000000034,1.0,0.0,0.0
2016-01-05,15:34:00,77.1733,77.2728,76.9744,77.054,108642.35000000036,1.0,0.0,0.0
2016-01-05,15:49:00,77.054,77.1136,76.9446,77.0739,113210.41000000038,1.0,0.0,0.0
2016-01-06,09:34:00,77.0739,77.2728,76.1888,76.3081,429374.59000000026,1.0,0.0,0.0
2016-01-06,09:49:00,76.3678,77.0241,76.2086,76.5169,185881.4420000004,1.0,0.0,0.0
2016-01-06,10:04:00,76.5766,76.8251,76.4971,76.696,75269.92000000039,1.0,0.0,0.0
2016-01-06,10:19:00,76.696,76.7158,76.4274,76.6661,68296.52900000042,1.0,0.0,0.0
2016-01-06,10:34:00,76.696,76.7556,76.5667,76.7258,61844.00700000038,1.0,0.0,0.0
2016-01-06,10:49:00,76.7457,77.223,76.7258,77.2056,127132.9300000004,1.0,0.0,0.0
2016-01-06,11:04:00,77.223,77.6208,77.2031,77.611,42885.80000000043,1.0,0.0,0.0
2016-01-06,11:19:00,77.6109,77.6706,77.3722,77.6706,54202.053000000444,1.0,0.0,0.0
2016-01-06,11:34:00,77.6606,77.7203,77.4617,77.5065,46271.41000000043,1.0,0.0,0.0
2016-01-06,11:49:00,77.5313,77.6606,77.3623,77.601,33582.65400000042,1.0,0.0,0.0
2016-01-06,12:04:00,77.601,77.7004,77.4916,77.5114,63625.82800000044,1.0,0.0,0.0
2016-01-06,12:19:00,77.5114,77.5313,77.3026,77.3026,19739.54200000044,1.0,0.0,0.0
2016-01-06,12:34:00,77.3076,77.3076,77.0142,77.0788,71548.41100000043,1.0,0.0,0.0
2016-01-06,12:49:00,77.0739,77.1335,77.0241,77.0639,72592.22000000045,1.0,0.0,0.0
2016-01-06,13:04:00,77.0739,77.1833,77.0391,77.0739,65994.84600000043,1.0,0.0,0.0
2016-01-06,13:20:00,77.0838,77.0938,77.0142,77.0589,44840.57000000043,1.0,0.0,0.0
2016-01-06,13:35:00,77.044,77.1634,77.0142,77.1534,53624.90200000042,1.0,0.0,0.0
2016-01-06,13:50:00,77.1435,77.1733,77.0639,77.1037,46161.850000000435,1.0,0.0,0.0
2016-01-06,14:05:00,77.1112,77.233,77.0639,77.1435,134063.17400000046,1.0,0.0,0.0
2016-01-06,14:20:00,77.1335,77.7004,77.0838,77.5612,141564.39700000046,1.0,0.0,0.0
2016-01-06,14:35:00,77.5711,77.6606,77.41199999999999,77.4269,51699.28400000049,1.0,0.0,0.0
2016-01-06,14:50:00,77.4418,77.4518,76.9744,76.9893,34676.66300000049,1.0,0.0,0.0
2016-01-06,15:05:00,76.9744,77.0838,76.875,76.9645,87705.22000000051,1.0,0.0,0.0
2016-01-06,15:20:00,76.9545,77.0838,76.7457,76.8849,248631.81000000055,1.0,0.0,0.0
2016-01-06,15:35:00,76.8889,77.1634,76.8352,77.1236,101252.7600000005,1.0,0.0,0.0
2016-01-06,15:50:00,77.1335,77.2031,76.9943,77.0639,219211.24000000054,1.0,0.0,0.0
2016-01-07,09:36:00,77.0639,77.1435,75.5821,76.0595,430562.9600000005,1.0,0.0,0.0
2016-01-07,09:51:00,76.1092,76.5866,76.0595,76.4772,78653.45600000056,1.0,0.0,0.0
2016-01-07,10:06:00,76.4573,76.696,76.0595,76.0595,223009.2070000006,1.0,0.0,0.0
2016-01-07,10:21:00,76.0495,76.3379,75.9799,76.2086,67034.6140000006,1.0,0.0,0.0
2016-01-07,10:36:00,76.1888,76.6363,76.1689,76.5269,143066.72000000055,1.0,0.0,0.0
2016-01-07,10:51:00,76.4772,76.6363,76.4274,76.6363,78560.02000000051,1.0,0.0,0.0
2016-01-07,11:06:00,76.6562,76.7954,76.5965,76.7019,47882.28100000053,1.0,0.0,0.0
2016-01-07,11:21:00,76.7407,76.8551,76.6163,76.8153,100347.72000000051,1.0,0.0,0.0
2016-01-07,11:36:00,76.8054,76.8352,76.7158,76.8352,53661.04800000049,1.0,0.0,0.0
2016-01-07,11:51:00,76.8352,76.9645,76.686,76.7556,65826.9900000005,1.0,0.0,0.0
2016-01-07,12:06:00,76.7457,76.7457,76.4572,76.5468,36961.1950000005,1.0,0.0,0.0
2016-01-07,12:21:00,76.5468,76.7855,76.4573,76.5667,71795.78500000051,1.0,0.0,0.0
2016-01-07,12:36:00,76.5667,76.5843,76.4473,76.4473,57631.860000000546,1.0,0.0,0.0
2016-01-07,12:51:00,76.4274,76.4473,76.2086,76.328,64978.23000000054,1.0,0.0,0.0
2016-01-07,13:06:00,76.3379,76.4274,76.2086,76.2683,72913.8620000005,1.0,0.0,0.0
2016-01-07,13:21:00,76.2783,76.2882,75.9899,76.0098,90487.5630000005,1.0,0.0,0.0
2016-01-07,13:36:00,76.0098,76.1788,75.9302,76.0098,83385.48000000052,1.0,0.0,0.0
2016-01-07,13:51:00,76.0197,76.0595,75.7015,75.7015,163583.39000000054,1.0,0.0,0.0
2016-01-07,14:06:00,75.7213,75.8009,75.4926,75.5224,97932.52000000056,1.0,0.0,0.0
2016-01-07,14:21:00,75.5224,75.6418,75.3832,75.5423,81980.76500000057,1.0,0.0,0.0
2016-01-07,14:36:00,75.5324,75.5523,75.1943,75.4628,1401442.3600000006,1.0,0.0,0.0
2016-01-07,14:51:00,75.4429,75.6577,75.3849,75.6219,124815.24000000049,1.0,0.0,0.0
2016-01-07,15:06:00,75.6219,75.6219,75.2937,75.4528,191530.18000000043,1.0,0.0,0.0
2016-01-07,15:21:00,75.4528,75.6318,75.4081,75.4329,191960.54000000033,1.0,0.0,0.0
2016-01-07,15:36:00,75.4429,75.5125,75.2539,75.4926,190461.19000000038,1.0,0.0,0.0
2016-01-07,15:51:00,75.5025,75.5224,75.3907,75.4329,302917.5000000004,1.0,0.0,0.0
2016-01-08,09:36:00,75.4329,75.4528,74.339,74.9059,318942.5410000006,1.0,0.0,0.0
2016-01-08,09:51:00,74.8462,74.876,74.518,74.5777,129317.04000000063,1.0,0.0,0.0
2016-01-08,10:06:00,74.5478,74.5478,73.3735,73.4837,200538.62000000064,1.0,0.0,0.0
2016-01-08,10:21:00,73.4837,73.6926,73.1555,73.3644,183995.67000000065,1.0,0.0,0.0
2016-01-08,10:36:00,73.3743,73.6528,73.2351,73.3246,177583.41000000061,1.0,0.0,0.0
2016-01-08,10:51:00,73.3147,73.3345,72.5588,72.8472,415236.21000000066,1.0,0.0,0.0
2016-01-08,11:06:00,72.8273,73.0859,72.7378,73.0561,137127.90000000055,1.0,0.0,0.0
2016-01-08,11:21:00,73.0461,73.1373,72.5986,72.6633,122522.79000000052,1.0,0.0,0.0
2016-01-08,11:36:00,72.6782,72.7478,72.1809,72.2406,191547.3300000005,1.0,0.0,0.0
2016-01-08,11:51:00,72.2306,72.7478,72.1909,72.3699,138086.37000000055,1.0,0.0,0.0
2016-01-08,12:06:00,72.34,72.7279,72.3102,72.7279,114926.90000000058,1.0,0.0,0.0
2016-01-08,12:21:00,72.7279,73.0461,72.529,72.9791,121755.53000000052,1.0,0.0,0.0
2016-01-08,12:36:00,72.9765,73.2848,72.8373,73.0262,385853.0000000006,1.0,0.0,0.0
2016-01-08,12:51:00,73.0412,73.2152,72.9666,73.1754,148484.4700000006,1.0,0.0,0.0
2016-01-08,13:06:00,73.2053,73.245,73.0312,73.0959,124923.88000000063,1.0,0.0,0.0
2016-01-08,13:21:00,73.1257,73.1456,72.89699999999999,73.0561,121767.53800000063,1.0,0.0,0.0
2016-01-08,13:36:00,73.0262,73.1754,72.8671,73.1456,104600.17000000058,1.0,0.0,0.0
2016-01-08,13:51:00,73.1754,73.245,73.0959,73.1356,88047.16000000051,1.0,0.0,0.0
2016-01-08,14:06:00,73.1356,73.3246,73.066,73.2351,128250.13000000053,1.0,0.0,0.0
2016-01-08,14:21:00,73.2351,73.3843,72.9964,72.9964,167531.06000000052,1.0,0.0,0.0
2016-01-08,14:36:00,73.0163,73.0959,72.8273,72.9775,184280.23000000056,1.0,0.0,0.0
2016-01-08,14:51:00,72.9964,73.2053,72.9666,73.066,136792.1400000006,1.0,0.0,0.0
2016-01-08,15:06:00,73.066,73.1655,72.9765,73.1456,142121.52000000063,1.0,0.0,0.0
2016-01-08,15:21:00,73.1456,73.4738,73.0561,73.3743,150210.94000000064,1.0,0.0,0.0
2016-01-08,15:36:00,73.3544,73.434,73.0064,73.1257,161801.6400000006,1.0,0.0,0.0
2016-01-08,15:51:00,73.1157,73.2848,72.9765,73.0561,285209.20000000077,1.0,0.0,0.0
2016-01-11,09:36:00,73.0461,73.1655,70.3411,70.4604,555449.5100000007,1.0,0.0,0.0
2016-01-11,09:51:00,70.54,70.5698,69.8538,69.9234,331082.4700000007,1.0,0.0,0.0
2016-01-11,10:06:00,69.9234,69.9333,69.7245,69.814,570892.2600000006,1.0,0.0,0.0
2016-01-11,10:21:00,69.8239,70.5499,69.7842,70.1422,338993.9500000009,1.0,0.0,0.0
2016-01-11,10:36:00,70.2019,70.7091,70.1521,70.5599,235041.17000000097,1.0,0.0,0.0
2016-01-11,10:51:00,70.56,70.8483,70.1521,70.1521,203054.53000000102,1.0,0.0,0.0
2016-01-11,11:06:00,70.1322,70.2217,69.988,70.1422,158913.69000000096,1.0,0.0,0.0
2016-01-11,11:21:00,70.1223,70.5201,70.1124,70.4505,172848.4700000009,1.0,0.0,0.0
2016-01-11,11:36:00,70.4405,70.729,70.3709,70.4803,198624.23000000094,1.0,0.0,0.0
2016-01-11,11:51:00,70.4803,70.5102,70.2118,70.3212,177815.66000000102,1.0,0.0,0.0
2016-01-11,12:06:00,70.3411,70.5002,70.1969,70.2118,95023.54000000095,1.0,0.0,0.0
2016-01-11,12:21:00,70.2118,70.2356,69.814,69.8836,88545.88900000099,1.0,0.0,0.0
2016-01-11,12:36:00,69.8737,70.1422,69.635,69.9234,254516.51200000092,1.0,0.0,0.0
2016-01-11,12:51:00,69.9035,69.9135,69.6648,69.8289,142503.68000000092,1.0,0.0,0.0
2016-01-11,13:06:00,69.814,70.0626,69.814,69.8637,131724.45000000097,1.0,0.0,0.0
2016-01-11,13:21:00,69.8558,69.9731,69.814,69.9035,161792.61000000095,1.0,0.0,0.0
2016-01-11,13:36:00,69.9135,70.1521,69.814,69.9135,172195.90000000095,1.0,0.0,0.0
2016-01-11,13:51:00,69.8936,69.9831,69.814,69.8538,109920.44000000095,1.0,0.0,0.0
2016-01-11,14:06:00,69.8637,70.2317,69.8538,70.182,119607.71000000092,1.0,0.0,0.0
2016-01-11,14:21:00,70.1919,70.2914,69.9731,69.9781,154985.15000000093,1.0,0.0,0.0
2016-01-11,14:36:00,69.9831,70.3775,69.9831,70.3311,135445.750000001,1.0,0.0,0.0
2016-01-11,14:51:00,70.3311,70.6096,70.3311,70.4008,133436.73000000103,1.0,0.0,0.0
2016-01-11,15:06:00,70.3809,70.4903,70.1621,70.182,180003.70000000097,1.0,0.0,0.0
2016-01-11,15:21:00,70.182,70.2814,70.1024,70.2814,174662.38000000102,1.0,0.0,0.0
2016-01-11,15:36:00,70.2864,70.6096,70.2814,70.4803,230459.040000001,1.0,0.0,0.0
2016-01-11,15:51:00,70.4803,70.6693,70.1521,70.3809,363586.3000000011,1.0,0.0,0.0
2016-01-12,09:37:00,70.3858,70.5599,70.0925,70.5102,451742.756000001,1.0,0.0,0.0
2016-01-12,09:52:00,70.53,71.4947,70.53,71.3555,190886.580000001,1.0,0.0,0.0
2016-01-12,10:07:00,71.3555,71.3555,70.9776,71.2361,131468.890000001,1.0,0.0,0.0
2016-01-12,10:22:00,71.256,71.4549,71.1168,71.1765,74414.17000000096,1.0,0.0,0.0
2016-01-12,10:37:00,71.1665,71.3455,71.0472,71.1466,68661.54000000095,1.0,0.0,0.0
2016-01-12,10:52:00,71.1367,71.1466,70.6095,70.6792,76265.35000000094,1.0,0.0,0.0
2016-01-12,11:07:00,70.6792,70.7091,70.3312,70.6295,72415.19400000098,1.0,0.0,0.0
2016-01-12,11:22:00,70.6295,70.7091,70.2914,70.351,72805.26000000097,1.0,0.0,0.0
2016-01-12,11:37:00,70.3311,70.4206,69.9433,70.2615,58792.284000000946,1.0,0.0,0.0
2016-01-12,11:52:00,70.2814,70.6693,70.1124,70.6096,57552.41900000095,1.0,0.0,0.0
2016-01-12,12:07:00,70.6066,70.6066,70.1671,70.2217,49737.47000000096,1.0,0.0,0.0
2016-01-12,12:22:00,70.2317,70.3212,70.003,70.0427,54388.09200000096,1.0,0.0,0.0
2016-01-12,12:37:00,70.0427,70.1124,69.7046,69.7643,57402.647000000965,1.0,0.0,0.0
2016-01-12,12:52:00,69.7941,70.0129,69.7146,69.993,46864.69800000095,1.0,0.0,0.0
2016-01-12,13:07:00,69.993,70.1024,69.8836,70.0427,31455.960000000945,1.0,0.0,0.0
2016-01-12,13:22:00,70.0527,70.1422,69.9532,69.9532,32292.56100000095,1.0,0.0,0.0
2016-01-12,13:37:00,69.9731,70.0229,69.8836,70.0129,27628.909000000946,1.0,0.0,0.0
2016-01-12,13:52:00,70.0131,70.2019,69.9731,70.1422,28210.113000000947,1.0,0.0,0.0
2016-01-12,14:07:00,70.1223,70.1571,69.7742,69.8438,41438.870000000934,1.0,0.0,0.0
2016-01-12,14:22:00,69.8538,69.993,69.8041,69.8836,49457.940000000934,1.0,0.0,0.0
2016-01-12,14:37:00,69.8936,70.1671,69.8836,70.1273,49787.760000000926,1.0,0.0,0.0
2016-01-12,14:52:00,70.1422,70.2317,70.0104,70.1124,57522.28000000092,1.0,0.0,0.0
2016-01-12,15:07:00,70.1173,70.2217,69.9532,69.9731,66836.49000000094,1.0,0.0,0.0
2016-01-12,15:22:00,69.9731,70.2715,69.9035,70.2516,80254.28000000094,1.0,0.0,0.0
2016-01-12,15:37:00,70.2615,70.4505,70.1919,70.3509,188131.4800000009,1.0,0.0,0.0
2016-01-12,15:52:00,70.3336,70.5599,70.2317,70.3709,203974.65000000093,1.0,0.0,0.0
2016-01-13,09:37:00,70.3808,70.6693,70.1422,70.53,244271.053000001,1.0,0.0,0.0
2016-01-13,09:52:00,70.535,70.6444,70.4306,70.5798,117392.520000001,1.0,0.0,0.0
2016-01-13,10:08:00,70.5499,70.6711,70.3709,70.4654,100747.910000001,1.0,0.0,0.0
2016-01-13,10:23:00,70.4753,70.54,70.2217,70.2516,48731.950000000994,1.0,0.0,0.0
2016-01-13,10:38:00,70.2417,70.2715,69.9532,70.0626,61252.800000001,1.0,0.0,0.0
2016-01-13,10:53:00,70.0726,70.4107,69.9632,70.3709,46426.30000000101,1.0,0.0,0.0
2016-01-13,11:08:00,70.3809,70.4803,70.1521,70.3111,61788.75800000097,1.0,0.0,0.0
2016-01-13,11:23:00,70.2615,70.3212,70.0328,70.0626,131642.850000001,1.0,0.0,0.0
2016-01-13,11:38:00,70.0626,70.1124,69.8538,70.0925,83539.34000000093,1.0,0.0,0.0
2016-01-13,11:53:00,70.0629,70.1024,69.9234,69.9632,26442.396000000932,1.0,0.0,0.0
2016-01-13,12:08:00,69.9532,70.0726,69.8936,70.0527,53048.720000000925,1.0,0.0,0.0
2016-01-13,12:23:00,70.0527,70.0925,69.8438,70.0229,31191.52000000093,1.0,0.0,0.0
2016-01-13,12:38:00,70.0229,70.0825,69.8836,69.8836,31506.23200000093,1.0,0.0,0.0
2016-01-13,12:53:00,69.8936,69.9135,69.7046,69.7146,37247.80230000093,1.0,0.0,0.0
2016-01-13,13:08:00,69.7245,69.7842,69.6947,69.7643,31369.501000000924,1.0,0.0,0.0
2016-01-13,13:23:00,69.7742,69.8339,69.5753,69.6101,52514.76900000092,1.0,0.0,0.0
2016-01-13,13:38:00,69.6251,69.6947,69.4659,69.5057,86844.47900000094,1.0,0.0,0.0
2016-01-13,13:53:00,69.5057,69.5157,69.2969,69.4162,45811.90700000092,1.0,0.0,0.0
2016-01-13,14:08:00,69.4162,69.4162,69.0681,69.1079,110832.45000000091,1.0,0.0,0.0
2016-01-13,14:23:00,69.1278,69.1576,68.8991,68.9786,82150.71000000092,1.0,0.0,0.0
2016-01-13,14:38:00,68.9886,68.9886,68.5609,68.7797,71207.55000000089,1.0,0.0,0.0
2016-01-13,14:53:00,68.7598,68.7797,68.4714,68.7499,86423.19000000093,1.0,0.0,0.0
2016-01-13,15:08:00,68.7399,68.90899999999999,68.73,68.8692,92056.20000000093,1.0,0.0,0.0
2016-01-13,15:23:00,68.8599,68.8792,68.7002,68.8294,228990.06000000093,1.0,0.0,0.0
2016-01-13,15:38:00,68.8195,69.08800000000001,68.6504,68.7897,222046.86000000092,1.0,0.0,0.0
2016-01-13,15:53:00,68.7897,68.9488,68.5709,68.6604,257679.8900000009,1.0,0.0,0.0
2016-01-14,09:38:00,68.6604,69.098,68.551,68.7698,309616.533000001,1.0,0.0,0.0
2016-01-14,09:53:00,68.7996,69.0482,68.7499,69.0085,139678.090000001,1.0,0.0,0.0
2016-01-14,10:08:00,69.0184,69.0681,68.5709,68.6206,169209.41000000093,1.0,0.0,0.0
2016-01-14,10:23:00,68.6107,68.8891,68.4118,68.8394,134330.54000000088,1.0,0.0,0.0
2016-01-14,10:38:00,68.8792,69.1179,68.8096,69.0582,137616.6700000009,1.0,0.0,0.0
2016-01-14,10:53:00,69.0681,69.1676,68.8593,69.0781,108582.10000000085,1.0,0.0,0.0
2016-01-14,11:08:00,69.0731,69.1775,68.9488,69.0085,92229.1400000008,1.0,0.0,0.0
2016-01-14,11:23:00,68.9985,69.1875,68.9587,69.0134,82452.3600000008,1.0,0.0,0.0
2016-01-14,11:38:00,69.0284,69.0284,68.6315,68.6703,78847.54000000081,1.0,0.0,0.0
2016-01-14,11:53:00,68.6902,68.9687,68.6902,68.8096,70373.92000000081,1.0,0.0,0.0
2016-01-14,12:08:00,68.8394,69.1179,68.8096,69.0482,62438.263000000785,1.0,0.0,0.0
2016-01-14,12:23:00,69.0383,69.0482,68.8195,68.8394,56899.86900000079,1.0,0.0,0.0
2016-01-14,12:38:00,68.8692,68.9985,68.7499,68.8096,108845.5300000008,1.0,0.0,0.0
2016-01-14,12:53:00,68.7897,69.1079,68.7847,68.9587,101924.47000000085,1.0,0.0,0.0
2016-01-14,13:08:00,68.9687,69.0085,68.8493,68.9488,70869.61700000084,1.0,0.0,0.0
2016-01-14,13:23:00,68.9388,69.1079,68.919,69.0284,87738.43000000087,1.0,0.0,0.0
2016-01-14,13:38:00,69.0482,69.0582,68.919,69.0184,79858.11000000083,1.0,0.0,0.0
2016-01-14,13:53:00,69.0085,69.0383,68.8295,68.8991,75283.89900000086,1.0,0.0,0.0
2016-01-14,14:08:00,68.8991,68.919,68.6803,68.7698,92416.14000000084,1.0,0.0,0.0
2016-01-14,14:23:00,68.7598,69.0383,68.6902,68.8991,86568.99000000085,1.0,0.0,0.0
2016-01-14,14:38:00,68.90899999999999,69.0303,68.8792,68.9388,134080.23000000085,1.0,0.0,0.0
2016-01-14,14:53:00,68.9388,69.3366,68.9388,69.2869,83244.6900000008,1.0,0.0,0.0
2016-01-14,15:08:00,69.267,69.3167,69.2074,69.2571,131176.31000000078,1.0,0.0,0.0
2016-01-14,15:23:00,69.2471,69.4261,69.1775,69.3466,117206.48000000081,1.0,0.0,0.0
2016-01-14,15:38:00,69.3714,69.5753,69.0085,69.0085,101186.27000000083,1.0,0.0,0.0
2016-01-14,15:53:00,69.0383,69.098,68.7002,68.7101,219135.87000000084,1.0,0.0,0.0
2016-01-15,09:40:00,68.7002,68.8394,66.6415,67.0493,382336.51450000086,1.0,0.0,0.0
2016-01-15,09:55:00,67.0891,68.0637,66.9598,68.0637,109524.20000000091,1.0,0.0,0.0
2016-01-15,10:10:00,68.014,68.1432,67.5167,68.1234,85745.46000000092,1.0,0.0,0.0
2016-01-15,10:25:00,68.1035,68.3919,67.9046,68.2626,59323.1920000009,1.0,0.0,0.0
2016-01-15,10:40:00,68.2626,68.3421,67.9642,68.1619,105263.76700000092,1.0,0.0,0.0
2016-01-15,10:55:00,68.1619,68.1731,67.9344,67.9443,49049.695000000924,1.0,0.0,0.0
2016-01-15,11:10:00,67.9543,68.0438,67.7156,67.8151,119438.77000000094,1.0,0.0,0.0
2016-01-15,11:25:00,67.8151,68.00399999999999,67.6957,67.8797,54637.437000000915,1.0,0.0,0.0
2016-01-15,11:40:00,67.9145,67.9742,67.7653,67.9245,47673.12700000091,1.0,0.0,0.0
2016-01-15,11:55:00,67.9245,68.0935,67.8648,67.9443,41422.75400000092,1.0,0.0,0.0
2016-01-15,12:10:00,67.9145,67.9941,67.7653,67.8947,40181.95000000092,1.0,0.0,0.0
2016-01-15,12:25:00,67.8946,67.9245,67.5167,67.5316,41212.61200000092,1.0,0.0,0.0
2016-01-15,12:40:00,67.5465,67.6659,67.2581,67.288,66255.35000000091,1.0,0.0,0.0
2016-01-15,12:55:00,67.3079,67.9344,67.2681,67.9344,80010.9780000009,1.0,0.0,0.0
2016-01-15,13:10:00,67.8847,68.0537,67.7554,67.8847,83824.8700000009,1.0,0.0,0.0
2016-01-15,13:25:00,67.9344,68.362,67.9046,68.2725,109369.43000000091,1.0,0.0,0.0
2016-01-15,13:40:00,68.2447,68.3421,68.1731,68.3223,73049.7000000009,1.0,0.0,0.0
2016-01-15,13:55:00,68.3223,68.4665,68.2825,68.3919,97760.5200000009,1.0,0.0,0.0
2016-01-15,14:10:00,68.372,68.551,68.372,68.546,88640.37000000094,1.0,0.0,0.0
2016-01-15,14:25:00,68.546,68.6504,68.4986,68.5152,73887.26000000093,1.0,0.0,0.0
2016-01-15,14:40:00,68.5311,68.6902,68.362,68.6902,64827.43000000093,1.0,0.0,0.0
2016-01-15,14:55:00,68.6902,69.0482,68.6107,68.9985,76950.11000000095,1.0,0.0,0.0
2016-01-15,15:10:00,69.0284,69.6151,69.0284,69.5256,260262.2200000009,1.0,0.0,0.0
2016-01-15,15:25:00,69.5355,69.5455,68.9687,69.267,140613.15000000093,1.0,0.0,0.0
2016-01-15,15:40:00,69.2869,69.3565,69.1179,69.2342,130686.50000000097,1.0,0.0,0.0
2016-01-15,15:55:00,69.2372,69.5256,69.1676,69.4261,236735.73000000103,1.0,0.0,0.0
2016-01-19,09:41:00,69.4162,70.1024,69.2571,69.4261,171257.72900000107,1.0,0.0,0.0
2016-01-19,09:56:00,69.4659,69.4958,68.9488,69.2272,52721.920000001046,1.0,0.0,0.0
2016-01-19,10:11:00,69.2173,69.2571,68.9886,68.9886,39927.534000001055,1.0,0.0,0.0
2016-01-19,10:26:00,69.0184,69.1079,68.8394,68.9587,42853.62800000105,1.0,0.0,0.0
2016-01-19,10:41:00,68.9786,69.0482,68.8096,68.8096,44833.51700000107,1.0,0.0,0.0
2016-01-19,10:56:00,68.8195,68.9587,68.6604,68.7002,31469.031000001058,1.0,0.0,0.0
2016-01-19,11:11:00,68.7002,68.8294,68.5908,68.6007,36814.44400000106,1.0,0.0,0.0
2016-01-19,11:26:00,68.6107,68.72,68.5212,68.72,35130.16000000107,1.0,0.0,0.0
2016-01-19,11:41:00,68.73,69.0731,68.72,68.9587,57823.95000000108,1.0,0.0,0.0
2016-01-19,11:56:00,68.9786,69.0284,68.8594,68.9289,39371.48100000108,1.0,0.0,0.0
2016-01-19,12:11:00,68.90899999999999,68.9289,68.7399,68.7797,35598.720000001085,1.0,0.0,0.0
2016-01-19,12:26:00,68.7797,68.8493,68.6305,68.6556,33522.33600000109,1.0,0.0,0.0
2016-01-19,12:41:00,68.6405,68.9289,68.6405,68.8991,42572.0750000011,1.0,0.0,0.0
2016-01-19,12:56:00,68.904,69.0284,68.7499,69.0085,49137.2290000011,1.0,0.0,0.0
2016-01-19,13:11:00,69.0085,69.0681,68.9388,69.0284,41635.950000001096,1.0,0.0,0.0
2016-01-19,13:26:00,69.0383,69.0482,68.9637,68.9886,49155.268000001095,1.0,0.0,0.0
2016-01-19,13:41:00,68.9786,69.0582,68.9687,69.0184,57738.47700000109,1.0,0.0,0.0
2016-01-19,13:56:00,69.0282,69.0582,68.8493,68.9438,112818.33200000107,1.0,0.0,0.0
2016-01-19,14:11:00,68.9388,69.0333,68.7598,68.7598,51399.63000000109,1.0,0.0,0.0
2016-01-19,14:26:00,68.7499,68.7897,68.551,68.6206,49220.60900000109,1.0,0.0,0.0
2016-01-19,14:41:00,68.6331,68.7399,68.6107,68.7101,42418.237000001085,1.0,0.0,0.0
2016-01-19,14:56:00,68.7101,68.7399,68.3521,68.6161,61677.150000001064,1.0,0.0,0.0
2016-01-19,15:11:00,68.6206,68.7598,68.541,68.6305,72963.18000000107,1.0,0.0,0.0
2016-01-19,15:26:00,68.6405,69.0781,68.6405,69.0721,87195.47000000106,1.0,0.0,0.0
2016-01-19,15:41:00,69.0781,69.1079,68.8294,68.8792,129376.34000000103,1.0,0.0,0.0
2016-01-19,15:56:00,68.8792,69.1676,68.8593,69.0284,203121.8400000011,1.0,0.0,0.0
2016-01-20,09:43:00,69.0284,69.0284,67.7335,67.8548,265063.4930000012,1.0,0.0,0.0
2016-01-20,09:58:00,67.8548,68.0239,67.5863,67.6062,101480.91200000118,1.0,0.0,0.0
2016-01-20,10:13:00,67.6062,67.8449,67.5764,67.5764,47204.58000000118,1.0,0.0,0.0
2016-01-20,10:28:00,67.5764,67.6758,67.1686,67.3277,58565.019000001164,1.0,0.0,0.0
2016-01-20,10:43:00,67.3377,67.4073,66.9399,67.09899999999999,88551.90000000116,1.0,0.0,0.0
2016-01-20,10:58:00,67.094,67.109,66.9001,66.9598,143674.0300000012,1.0,0.0,0.0
2016-01-20,11:13:00,66.9996,67.1487,66.9101,67.1388,58290.510000001224,1.0,0.0,0.0
2016-01-20,11:28:00,67.1388,67.2382,67.0891,67.1686,66707.71000000124,1.0,0.0,0.0
2016-01-20,11:43:00,67.1487,67.5266,67.1289,67.5167,36441.37400000123,1.0,0.0,0.0
2016-01-20,11:58:00,67.5266,67.5266,67.2283,67.3675,43301.10000000124,1.0,0.0,0.0
2016-01-20,12:13:00,67.3755,67.4173,67.109,67.2134,58507.711000001225,1.0,0.0,0.0
2016-01-20,12:28:00,67.1985,67.2581,66.6913,66.7211,71297.04000000125,1.0,0.0,0.0
2016-01-20,12:43:00,66.741,66.8504,66.7112,66.7112,52143.69400000125,1.0,0.0,0.0
2016-01-20,12:58:00,66.7012,66.8007,66.5719,66.7857,77851.11000000125,1.0,0.0,0.0
2016-01-20,13:13:00,66.7808,66.8007,66.4128,66.4501,120095.36000000121,1.0,0.0,0.0
2016-01-20,13:28:00,66.4526,66.6018,66.2736,66.55199999999999,98487.50000000122,1.0,0.0,0.0
2016-01-20,13:43:00,66.5421,66.91,66.5322,66.9001,77993.83000000124,1.0,0.0,0.0
2016-01-20,13:58:00,66.93,67.0692,66.8305,66.8902,83552.39000000122,1.0,0.0,0.0
2016-01-20,14:13:00,66.93,67.1686,66.6515,67.1289,53202.53000000121,1.0,0.0,0.0
2016-01-20,14:28:00,67.109,67.3576,67.0891,67.3377,66787.20000000122,1.0,0.0,0.0
2016-01-20,14:43:00,67.3377,67.4073,67.1587,67.3079,54801.320000001244,1.0,0.0,0.0
2016-01-20,14:58:00,67.3079,67.5266,67.2681,67.4173,87820.86000000124,1.0,0.0,0.0
2016-01-20,15:13:00,67.3974,67.5963,67.2084,67.5068,73960.69000000121,1.0,0.0,0.0
2016-01-20,15:28:00,67.5068,68.193,67.4869,68.1681,92762.13000000123,1.0,0.0,0.0
2016-01-20,15:43:00,68.1532,68.18,67.9245,68.0537,172532.6700000012,1.0,0.0,0.0
2016-01-20,15:58:00,68.0537,68.1035,67.5565,67.6062,336228.7000000012,1.0,0.0,0.0
2016-01-21,09:43:00,67.6161,68.1035,67.3377,67.3377,131340.1910000012,1.0,0.0,0.0
2016-01-21,09:58:00,67.3178,67.3476,66.9996,67.0692,42344.83000000122,1.0,0.0,0.0
2016-01-21,10:13:00,67.0592,67.63600000000001,66.9399,67.5266,61567.52000000122,1.0,0.0,0.0
2016-01-21,10:28:00,67.5068,67.5863,67.0294,67.1885,259179.1300000012,1.0,0.0,0.0
2016-01-21,10:43:00,67.1687,67.6161,67.1487,67.6161,99832.89200000121,1.0,0.0,0.0
2016-01-21,10:58:00,67.6161,67.8349,67.3476,67.3626,67791.75000000127,1.0,0.0,0.0
2016-01-21,11:13:00,67.3476,67.7057,67.2084,67.4869,76138.66000000125,1.0,0.0,0.0
2016-01-21,11:28:00,67.4968,67.5167,67.0493,67.1289,89771.64600000127,1.0,0.0,0.0
2016-01-21,11:43:00,67.109,67.2681,67.0195,67.0195,38630.410000001284,1.0,0.0,0.0
2016-01-21,11:58:00,67.0294,67.4968,66.9697,67.4968,33230.71500000126,1.0,0.0,0.0
2016-01-21,12:13:00,67.4869,67.6161,67.2581,67.2581,78136.64000000128,1.0,0.0,0.0
2016-01-21,12:28:00,67.2581,67.4272,67.2581,67.4073,50681.67200000129,1.0,0.0,0.0
2016-01-21,12:43:00,67.4073,67.4869,67.1686,67.1786,60517.754000001296,1.0,0.0,0.0
2016-01-21,12:58:00,67.1686,67.3476,67.0692,67.3377,73147.29000000129,1.0,0.0,0.0
2016-01-21,13:13:00,67.3377,67.6161,67.2979,67.5068,43666.08100000129,1.0,0.0,0.0
2016-01-21,13:28:00,67.4869,67.4869,66.9101,66.92,56767.11800000129,1.0,0.0,0.0
2016-01-21,13:43:00,66.92,67.1885,66.6316,67.1885,104899.80000000128,1.0,0.0,0.0
2016-01-21,13:58:00,67.1289,67.2283,66.93,67.1587,64607.250000001266,1.0,0.0,0.0
2016-01-21,14:13:00,67.1487,67.2581,66.8504,66.8504,109317.05000000128,1.0,0.0,0.0
2016-01-21,14:28:00,66.8603,66.8902,66.4824,66.8504,178815.21000000133,1.0,0.0,0.0
2016-01-21,14:43:00,66.8703,67.0393,66.8206,66.9797,111281.86000000135,1.0,0.0,0.0
2016-01-21,14:58:00,66.9797,67.3079,66.8802,67.2184,96607.21000000139,1.0,0.0,0.0
2016-01-21,15:13:00,67.2283,67.2581,66.9399,67.2084,105107.9300000014,1.0,0.0,0.0
2016-01-21,15:28:00,67.1985,67.3377,67.0692,67.288,134126.48000000135,1.0,0.0,0.0
2016-01-21,15:43:00,67.2979,67.7852,67.2979,67.7753,140763.0900000014,1.0,0.0,0.0
2016-01-21,15:58:00,67.7454,67.7653,67.3277,67.3277,288755.8300000015,1.0,0.0,0.0
2016-01-22,09:43:00,67.3377,68.541,67.2681,68.3322,351754.4200000015,1.0,0.0,0.0
2016-01-22,09:58:00,68.3421,68.6504,68.3123,68.6455,152221.0100000014,1.0,0.0,0.0
2016-01-22,10:13:00,68.6405,69.1576,68.6206,69.1079,170460.3000000015,1.0,0.0,0.0
2016-01-22,10:28:00,69.1179,69.446,69.0209,69.1974,86618.30000000156,1.0,0.0,0.0
2016-01-22,10:43:00,69.2371,69.2571,68.9886,68.9985,88273.38000000156,1.0,0.0,0.0
2016-01-22,10:58:00,68.9886,69.0085,68.7002,68.8792,95629.84000000154,1.0,0.0,0.0
2016-01-22,11:13:00,68.8891,69.1377,68.7698,69.0781,92248.20000000157,1.0,0.0,0.0
2016-01-22,11:28:00,69.08800000000001,69.3963,69.08800000000001,69.3864,93119.05000000159,1.0,0.0,0.0
2016-01-22,11:43:00,69.3963,69.5157,69.3565,69.4659,77802.79000000158,1.0,0.0,0.0
2016-01-22,11:58:00,69.4659,69.6748,69.456,69.6449,133288.9100000016,1.0,0.0,0.0
2016-01-22,12:13:00,69.635,69.6449,69.4858,69.5256,90240.1700000016,1.0,0.0,0.0
2016-01-22,12:28:00,69.5355,69.6151,69.4162,69.456,66417.18700000158,1.0,0.0,0.0
2016-01-22,12:43:00,69.4411,69.5081,69.2819,69.5057,71991.84000000158,1.0,0.0,0.0
2016-01-22,12:58:00,69.5157,69.5355,69.267,69.3068,47697.26800000155,1.0,0.0,0.0
2016-01-22,13:13:00,69.3167,69.4659,69.2869,69.446,85775.67600000158,1.0,0.0,0.0
2016-01-22,13:28:00,69.446,69.5753,69.4162,69.5057,47181.47000000159,1.0,0.0,0.0
2016-01-22,13:43:00,69.5057,69.5554,69.4063,69.5257,42878.77000000158,1.0,0.0,0.0
2016-01-22,13:58:00,69.5256,69.6648,69.4162,69.6549,68029.0140000016,1.0,0.0,0.0
2016-01-22,14:13:00,69.6549,69.7543,69.6052,69.7444,62111.570000001586,1.0,0.0,0.0
2016-01-22,14:28:00,69.7444,69.8041,69.6549,69.6748,100861.5600000016,1.0,0.0,0.0
2016-01-22,14:43:00,69.6748,69.7643,69.5654,69.7643,86818.3520000016,1.0,0.0,0.0
2016-01-22,14:58:00,69.7543,69.8737,69.7047,69.8041,46762.11000000159,1.0,0.0,0.0
2016-01-22,15:13:00,69.8041,69.8737,69.6698,69.6847,56856.63000000159,1.0,0.0,0.0
2016-01-22,15:28:00,69.6947,69.9731,69.6947,69.9682,73389.5000000016,1.0,0.0,0.0
2016-01-22,15:43:00,69.9632,70.0925,69.8737,69.8836,138948.02000000165,1.0,0.0,0.0
2016-01-22,15:58:00,69.8936,69.9333,69.7643,69.8041,236060.05000000165,1.0,0.0,0.0
2016-01-25,09:43:00,69.7941,69.8438,68.9388,69.4063,181130.98000000152,1.0,0.0,0.0
2016-01-25,09:58:00,69.3963,69.5455,68.7101,68.7101,85063.75000000153,1.0,0.0,0.0
2016-01-25,10:13:00,68.7101,69.1875,68.551,68.9687,89371.39000000153,1.0,0.0,0.0
2016-01-25,10:28:00,68.9886,69.3267,68.8891,69.1477,44126.63000000155,1.0,0.0,0.0
2016-01-25,10:43:00,69.1377,69.1676,68.9587,69.0383,36764.16200000156,1.0,0.0,0.0
2016-01-25,10:58:00,69.0184,69.1248,68.9687,69.1079,32217.14700000156,1.0,0.0,0.0
2016-01-25,11:13:00,69.098,69.1079,68.8792,68.8792,34085.42300000156,1.0,0.0,0.0
2016-01-25,11:28:00,68.8991,69.2173,68.8991,69.2173,36272.43500000157,1.0,0.0,0.0
2016-01-25,11:43:00,69.2173,69.2272,69.0706,69.1179,27139.235000001558,1.0,0.0,0.0
2016-01-25,11:58:00,69.1079,69.1875,68.9289,69.1377,42787.25300000155,1.0,0.0,0.0
2016-01-25,12:13:00,69.1356,69.1576,68.9488,68.9488,38681.700000001554,1.0,0.0,0.0
2016-01-25,12:28:00,68.9587,68.9786,68.90899999999999,68.9587,45405.676000001564,1.0,0.0,0.0
2016-01-25,12:43:00,68.9587,68.9587,68.7996,68.8394,45989.88500000155,1.0,0.0,0.0
2016-01-25,12:58:00,68.8493,68.8593,68.73,68.7449,40177.91600000156,1.0,0.0,0.0
2016-01-25,13:13:00,68.7399,68.8493,68.7101,68.8344,58232.23000000155,1.0,0.0,0.0
2016-01-25,13:28:00,68.8294,68.9488,68.7897,68.9428,24721.931000001554,1.0,0.0,0.0
2016-01-25,13:43:00,68.9587,68.9587,68.7698,68.7747,31987.88600000156,1.0,0.0,0.0
2016-01-25,13:58:00,68.7698,68.8096,68.6902,68.7698,43531.371000001556,1.0,0.0,0.0
2016-01-25,14:13:00,68.7699,68.9339,68.72,68.9339,62302.56000000157,1.0,0.0,0.0
2016-01-25,14:28:00,68.9388,68.9985,68.7946,68.8593,53739.480000001575,1.0,0.0,0.0
2016-01-25,14:43:00,68.8593,68.9687,68.8195,68.8294,39241.775000001566,1.0,0.0,0.0
2016-01-25,14:58:00,68.8394,68.8792,68.7598,68.8593,49742.510000001574,1.0,0.0,0.0
2016-01-25,15:13:00,68.8692,69.0085,68.822,68.8991,62115.53000000159,1.0,0.0,0.0
2016-01-25,15:28:00,68.90899999999999,68.90899999999999,68.6504,68.7996,87840.95000000158,1.0,0.0,0.0
2016-01-25,15:43:00,68.7996,68.7996,68.5709,68.5909,149508.0100000016,1.0,0.0,0.0
2016-01-25,15:58:00,68.6107,68.7101,68.541,68.5709,261563.27000000156,1.0,0.0,0.0
2016-01-26,09:43:00,68.5609,69.7643,68.5013,69.7543,161822.72700000156,1.0,0.0,0.0
2016-01-26,09:58:00,69.7842,70.0626,69.6251,69.7941,129087.78000000154,1.0,0.0,0.0
2016-01-26,10:13:00,69.8239,70.172,69.6151,70.003,125200.38000000155,1.0,0.0,0.0
2016-01-26,10:28:00,70.003,70.3809,69.9135,70.1521,63113.02100000153,1.0,0.0,0.0
2016-01-26,10:43:00,70.1322,70.2814,70.0427,70.0726,54540.890000001535,1.0,0.0,0.0
2016-01-26,10:58:00,70.0825,70.1124,69.814,69.814,52747.030000001534,1.0,0.0,0.0
2016-01-26,11:13:00,69.814,69.9831,69.7229,69.7543,38498.69800000154,1.0,0.0,0.0
2016-01-26,11:28:00,69.7442,69.9532,69.7442,69.9532,53969.760000001545,1.0,0.0,0.0
2016-01-26,11:43:00,69.9632,69.9731,69.8239,69.9433,53361.43000000155,1.0,0.0,0.0
2016-01-26,11:58:00,69.9135,69.9433,69.7544,69.7742,90413.04000000154,1.0,0.0,0.0
2016-01-26,12:13:00,69.7344,69.993,69.7344,69.993,57992.78000000156,1.0,0.0,0.0
2016-01-26,12:28:00,69.993,70.1024,69.8737,70.0229,49889.38400000156,1.0,0.0,0.0
2016-01-26,12:43:00,70.0426,70.2317,70.0426,70.1323,30831.549000001556,1.0,0.0,0.0
2016-01-26,12:58:00,70.1422,70.172,70.0925,70.1422,37761.63400000156,1.0,0.0,0.0
2016-01-26,13:13:00,70.1322,70.1422,69.814,69.814,45538.381000001566,1.0,0.0,0.0
2016-01-26,13:28:00,69.8239,70.0229,69.7543,70.0229,51871.21500000157,1.0,0.0,0.0
2016-01-26,13:43:00,70.0229,70.0925,69.9234,69.9333,48443.36900000156,1.0,0.0,0.0
2016-01-26,13:58:00,69.9333,70.0626,69.8936,69.8936,39921.50900000157,1.0,0.0,0.0
2016-01-26,14:13:00,69.8936,69.9333,69.6748,69.7046,67668.07000000156,1.0,0.0,0.0
2016-01-26,14:28:00,69.7146,69.7543,69.5355,69.5704,105795.71000000156,1.0,0.0,0.0
2016-01-26,14:43:00,69.5654,69.7146,69.5654,69.6648,66170.8420000016,1.0,0.0,0.0
2016-01-26,14:58:00,69.6664,69.6748,69.5795,69.635,79799.75000000162,1.0,0.0,0.0
2016-01-26,15:13:00,69.635,69.7245,69.5555,69.6201,74965.1980000016,1.0,0.0,0.0
2016-01-26,15:28:00,69.6151,69.7941,69.5654,69.6052,91272.87000000163,1.0,0.0,0.0
2016-01-26,15:43:00,69.5952,69.7842,69.5654,69.7245,136169.73000000164,1.0,0.0,0.0
2016-01-26,15:58:00,69.7245,69.7643,69.5753,69.7344,179330.85000000166,1.0,0.0,0.0
2016-01-27,09:43:00,69.7444,69.7842,69.2572,69.7245,102165.7840000017,1.0,0.0,0.0
2016-01-27,09:58:00,69.7344,69.8041,69.5157,69.6052,55442.8500000017,1.0,0.0,0.0
2016-01-27,10:13:00,69.6151,69.7245,69.0383,69.1179,114237.22000000166,1.0,0.0,0.0
2016-01-27,10:28:00,69.098,69.1775,69.0184,69.1228,74446.37000000165,1.0,0.0,0.0
2016-01-27,10:43:00,69.1079,69.1377,69.0184,69.0383,139844.9400000017,1.0,0.0,0.0
2016-01-27,10:58:00,69.0433,69.098,68.6405,68.6405,107524.24000000168,1.0,0.0,0.0
2016-01-27,11:13:00,68.6405,68.6504,68.3919,68.4764,159817.75000000157,1.0,0.0,0.0
2016-01-27,11:28:00,68.4764,68.9488,68.4764,68.9488,243991.56000000157,1.0,0.0,0.0
2016-01-27,11:43:00,68.9425,69.1179,68.90899999999999,68.9587,142036.09000000163,1.0,0.0,0.0
2016-01-27,11:58:00,68.9587,69.1179,68.9587,68.9985,118078.1600000016,1.0,0.0,0.0
2016-01-27,12:13:00,68.9985,69.0582,68.8394,68.9488,157792.68000000168,1.0,0.0,0.0
2016-01-27,12:28:00,68.9488,68.9687,68.7897,68.8195,85546.34000000173,1.0,0.0,0.0
2016-01-27,12:43:00,68.8394,68.8394,68.4913,68.551,139898.28000000172,1.0,0.0,0.0
2016-01-27,12:58:00,68.551,68.551,68.2725,68.4366,180976.16000000172,1.0,0.0,0.0
2016-01-27,13:13:00,68.4515,68.8692,68.4018,68.7698,163143.10000000172,1.0,0.0,0.0
2016-01-27,13:28:00,68.7499,68.8394,68.6305,68.7996,65886.2800000017,1.0,0.0,0.0
2016-01-27,13:43:00,68.8046,69.0781,68.7101,68.8294,81800.79000000171,1.0,0.0,0.0
2016-01-27,13:58:00,68.8096,69.0781,68.6803,68.9687,99477.9500000017,1.0,0.0,0.0
2016-01-27,14:13:00,69.0184,69.0731,68.4316,68.5957,142489.45000000173,1.0,0.0,0.0
2016-01-27,14:28:00,68.5808,68.8394,68.4814,68.7996,117380.45000000173,1.0,0.0,0.0
2016-01-27,14:43:00,68.7698,68.90899999999999,68.5311,68.7002,145407.47000000172,1.0,0.0,0.0
2016-01-27,14:58:00,68.72,68.7698,68.5013,68.5709,68540.86000000179,1.0,0.0,0.0
2016-01-27,15:13:00,68.551,68.5808,68.178,68.2228,123106.98000000177,1.0,0.0,0.0
2016-01-27,15:28:00,68.2327,68.2327,67.8051,67.9046,229394.43000000174,1.0,0.0,0.0
2016-01-27,15:43:00,67.8996,68.183,67.8847,68.0637,384821.0000000017,1.0,0.0,0.0
2016-01-27,15:58:00,68.0836,68.2327,67.6758,67.6858,493914.7000000017,1.0,0.0,0.0
2016-01-28,09:43:00,67.7156,72.8074,67.6659,71.2859,807992.8000000017,1.0,0.0,0.0
2016-01-28,09:58:00,71.2461,71.9572,71.0522,71.9572,482424.66000000166,1.0,0.0,0.0
2016-01-28,10:13:00,71.9522,72.0467,70.9577,71.1069,588258.7000000017,1.0,0.0,0.0
2016-01-28,10:28:00,71.1069,71.1267,65.1697,67.825,1222285.0000000019,1.0,0.0,0.0
2016-01-28,10:43:00,67.8151,69.4958,67.7902,68.6007,451258.41000000207,1.0,0.0,0.0
2016-01-28,10:58:00,68.6107,69.0184,67.9344,68.551,492488.75000000215,1.0,0.0,0.0
2016-01-28,11:13:00,68.5708,69.8438,68.3421,69.5455,210689.43000000223,1.0,0.0,0.0
2016-01-28,11:28:00,69.5654,69.9035,68.919,69.3366,166034.0500000022,1.0,0.0,0.0
2016-01-28,11:43:00,69.3466,69.8538,69.2869,69.7643,91551.34000000216,1.0,0.0,0.0
2016-01-28,11:58:00,69.7643,70.2118,69.7046,69.9532,108926.90000000218,1.0,0.0,0.0
2016-01-28,12:13:00,69.9532,70.8483,69.9334,70.7687,150978.23000000214,1.0,0.0,0.0
2016-01-28,12:28:00,70.7886,71.2859,70.7687,71.0522,128366.7700000022,1.0,0.0,0.0
2016-01-28,12:43:00,70.9875,71.3754,70.719,70.8185,95727.43000000223,1.0,0.0,0.0
2016-01-28,12:58:00,70.7886,71.1665,70.5997,70.7588,123689.14100000219,1.0,0.0,0.0
2016-01-28,13:13:00,70.7687,70.7687,69.9035,69.9831,84821.37000000216,1.0,0.0,0.0
2016-01-28,13:28:00,69.9831,70.4206,69.9433,70.4057,64358.910000002135,1.0,0.0,0.0
2016-01-28,13:43:00,70.4206,70.53,70.0229,70.0726,62614.29000000216,1.0,0.0,0.0
2016-01-28,13:58:00,70.0825,70.2715,69.9333,70.1024,54048.18800000215,1.0,0.0,0.0
2016-01-28,14:13:00,70.0626,70.3112,69.9831,70.0626,91097.95000000215,1.0,0.0,0.0
2016-01-28,14:28:00,70.0825,70.1919,69.9831,70.1521,70418.19000000214,1.0,0.0,0.0
2016-01-28,14:43:00,70.1571,70.4734,69.8637,69.8637,81749.53800000217,1.0,0.0,0.0
2016-01-28,14:58:00,69.8836,69.9135,69.635,69.7742,100806.16000000214,1.0,0.0,0.0
2016-01-28,15:13:00,69.7842,70.0229,69.7439,69.8836,182264.2400000022,1.0,0.0,0.0
2016-01-28,15:28:00,69.8836,70.1074,69.7742,69.9831,155415.44000000216,1.0,0.0,0.0
2016-01-28,15:43:00,69.9831,70.0229,69.7146,69.814,241447.75000000215,1.0,0.0,0.0
2016-01-28,15:58:00,69.814,70.0229,69.7344,69.8538,303488.7800000021,1.0,0.0,0.0
2016-01-29,09:43:00,69.8438,71.0472,69.814,70.5102,155539.23000000196,1.0,0.0,0.0
2016-01-29,09:58:00,70.4803,70.7687,70.4008,70.7588,179827.58000000194,1.0,0.0,0.0
2016-01-29,10:13:00,70.7985,71.1665,70.7389,70.9875,68404.13000000195,1.0,0.0,0.0
2016-01-29,10:28:00,70.9776,71.4151,70.898,71.0273,58940.055000001965,1.0,0.0,0.0
2016-01-29,10:43:00,71.0273,71.4748,71.0174,71.4677,80401.02000000194,1.0,0.0,0.0
2016-01-29,10:58:00,71.4747,71.5842,71.3555,71.4848,68402.11400000195,1.0,0.0,0.0
2016-01-29,11:13:00,71.4549,71.7036,71.4151,71.5544,89237.69000000195,1.0,0.0,0.0
2016-01-29,11:28:00,71.5345,71.6638,71.4201,71.6492,72376.94000000191,1.0,0.0,0.0
2016-01-29,11:43:00,71.6538,71.6538,71.2461,71.3555,68596.13200000193,1.0,0.0,0.0
2016-01-29,11:58:00,71.3555,71.5842,71.2759,71.435,40318.68700000193,1.0,0.0,0.0
2016-01-29,12:13:00,71.3953,71.9223,71.3953,71.8527,105737.51000000192,1.0,0.0,0.0
2016-01-29,12:28:00,71.8527,72.0317,71.803,71.9721,43531.33500000191,1.0,0.0,0.0
2016-01-29,12:43:00,71.982,71.992,71.6936,71.7135,46100.49000000191,1.0,0.0,0.0
2016-01-29,12:58:00,71.7215,71.7234,71.4773,71.5146,40346.862000001915,1.0,0.0,0.0
2016-01-29,13:13:00,71.5245,71.6936,71.4549,71.5743,36350.87600000191,1.0,0.0,0.0
2016-01-29,13:28:00,71.5643,71.7632,71.5047,71.7384,93276.84400000187,1.0,0.0,0.0
2016-01-29,13:43:00,71.7533,71.8328,71.6339,71.7533,64062.22600000189,1.0,0.0,0.0
2016-01-29,13:58:00,71.7533,71.7831,71.5842,71.6141,58220.15900000189,1.0,0.0,0.0
2016-01-29,14:13:00,71.6041,71.6041,71.3356,71.3455,39317.19400000187,1.0,0.0,0.0
2016-01-29,14:28:00,71.3555,71.7334,71.3356,71.702,57537.357000001895,1.0,0.0,0.0
2016-01-29,14:43:00,71.6936,71.8527,71.6638,71.7533,52621.29400000187,1.0,0.0,0.0
2016-01-29,14:58:00,71.7533,71.8428,71.6439,71.7831,76916.91500000189,1.0,0.0,0.0
2016-01-29,15:13:00,71.7632,72.0119,71.7632,71.9422,101006.40000000189,1.0,0.0,0.0
2016-01-29,15:28:00,71.9522,72.1014,71.7831,72.0815,77523.26000000192,1.0,0.0,0.0
2016-01-29,15:43:00,72.0815,72.1312,71.982,72.0914,154324.4800000019,1.0,0.0,0.0
2016-01-29,15:58:00,72.0914,72.2406,72.0218,72.0914,328546.70000000176,1.0,0.0,0.0
2016-02-01,09:43:00,72.1212,72.1312,70.6593,70.8383,248091.76000000167,1.0,0.0,0.0
2016-02-01,09:58:00,70.8185,70.8682,70.182,70.5599,210422.98000000167,1.0,0.0,0.0
2016-02-01,10:13:00,70.6394,70.8383,70.2317,70.6096,225486.64000000164,1.0,0.0,0.0
2016-02-01,10:28:00,70.6295,70.6295,70.2317,70.4405,84004.89000000164,1.0,0.0,0.0
2016-02-01,10:43:00,70.4306,70.5698,70.3212,70.5002,108234.09000000161,1.0,0.0,0.0
2016-02-01,10:58:00,70.54,70.729,70.53,70.6196,96002.86200000162,1.0,0.0,0.0
2016-02-01,11:13:00,70.6096,70.8284,70.5798,70.6295,77970.75000000162,1.0,0.0,0.0
2016-02-01,11:28:00,70.6196,70.8284,70.6196,70.8185,53406.6700000016,1.0,0.0,0.0
2016-02-01,11:43:00,70.8085,70.898,70.6693,70.6792,54171.88000000158,1.0,0.0,0.0
2016-02-01,11:58:00,70.7091,70.7986,70.6444,70.7538,50255.3310000016,1.0,0.0,0.0
2016-02-01,12:13:00,70.729,70.908,70.6196,70.6593,67396.6100000016,1.0,0.0,0.0
2016-02-01,12:28:00,70.6295,70.6892,70.3411,70.3908,52247.29000000161,1.0,0.0,0.0
2016-02-01,12:43:00,70.4008,70.7787,70.3908,70.7388,74728.88000000155,1.0,0.0,0.0
2016-02-01,12:58:00,70.719,70.8781,70.6991,70.8483,92796.26000000154,1.0,0.0,0.0
2016-02-01,13:13:00,70.8582,71.077,70.7687,70.8383,104379.9900000015,1.0,0.0,0.0
2016-02-01,13:28:00,70.8383,71.1069,70.8085,71.0174,55719.3800000015,1.0,0.0,0.0
2016-02-01,13:43:00,71.0074,71.2063,70.9428,71.1765,93667.06000000153,1.0,0.0,0.0
2016-02-01,13:58:00,71.1765,71.2461,71.087,71.1864,82464.43000000155,1.0,0.0,0.0
2016-02-01,14:13:00,71.1864,71.2859,71.1367,71.1466,56799.31000000154,1.0,0.0,0.0
2016-02-01,14:28:00,71.1267,71.2212,71.0472,71.1665,51070.811000001566,1.0,0.0,0.0
2016-02-01,14:43:00,71.1665,71.4052,71.1417,71.3953,58805.34000000156,1.0,0.0,0.0
2016-02-01,14:58:00,71.4011,71.5047,71.3953,71.4947,60262.35000000156,1.0,0.0,0.0
2016-02-01,15:13:00,71.4947,71.5743,71.2461,71.266,84013.92000000163,1.0,0.0,0.0
2016-02-01,15:28:00,71.266,71.5145,71.2461,71.435,98559.91400000158,1.0,0.0,0.0
2016-02-01,15:43:00,71.435,71.6638,71.3853,71.6339,176496.59000000163,1.0,0.0,0.0
2016-02-01,15:58:00,71.6439,71.7433,71.5842,71.6439,307387.1300000017,1.0,0.0,0.0
2016-02-02,09:44:00,71.6439,71.6837,70.3908,70.3908,124712.78000000163,1.0,0.0,0.0
2016-02-02,09:59:00,70.4505,70.5002,70.0328,70.1124,79621.7900000017,1.0,0.0,0.0
2016-02-02,10:14:00,70.1124,70.1919,69.8936,70.0079,58565.01000000172,1.0,0.0,0.0
2016-02-02,10:29:00,69.9731,70.0726,69.8737,70.003,38014.01300000172,1.0,0.0,0.0
2016-02-02,10:44:00,70.0427,70.1422,69.8239,69.8737,55243.75000000172,1.0,0.0,0.0
2016-02-02,10:59:00,69.8438,69.8538,69.4958,69.5007,60853.6110000017,1.0,0.0,0.0
2016-02-02,11:14:00,69.5256,69.5455,69.3764,69.5455,66820.45000000173,1.0,0.0,0.0
2016-02-02,11:29:00,69.5455,69.6449,69.3864,69.5455,72420.27500000174,1.0,0.0,0.0
2016-02-02,11:44:00,69.5355,69.7742,69.5157,69.6549,65406.63200000171,1.0,0.0,0.0
2016-02-02,11:59:00,69.635,69.6499,69.267,69.2969,75096.90400000171,1.0,0.0,0.0
2016-02-02,12:14:00,69.3167,69.4411,69.2074,69.3466,45842.05300000171,1.0,0.0,0.0
2016-02-02,12:29:00,69.3267,69.5455,69.3167,69.5256,25983.879000001718,1.0,0.0,0.0
2016-02-02,12:44:00,69.5256,69.5753,69.4361,69.5455,31864.204000001715,1.0,0.0,0.0
2016-02-02,12:59:00,69.5256,69.5952,69.3366,69.4679,35442.89200000173,1.0,0.0,0.0
2016-02-02,13:14:00,69.4759,69.4958,69.3565,69.3864,47416.7400000017,1.0,0.0,0.0
2016-02-02,13:29:00,69.4162,69.4162,69.1576,69.2571,65607.72800000172,1.0,0.0,0.0
2016-02-02,13:44:00,69.2969,69.3963,69.2571,69.3565,39247.807000001696,1.0,0.0,0.0
2016-02-02,13:59:00,69.3724,69.3863,68.90899999999999,68.9886,85169.29300000165,1.0,0.0,0.0
2016-02-02,14:14:00,68.9886,69.0681,68.7797,69.0284,111586.56000000166,1.0,0.0,0.0
2016-02-02,14:29:00,69.0184,69.1377,68.8195,68.8891,46858.65000000165,1.0,0.0,0.0
2016-02-02,14:44:00,68.8991,69.0085,68.8493,68.9786,57954.67000000166,1.0,0.0,0.0
2016-02-02,14:59:00,68.9786,69.098,68.8294,68.8294,63263.86000000166,1.0,0.0,0.0
2016-02-02,15:14:00,68.8195,68.90899999999999,68.6803,68.7598,121262.80000000165,1.0,0.0,0.0
2016-02-02,15:29:00,68.7598,68.8593,68.6405,68.72,115514.14000000161,1.0,0.0,0.0
2016-02-02,15:44:00,68.73,68.90899999999999,68.6902,68.7101,184711.55000000162,1.0,0.0,0.0
2016-02-02,15:59:00,68.72,68.7598,68.5709,68.5908,334800.87000000157,1.0,0.0,0.0
2016-02-03,09:44:00,69.1576,69.4759,68.919,69.0482,86709.77000000162,1.0,0.0,0.0
2016-02-03,09:59:00,69.0184,69.1179,68.7499,68.7797,49876.26100000162,1.0,0.0,0.0
2016-02-03,10:14:00,68.7797,68.8692,68.4814,68.5609,111523.25000000162,1.0,0.0,0.0
2016-02-03,10:29:00,68.5311,68.8493,68.5311,68.6803,100622.24000000159,1.0,0.0,0.0
2016-02-03,10:44:00,68.6604,68.8096,68.4118,68.73,92890.75000000157,1.0,0.0,0.0
2016-02-03,10:59:00,68.7101,69.2074,68.7101,69.1377,67678.1410000016,1.0,0.0,0.0
2016-02-03,11:14:00,69.1079,69.1079,68.7549,68.9488,51863.17000000158,1.0,0.0,0.0
2016-02-03,11:29:00,68.9687,69.1875,68.8891,69.1179,77725.40000000155,1.0,0.0,0.0
2016-02-03,11:44:00,69.1179,69.277,69.0681,69.1914,100343.77000000159,1.0,0.0,0.0
2016-02-03,11:59:00,69.1974,69.2969,69.0184,69.1576,104042.06000000153,1.0,0.0,0.0
2016-02-03,12:14:00,69.1576,69.267,68.9985,69.0284,77592.62000000161,1.0,0.0,0.0
2016-02-03,12:29:00,69.0383,69.1875,68.9488,68.9786,35221.67400000161,1.0,0.0,0.0
2016-02-03,12:44:00,68.9886,68.9886,68.6405,68.6405,31201.566000001618,1.0,0.0,0.0
2016-02-03,12:59:00,68.6504,68.8096,68.4669,68.5808,221740.21000000153,1.0,0.0,0.0
2016-02-03,13:14:00,68.5709,68.6107,68.3819,68.4018,74261.28000000153,1.0,0.0,0.0
2016-02-03,13:29:00,68.4018,68.4316,68.2825,68.2924,34374.00800000152,1.0,0.0,0.0
2016-02-03,13:44:00,68.3024,68.3123,68.0935,68.2327,31131.19100000153,1.0,0.0,0.0
2016-02-03,13:59:00,68.2327,68.3073,68.0438,68.0736,63109.03000000153,1.0,0.0,0.0
2016-02-03,14:14:00,68.0537,68.2228,68.0537,68.1432,77856.15000000154,1.0,0.0,0.0
2016-02-03,14:29:00,68.1582,68.6902,68.0537,68.6405,95178.41000000158,1.0,0.0,0.0
2016-02-03,14:44:00,68.6206,68.6803,68.3521,68.5013,94989.34000000152,1.0,0.0,0.0
2016-02-03,14:59:00,68.5013,68.6703,68.4814,68.5212,123866.10000000159,1.0,0.0,0.0
2016-02-03,15:14:00,68.5112,68.5808,68.3521,68.4316,113525.21000000155,1.0,0.0,0.0
2016-02-03,15:29:00,68.4316,68.5908,68.3421,68.4316,121725.37000000157,1.0,0.0,0.0
2016-02-03,15:44:00,68.4416,68.6405,68.362,68.5808,141114.94000000157,1.0,0.0,0.0
2016-02-03,15:59:00,68.5709,68.6206,68.4217,68.541,278101.2100000016,1.0,0.0,0.0
2016-02-04,09:44:00,68.7399,69.1179,68.2725,68.5112,110893.80000000156,1.0,0.0,0.0
2016-02-04,09:59:00,68.5212,69.2471,68.5013,69.2272,76864.63900000157,1.0,0.0,0.0
2016-02-04,10:14:00,69.1875,69.7345,69.0383,69.7245,94397.04000000154,1.0,0.0,0.0
2016-02-04,10:29:00,69.7146,70.0427,69.635,69.7146,78143.69000000156,1.0,0.0,0.0
2016-02-04,10:44:00,69.7444,70.2068,69.6549,70.1422,135708.32000000155,1.0,0.0,0.0
2016-02-04,10:59:00,70.1322,70.4903,70.0825,70.3311,152234.04000000152,1.0,0.0,0.0
2016-02-04,11:14:00,70.3112,70.3311,69.5753,69.5753,110782.13000000152,1.0,0.0,0.0
2016-02-04,11:29:00,69.5902,69.6748,69.3018,69.4261,54847.584000001516,1.0,0.0,0.0
2016-02-04,11:44:00,69.4162,69.4659,69.2272,69.2372,34514.78000000151,1.0,0.0,0.0
2016-02-04,11:59:00,69.2541,69.2541,68.9886,68.9886,45664.064000001505,1.0,0.0,0.0
2016-02-04,12:15:00,69.0184,69.3465,68.9886,69.2471,47250.79500000151,1.0,0.0,0.0
2016-02-04,12:30:00,69.2471,69.3267,69.1576,69.2173,33155.31300000152,1.0,0.0,0.0
2016-02-04,12:45:00,69.2372,69.5256,69.1775,69.4257,38738.01300000151,1.0,0.0,0.0
2016-02-04,13:00:00,69.4063,69.4858,69.3565,69.446,42721.909000001506,1.0,0.0,0.0
2016-02-04,13:15:00,69.4261,69.6251,69.4063,69.5256,50942.11000000149,1.0,0.0,0.0
2016-02-04,13:30:00,69.5355,69.6251,69.4659,69.5853,37871.2660000015,1.0,0.0,0.0
2016-02-04,13:46:00,69.5753,69.6648,69.3714,69.3963,36241.27300000151,1.0,0.0,0.0
2016-02-04,14:01:00,69.3665,69.3665,69.2173,69.2173,29904.422000001505,1.0,0.0,0.0
2016-02-04,14:16:00,69.2174,69.267,68.9786,69.0681,39707.350000001505,1.0,0.0,0.0
2016-02-04,14:31:00,69.0582,69.1377,68.919,69.0184,45962.720000001515,1.0,0.0,0.0
2016-02-04,14:46:00,69.0085,69.1079,68.8792,68.9587,37224.6660000015,1.0,0.0,0.0
2016-02-04,15:01:00,68.9687,69.2173,68.9687,69.1278,61142.19200000151,1.0,0.0,0.0
2016-02-04,15:16:00,69.1079,69.3863,69.0284,69.3416,70407.14000000151,1.0,0.0,0.0
2016-02-04,15:31:00,69.3366,69.3864,69.098,69.1477,71440.8300000015,1.0,0.0,0.0
2016-02-04,15:46:00,69.1477,69.2969,69.0284,69.2223,127246.65000000154,1.0,0.0,0.0
2016-02-05,09:31:00,69.2173,69.456,68.9488,69.4062,189289.82000000158,1.0,0.0,0.0
2016-02-05,09:46:00,69.4063,69.5853,69.1576,69.446,48500.6860000016,1.0,0.0,0.0
2016-02-05,10:01:00,69.4361,69.7941,69.3864,69.7742,77578.58000000162,1.0,0.0,0.0
2016-02-05,10:16:00,69.7544,70.0328,69.7543,70.003,63180.400000001595,1.0,0.0,0.0
2016-02-05,10:31:00,69.993,70.0726,69.3466,69.4261,48866.68000000159,1.0,0.0,0.0
2016-02-05,10:46:00,69.4063,69.7046,69.3665,69.6151,54818.45400000159,1.0,0.0,0.0
2016-02-05,11:01:00,69.6052,69.6151,69.3864,69.4858,69383.57000000161,1.0,0.0,0.0
2016-02-05,11:16:00,69.4789,69.4789,69.2272,69.4063,58469.49000000159,1.0,0.0,0.0
2016-02-05,11:31:00,69.4261,69.4361,69.2074,69.4261,57954.66000000158,1.0,0.0,0.0
2016-02-05,11:46:00,69.4162,69.4361,68.7499,68.8493,306521.0900000017,1.0,0.0,0.0
2016-02-05,12:01:00,68.8493,69.2074,68.7897,69.1875,81114.96700000168,1.0,0.0,0.0
2016-02-05,12:16:00,69.1626,69.446,69.1626,69.3167,83737.30900000167,1.0,0.0,0.0
2016-02-05,12:31:00,69.3565,69.7941,69.3366,69.7444,59712.30300000166,1.0,0.0,0.0
2016-02-05,12:46:00,69.7543,69.8836,69.7046,69.8389,68443.35000000164,1.0,0.0,0.0
2016-02-05,13:01:00,69.8438,69.9333,69.5753,69.6847,95972.79000000165,1.0,0.0,0.0
2016-02-05,13:16:00,69.6648,69.7146,69.5355,69.6151,34929.06000000165,1.0,0.0,0.0
2016-02-05,13:31:00,69.635,69.7741,69.5853,69.6748,38256.346000001664,1.0,0.0,0.0
2016-02-05,13:46:00,69.6947,69.7344,69.4261,69.4659,51702.26900000166,1.0,0.0,0.0
2016-02-05,14:01:00,69.446,69.4958,69.2969,69.3665,56897.880000001656,1.0,0.0,0.0
2016-02-05,14:16:00,69.3565,69.4659,69.2869,69.3864,69945.63000000165,1.0,0.0,0.0
2016-02-05,14:31:00,69.3864,70.0229,69.3267,70.0229,233436.5100000017,1.0,0.0,0.0
2016-02-05,14:46:00,70.0229,70.182,70.0129,70.1521,183924.31000000171,1.0,0.0,0.0
2016-02-05,15:01:00,70.1621,70.2118,70.0726,70.1024,119426.61000000167,1.0,0.0,0.0
2016-02-05,15:16:00,70.1024,70.1621,69.9785,70.0825,131872.0900000017,1.0,0.0,0.0
2016-02-05,15:31:00,70.0726,70.4107,70.0726,70.3411,154900.86000000167,1.0,0.0,0.0
2016-02-05,15:46:00,70.3212,70.8881,70.3112,70.8383,398233.7000000017,1.0,0.0,0.0
2016-02-08,09:31:00,70.8483,71.982,70.6096,70.6196,980494.1200000014,1.0,0.0,0.0
2016-02-08,09:46:00,70.6096,70.9278,70.3809,70.4405,100267.28000000137,1.0,0.0,0.0
2016-02-08,10:01:00,70.4206,70.6393,70.0825,70.4008,94050.09000000135,1.0,0.0,0.0
2016-02-08,10:16:00,70.4107,70.4405,69.4162,69.456,68289.53400000137,1.0,0.0,0.0
2016-02-08,10:31:00,69.4261,69.5853,69.2571,69.4162,68712.82000000136,1.0,0.0,0.0
2016-02-08,10:46:00,69.4659,69.6648,69.3267,69.446,84559.95000000136,1.0,0.0,0.0
2016-02-08,11:01:00,69.456,69.5057,68.9786,68.9985,79146.18000000133,1.0,0.0,0.0
2016-02-08,11:16:00,69.0085,69.0482,68.5709,68.5808,68824.43000000133,1.0,0.0,0.0
2016-02-08,11:31:00,68.6007,68.6604,68.3919,68.4068,109628.81700000133,1.0,0.0,0.0
2016-02-08,11:46:00,68.408,68.4217,68.0239,68.0985,73973.71000000133,1.0,0.0,0.0
2016-02-08,12:01:00,68.0935,68.1134,67.6957,67.8847,188890.62000000133,1.0,0.0,0.0
2016-02-08,12:16:00,67.8946,67.9841,67.7454,67.9294,168952.8400000013,1.0,0.0,0.0
2016-02-08,12:31:00,67.9344,67.9941,67.8051,67.9245,60208.01700000129,1.0,0.0,0.0
2016-02-08,12:46:00,67.9046,67.9742,67.8648,67.9245,79870.10000000127,1.0,0.0,0.0
2016-02-08,13:01:00,67.9245,67.9543,67.6261,67.646,50520.800000001276,1.0,0.0,0.0
2016-02-08,13:16:00,67.6261,67.7255,67.3775,67.4968,46145.73700000127,1.0,0.0,0.0
2016-02-08,13:31:00,67.4869,67.4968,67.3178,67.3576,42838.55000000128,1.0,0.0,0.0
2016-02-08,13:46:00,67.3675,67.3974,66.8206,66.8305,116948.1100000013,1.0,0.0,0.0
2016-02-08,14:01:00,66.8007,66.9498,66.5421,66.562,80743.9500000013,1.0,0.0,0.0
2016-02-08,14:16:00,66.562,66.7211,66.5222,66.7211,165157.05000000124,1.0,0.0,0.0
2016-02-08,14:31:00,66.73100000000001,67.1487,66.73100000000001,67.0095,94771.09000000128,1.0,0.0,0.0
2016-02-08,14:46:00,67.0095,67.1686,66.9797,67.0592,207252.67000000126,1.0,0.0,0.0
2016-02-08,15:01:00,67.0543,67.1289,66.9001,67.0493,152726.79000000123,1.0,0.0,0.0
2016-02-08,15:16:00,67.0443,67.646,66.9996,67.6062,148443.18000000124,1.0,0.0,0.0
2016-02-08,15:31:00,67.6062,67.8946,67.5963,67.8946,166255.07000000126,1.0,0.0,0.0
2016-02-08,15:46:00,67.8996,68.4118,67.8648,68.4118,201406.49000000127,1.0,0.0,0.0
2016-02-09,09:31:00,68.4118,68.4217,67.5366,68.0488,414679.3000000012,1.0,0.0,0.0
2016-02-09,09:46:00,68.1333,68.2825,67.6659,68.2825,92582.09000000113,1.0,0.0,0.0
2016-02-09,10:01:00,68.2228,68.3919,68.00399999999999,68.2924,67712.33000000117,1.0,0.0,0.0
2016-02-09,10:16:00,68.3024,68.362,67.7753,67.7753,67499.16000000117,1.0,0.0,0.0
2016-02-09,10:31:00,67.7554,67.9941,67.0592,67.0592,98949.00000000114,1.0,0.0,0.0
2016-02-09,10:46:00,67.0592,67.1686,66.6018,66.7112,126214.98000000122,1.0,0.0,0.0
2016-02-09,11:01:00,66.7211,66.9598,66.5819,66.9399,76312.64000000125,1.0,0.0,0.0
2016-02-09,11:16:00,66.92,67.2581,66.8305,67.0392,52738.97800000123,1.0,0.0,0.0
2016-02-09,11:31:00,67.0145,67.4073,66.9846,67.3377,66894.82000000121,1.0,0.0,0.0
2016-02-09,11:46:00,67.3377,67.4869,66.8703,67.4123,85113.97000000124,1.0,0.0,0.0
2016-02-09,12:01:00,67.4272,67.4272,67.0493,67.1189,38648.52500000123,1.0,0.0,0.0
2016-02-09,12:16:00,67.1487,67.2184,66.9498,67.0791,65652.99000000124,1.0,0.0,0.0
2016-02-09,12:31:00,67.0891,67.288,67.0195,67.0592,48456.42000000125,1.0,0.0,0.0
2016-02-09,12:46:00,67.0592,67.1289,66.741,66.8504,97504.18300000123,1.0,0.0,0.0
2016-02-09,13:01:00,66.8902,67.1189,66.8703,67.0592,44715.90000000125,1.0,0.0,0.0
2016-02-09,13:16:00,67.0592,67.0592,66.562,66.6515,29035.62400000126,1.0,0.0,0.0
2016-02-09,13:31:00,66.6714,66.7012,66.4277,66.6714,46061.272000001256,1.0,0.0,0.0
2016-02-09,13:46:00,66.6614,66.7161,66.4327,66.5322,77537.37700000127,1.0,0.0,0.0
2016-02-09,14:01:00,66.5322,66.8404,66.2935,66.7907,200138.45000000132,1.0,0.0,0.0
2016-02-09,14:16:00,66.7708,67.1885,66.7708,66.9996,103178.36000000128,1.0,0.0,0.0
2016-02-09,14:31:00,66.9946,67.0891,66.9001,67.0891,67545.4000000013,1.0,0.0,0.0
2016-02-09,14:46:00,67.0871,67.5863,67.0791,67.457,56870.700000001314,1.0,0.0,0.0
2016-02-09,15:01:00,67.462,67.7355,67.2979,67.7007,63037.60000000132,1.0,0.0,0.0
2016-02-09,15:16:00,67.7255,68.0637,67.7057,67.9941,95063.74000000131,1.0,0.0,0.0
2016-02-09,15:31:00,67.9941,67.9941,67.5266,67.5465,76515.71000000133,1.0,0.0,0.0
2016-02-09,15:46:00,67.5266,67.8747,67.4769,67.5764,106718.83000000131,1.0,0.0,0.0
2016-02-10,09:35:00,67.5565,68.4316,67.4968,68.3421,196681.48100000128,1.0,0.0,0.0
2016-02-10,09:50:00,68.4217,68.8394,68.3322,68.6007,102464.42000000126,1.0,0.0,0.0
2016-02-10,10:05:00,68.6107,69.2372,68.5609,69.1179,125945.58000000127,1.0,0.0,0.0
2016-02-10,10:20:00,69.1477,69.3963,69.0482,69.2869,77498.11300000126,1.0,0.0,0.0
2016-02-10,10:35:00,69.2969,69.7146,69.2969,69.5753,55149.24100000125,1.0,0.0,0.0
2016-02-10,10:50:00,69.5654,69.5753,69.2173,69.5554,68239.21000000126,1.0,0.0,0.0
2016-02-10,11:05:00,69.5455,69.6052,69.2869,69.5256,93150.19500000124,1.0,0.0,0.0
2016-02-10,11:20:00,69.5256,69.6151,69.277,69.6052,52585.17000000123,1.0,0.0,0.0
2016-02-10,11:35:00,69.6151,69.7643,69.2969,69.4361,55348.35000000122,1.0,0.0,0.0
2016-02-10,11:50:00,69.4658,69.5952,69.3267,69.3764,57835.995000001196,1.0,0.0,0.0
2016-02-10,12:05:00,69.4162,69.7046,69.3864,69.6847,60134.59900000121,1.0,0.0,0.0
2016-02-10,12:20:00,69.6847,69.9532,69.6449,69.7742,59059.68600000123,1.0,0.0,0.0
2016-02-10,12:35:00,69.7941,70.1024,69.7941,70.0229,44602.29100000125,1.0,0.0,0.0
2016-02-10,12:50:00,70.0328,70.182,70.0328,70.1621,34310.675000001225,1.0,0.0,0.0
2016-02-10,13:05:00,70.1621,70.2118,69.9532,70.1223,107231.59200000121,1.0,0.0,0.0
2016-02-10,13:20:00,70.0825,70.53,69.9731,70.53,97772.65000000129,1.0,0.0,0.0
2016-02-10,13:35:00,70.5052,70.5897,70.2814,70.3311,68707.8000000013,1.0,0.0,0.0
2016-02-10,13:50:00,70.3013,70.53,70.2516,70.3908,54228.186000001275,1.0,0.0,0.0
2016-02-10,14:05:00,70.4008,70.53,70.3411,70.4604,85013.45000000126,1.0,0.0,0.0
2016-02-10,14:20:00,70.4405,70.8383,70.361,70.4853,140815.2600000013,1.0,0.0,0.0
2016-02-10,14:35:00,70.4704,70.5002,70.2118,70.2516,44661.56700000132,1.0,0.0,0.0
2016-02-10,14:50:00,70.2814,70.3212,70.0229,70.1223,44215.11500000132,1.0,0.0,0.0
2016-02-10,15:05:00,70.1024,70.4505,70.0825,70.3908,57053.70000000132,1.0,0.0,0.0
2016-02-10,15:20:00,70.4008,70.7389,70.4008,70.6592,209981.44000000134,1.0,0.0,0.0
2016-02-10,15:35:00,70.6394,70.719,70.4107,70.4405,187297.79000000143,1.0,0.0,0.0
2016-02-10,15:50:00,70.4405,70.4604,70.0825,70.361,377341.88000000146,1.0,0.0,0.0
2016-02-11,09:36:00,70.351,70.5002,68.919,69.446,272817.2000000015,1.0,0.0,0.0
2016-02-11,09:51:00,69.4162,69.5455,69.2372,69.4063,190810.1500000015,1.0,0.0,0.0
2016-02-11,10:06:00,69.3864,70.2615,69.3565,70.2416,105460.88000000146,1.0,0.0,0.0
2016-02-11,10:21:00,70.2317,70.2416,69.5355,69.5355,69515.26000000148,1.0,0.0,0.0
2016-02-11,10:36:00,69.5753,69.7842,69.5157,69.7344,68178.8755000015,1.0,0.0,0.0
2016-02-11,10:51:00,69.6947,69.7245,69.4162,69.429,50138.69400000149,1.0,0.0,0.0
2016-02-11,11:06:00,69.4063,69.5554,69.1741,69.4261,56561.020000001474,1.0,0.0,0.0
2016-02-11,11:21:00,69.4016,69.5952,69.1974,69.5704,89236.6590000015,1.0,0.0,0.0
2016-02-11,11:37:00,69.5823,69.6208,69.1974,69.2272,46937.04600000148,1.0,0.0,0.0
2016-02-11,11:52:00,69.2213,69.2869,68.8593,68.9388,34958.220000001456,1.0,0.0,0.0
2016-02-11,12:07:00,68.9687,69.2869,68.9687,69.2272,45632.91500000148,1.0,0.0,0.0
2016-02-11,12:22:00,69.2173,69.2173,68.8294,68.8742,131108.87000000148,1.0,0.0,0.0
2016-02-11,12:38:00,68.8792,69.0184,68.8493,68.9488,34488.637000001516,1.0,0.0,0.0
2016-02-11,12:53:00,68.9388,69.2074,68.8593,69.1875,30860.668000001508,1.0,0.0,0.0
2016-02-11,13:08:00,69.1974,69.3366,69.08800000000001,69.2074,77276.9400000015,1.0,0.0,0.0
2016-02-11,13:23:00,69.1875,69.3167,69.1576,69.2173,28699.80800000147,1.0,0.0,0.0
2016-02-11,13:38:00,69.2177,69.2869,69.0085,69.0284,24769.186000001468,1.0,0.0,0.0
2016-02-11,13:53:00,69.0085,69.0482,68.9388,68.9587,23862.211000001476,1.0,0.0,0.0
2016-02-11,14:08:00,68.9587,69.0582,68.9289,68.9985,36154.79100000148,1.0,0.0,0.0
2016-02-11,14:23:00,69.0284,69.1079,68.8692,68.8792,35571.578000001515,1.0,0.0,0.0
2016-02-11,14:38:00,68.8991,68.9488,68.73,68.90899999999999,45338.25200000151,1.0,0.0,0.0
2016-02-11,14:53:00,68.90899999999999,69.5803,68.8692,69.4858,224318.41000000152,1.0,0.0,0.0
2016-02-11,15:08:00,69.4858,69.5355,68.919,68.919,99926.3900000015,1.0,0.0,0.0
2016-02-11,15:23:00,68.9587,69.0681,68.8294,68.9886,117696.11000000148,1.0,0.0,0.0
2016-02-11,15:38:00,68.9984,69.267,68.8991,69.2471,136088.25000000148,1.0,0.0,0.0
2016-02-11,15:53:00,69.2471,69.3267,69.1576,69.1974,250467.26000000152,1.0,0.0,0.0
2016-02-12,09:39:00,69.2074,69.8538,68.8195,69.3167,241803.36900000143,1.0,0.0,0.0
2016-02-12,09:54:00,69.2869,69.7344,69.2869,69.6648,95210.51000000138,1.0,0.0,0.0
2016-02-12,10:09:00,69.6847,69.7941,69.5157,69.6549,101083.86000000141,1.0,0.0,0.0
2016-02-12,10:24:00,69.6847,70.0527,69.635,69.7344,43195.51100000142,1.0,0.0,0.0
2016-02-12,10:39:00,69.7245,69.7842,69.3565,69.3964,82852.61000000144,1.0,0.0,0.0
2016-02-12,10:54:00,69.3963,69.5853,69.3963,69.5083,37568.56800000146,1.0,0.0,0.0
2016-02-12,11:09:00,69.5157,69.7146,69.456,69.6449,41328.23000000145,1.0,0.0,0.0
2016-02-12,11:24:00,69.6549,70.1223,69.5853,70.1223,51787.74300000144,1.0,0.0,0.0
2016-02-12,11:39:00,70.1124,70.4206,70.0527,70.4205,60921.01000000144,1.0,0.0,0.0
2016-02-12,11:54:00,70.4082,70.5798,70.2814,70.2814,48002.95000000141,1.0,0.0,0.0
2016-02-12,12:09:00,70.2814,70.3013,70.0626,70.0875,24659.58300000141,1.0,0.0,0.0
2016-02-12,12:25:00,70.0726,70.2317,70.0229,70.2317,28172.905000001403,1.0,0.0,0.0
2016-02-12,12:41:00,70.2516,70.351,70.1228,70.2615,56212.069800001416,1.0,0.0,0.0
2016-02-12,12:56:00,70.2665,70.3152,70.1621,70.172,26188.995400001415,1.0,0.0,0.0
2016-02-12,13:11:00,70.1621,70.1621,69.9532,70.1024,25678.18600000141,1.0,0.0,0.0
2016-02-12,13:26:00,70.0925,70.1024,69.8737,69.8737,18952.21910000141,1.0,0.0,0.0
2016-02-12,13:41:00,69.8836,70.0726,69.7941,69.993,34193.01200000142,1.0,0.0,0.0
2016-02-12,13:56:00,69.9831,70.0726,69.9483,69.993,18158.831000001428,1.0,0.0,0.0
2016-02-12,14:11:00,70.0328,70.1124,69.9381,70.1124,30275.470000001435,1.0,0.0,0.0
2016-02-12,14:26:00,70.0925,70.1322,70.0303,70.0726,39533.401000001424,1.0,0.0,0.0
2016-02-12,14:41:00,70.0825,70.1621,69.9135,69.9333,30832.515600001443,1.0,0.0,0.0
2016-02-12,14:56:00,69.9194,70.0825,69.9135,70.0328,42131.65000000146,1.0,0.0,0.0
2016-02-12,15:11:00,70.003,70.0328,69.8995,70.0229,44794.295500001455,1.0,0.0,0.0
2016-02-12,15:26:00,70.0229,70.1422,69.9433,70.1124,53489.12000000145,1.0,0.0,0.0
2016-02-12,15:41:00,70.1223,70.172,69.9134,69.9135,71047.66000000143,1.0,0.0,0.0
2016-02-12,15:56:00,69.9135,70.1521,69.8836,70.1124,163250.85000000143,1.0,0.0,0.0
2016-02-16,09:41:00,70.0974,71.5345,70.0925,71.3008,149128.93620000142,1.0,0.0,0.0
2016-02-16,09:56:00,71.3356,71.813,71.3157,71.6638,75718.30300000143,1.0,0.0,0.0
2016-02-16,10:11:00,71.6538,71.7234,71.5245,71.6041,137638.86000000144,1.0,0.0,0.0
2016-02-16,10:26:00,71.6041,72.0218,71.5544,71.7334,139038.4800000015,1.0,0.0,0.0
2016-02-16,10:42:00,71.7483,72.0019,71.6141,71.8925,66548.90800000148,1.0,0.0,0.0
2016-02-16,10:57:00,71.8925,72.0019,71.6041,71.6737,33744.560000001475,1.0,0.0,0.0
2016-02-16,11:12:00,71.6638,71.8726,71.6041,71.7433,75226.63900000148,1.0,0.0,0.0
2016-02-16,11:27:00,71.7234,72.3301,71.6936,72.3173,130682.54000000149,1.0,0.0,0.0
2016-02-16,11:42:00,72.3077,72.3699,72.2008,72.2406,64361.90000000149,1.0,0.0,0.0
2016-02-16,11:57:00,72.2306,72.4892,72.2207,72.3599,56767.172000001505,1.0,0.0,0.0
2016-02-16,12:12:00,72.34,72.529,72.0317,72.0616,55868.1480000015,1.0,0.0,0.0
2016-02-16,12:27:00,72.0616,72.1014,71.9422,71.9621,28662.61400000152,1.0,0.0,0.0
2016-02-16,12:42:00,71.982,72.0417,71.8229,71.9276,28988.381600001514,1.0,0.0,0.0
2016-02-16,12:57:00,71.9124,71.9422,71.6439,71.9422,72001.95100000153,1.0,0.0,0.0
2016-02-16,13:12:00,71.9422,72.1909,71.9422,72.1312,22726.98100000153,1.0,0.0,0.0
2016-02-16,13:27:00,72.1511,72.2306,72.0218,72.0218,18481.607000001535,1.0,0.0,0.0
2016-02-16,13:42:00,72.0417,72.0815,71.8925,72.0815,25227.720000001533,1.0,0.0,0.0
2016-02-16,13:57:00,72.0715,72.2207,72.0616,72.1076,25682.21400000153,1.0,0.0,0.0
2016-02-16,14:12:00,72.1014,72.2207,72.0815,72.171,46763.15100000153,1.0,0.0,0.0
2016-02-16,14:27:00,72.1909,72.2902,72.1312,72.2108,44366.947500001515,1.0,0.0,0.0
2016-02-16,14:42:00,72.2207,72.3102,72.1014,72.1312,27782.75900000151,1.0,0.0,0.0
2016-02-16,14:57:00,72.1312,72.161,72.0914,72.1312,43554.46900000152,1.0,0.0,0.0
2016-02-16,15:12:00,72.1312,72.171,71.8577,71.9025,52887.80500000151,1.0,0.0,0.0
2016-02-16,15:27:00,71.8925,72.1113,71.8627,72.0815,60638.42600000153,1.0,0.0,0.0
2016-02-16,15:42:00,72.0914,72.1411,71.9621,72.0516,95734.42000000147,1.0,0.0,0.0
2016-02-16,15:57:00,72.0516,72.1511,71.7732,72.1113,173940.25000000143,1.0,0.0,0.0
2016-02-17,09:42:00,72.1163,73.5135,72.0914,73.3345,189532.1300000015,1.0,0.0,0.0
2016-02-17,09:57:00,73.3746,73.4937,73.0909,73.1257,109814.78000000148,1.0,0.0,0.0
2016-02-17,10:12:00,73.1157,73.3246,72.8174,73.0561,79558.40300000148,1.0,0.0,0.0
2016-02-17,10:27:00,73.0561,73.3445,72.8174,73.2948,82231.09100000148,1.0,0.0,0.0
2016-02-17,10:42:00,73.2948,73.4937,73.1953,73.4937,53441.79900000148,1.0,0.0,0.0
2016-02-17,10:57:00,73.4539,73.8517,73.4539,73.8119,91084.83800000144,1.0,0.0,0.0
2016-02-17,11:12:00,73.8417,73.9381,73.4042,73.4539,111994.84000000142,1.0,0.0,0.0
2016-02-17,11:27:00,73.4439,73.7622,73.434,73.6926,59102.96000000144,1.0,0.0,0.0
2016-02-17,11:42:00,73.7323,74.0605,73.6826,73.9412,87721.32600000147,1.0,0.0,0.0
2016-02-17,11:57:00,73.9611,74.1202,73.7622,74.1102,68934.00600000143,1.0,0.0,0.0
2016-02-17,12:12:00,74.1202,74.3092,74.0904,74.18,122147.71300000146,1.0,0.0,0.0
2016-02-17,12:27:00,74.2097,74.4086,74.0904,74.3489,104719.87000000145,1.0,0.0,0.0
2016-02-17,12:42:00,74.3489,74.4981,74.2495,74.334,40332.77800000147,1.0,0.0,0.0
2016-02-17,12:57:00,74.329,74.4384,74.2097,74.2594,44113.54900000147,1.0,0.0,0.0
2016-02-17,13:12:00,74.2594,74.339,74.1799,74.2893,29695.289000001463,1.0,0.0,0.0
2016-02-17,13:27:00,74.2793,74.3688,74.2196,74.3589,21383.577800001465,1.0,0.0,0.0
2016-02-17,13:42:00,74.3688,74.4882,74.2704,74.329,69769.61000000147,1.0,0.0,0.0
2016-02-17,13:57:00,74.3489,74.4683,74.3489,74.4185,47060.75800000145,1.0,0.0,0.0
2016-02-17,14:12:00,74.4185,74.5279,74.339,74.518,62168.83300000146,1.0,0.0,0.0
2016-02-17,14:27:00,74.518,74.7318,74.508,74.5578,73632.78600000143,1.0,0.0,0.0
2016-02-17,14:42:00,74.5578,74.5578,74.2893,74.2893,37925.52200000143,1.0,0.0,0.0
2016-02-17,14:57:00,74.2793,74.4086,74.1252,74.2694,45838.04000000143,1.0,0.0,0.0
2016-02-17,15:12:00,74.2495,74.5279,74.2296,74.4285,59347.294000001406,1.0,0.0,0.0
2016-02-17,15:27:00,74.4384,74.5755,74.329,74.5755,104456.33000000141,1.0,0.0,0.0
2016-02-17,15:42:00,74.518,74.6174,74.3887,74.5478,120254.2300000015,1.0,0.0,0.0
2016-02-17,15:57:00,74.5379,74.6672,74.518,74.5528,436464.9600000015,1.0,0.0,0.0
2016-02-18,09:42:00,74.5478,74.8512,73.7822,74.1898,143190.33900000146,1.0,0.0,0.0
2016-02-18,09:57:00,74.1898,74.2644,73.8616,74.1003,44077.34600000146,1.0,0.0,0.0
2016-02-18,10:12:00,74.0804,74.15,74.0207,74.0605,67562.47200000148,1.0,0.0,0.0
2016-02-18,10:27:00,74.0804,74.15,74.0207,74.0804,60204.0210000015,1.0,0.0,0.0
2016-02-18,10:42:00,74.0506,74.0904,73.9014,73.9213,31355.41300000152,1.0,0.0,0.0
2016-02-18,10:57:00,73.9213,74.2296,73.8417,74.0705,35096.95800000153,1.0,0.0,0.0
2016-02-18,11:12:00,74.0804,74.0904,73.8318,73.9113,77210.63500000151,1.0,0.0,0.0
2016-02-18,11:27:00,73.9412,74.0108,73.8417,73.8716,34845.57210000151,1.0,0.0,0.0
2016-02-18,11:42:00,73.8666,74.0108,73.7423,73.7622,47359.40000000151,1.0,0.0,0.0
2016-02-18,11:58:00,73.7622,74.0108,73.6727,73.8915,41682.19800000151,1.0,0.0,0.0
2016-02-18,12:13:00,73.9014,74.2296,73.9014,74.2296,27307.14600000151,1.0,0.0,0.0
2016-02-18,12:28:00,74.2296,74.2495,74.0705,74.1003,46776.21400000154,1.0,0.0,0.0
2016-02-18,12:43:00,74.1003,74.13,74.0705,74.1102,18054.277000001537,1.0,0.0,0.0
2016-02-18,12:59:00,74.0953,74.1699,74.0705,74.0705,25825.005000001533,1.0,0.0,0.0
2016-02-18,13:14:00,74.0705,74.15,74.0307,74.1003,46386.01300000154,1.0,0.0,0.0
2016-02-18,13:29:00,74.1003,74.1451,74.0516,74.1003,22707.87200000153,1.0,0.0,0.0
2016-02-18,13:44:00,74.1102,74.1301,73.971,74.0108,28152.81000000153,1.0,0.0,0.0
2016-02-18,13:59:00,73.9909,74.0307,73.80199999999999,73.8417,47395.547000001534,1.0,0.0,0.0
2016-02-18,14:14:00,73.8318,74.15,73.8119,74.0904,47119.064000001534,1.0,0.0,0.0
2016-02-18,14:29:00,74.1003,74.1898,73.98100000000001,74.0207,53967.725000001534,1.0,0.0,0.0
2016-02-18,14:44:00,74.0307,74.3092,74.0108,74.1102,63960.73400000154,1.0,0.0,0.0
2016-02-18,15:00:00,74.1401,74.2694,74.1301,74.2594,38154.79000000155,1.0,0.0,0.0
2016-02-18,15:15:00,74.2498,74.2893,74.0406,74.0605,99220.59000000157,1.0,0.0,0.0
2016-02-18,15:30:00,74.0506,74.2594,74.0307,74.2196,102302.54000000158,1.0,0.0,0.0
2016-02-18,15:45:00,74.2196,74.2196,74.0207,74.1102,127178.33000000157,1.0,0.0,0.0
2016-02-19,09:30:00,74.1003,74.2992,73.7622,73.7721,271324.8470000015,1.0,0.0,0.0
2016-02-19,09:45:00,73.7622,74.0605,73.3345,73.98100000000001,122850.5155000016,1.0,0.0,0.0
2016-02-19,10:00:00,73.9412,74.2992,73.7323,73.7323,35567.58760000159,1.0,0.0,0.0
2016-02-19,10:16:00,73.7105,74.0804,73.6826,74.0804,67667.07500000158,1.0,0.0,0.0
2016-02-19,10:31:00,74.0904,74.3092,74.0009,74.2296,36144.7071000016,1.0,0.0,0.0
2016-02-19,10:47:00,74.2296,74.3887,74.0804,74.16,79258.7740000016,1.0,0.0,0.0
2016-02-19,11:02:00,74.1699,74.2196,73.98100000000001,74.1003,56926.01300000161,1.0,0.0,0.0
2016-02-19,11:17:00,74.1003,74.1649,73.9909,74.1301,32001.95100000161,1.0,0.0,0.0
2016-02-19,11:32:00,74.1301,74.4782,74.1003,74.4384,29903.426000001607,1.0,0.0,0.0
2016-02-19,11:47:00,74.4185,74.4882,74.3191,74.3191,26905.928600001607,1.0,0.0,0.0
2016-02-19,12:02:00,74.3191,74.3489,74.2097,74.2395,34412.21100000161,1.0,0.0,0.0
2016-02-19,12:17:00,74.1998,74.329,74.1998,74.329,19940.645500001596,1.0,0.0,0.0
2016-02-19,12:32:00,74.3092,74.329,74.2296,74.3092,24443.4090000016,1.0,0.0,0.0
2016-02-19,12:47:00,74.2992,74.5578,74.2893,74.4981,34292.55300000159,1.0,0.0,0.0
2016-02-19,13:02:00,74.5379,74.5876,74.4782,74.4981,25534.410000001597,1.0,0.0,0.0
2016-02-19,13:17:00,74.4882,74.5578,74.2893,74.3191,21440.903000001596,1.0,0.0,0.0
2016-02-19,13:33:00,74.329,74.5677,74.3191,74.5677,24596.231000001593,1.0,0.0,0.0
2016-02-19,13:48:00,74.5677,74.5876,74.3589,74.4185,16142.764000001593,1.0,0.0,0.0
2016-02-19,14:03:00,74.4086,74.4982,74.3987,74.4384,36818.4540000016,1.0,0.0,0.0
2016-02-19,14:18:00,74.4384,74.518,74.4086,74.4484,25876.292000001584,1.0,0.0,0.0
2016-02-19,14:33:00,74.4384,74.4981,74.4185,74.4485,28132.692000001585,1.0,0.0,0.0
2016-02-19,14:48:00,74.4484,74.4683,74.4086,74.4583,54520.771000001594,1.0,0.0,0.0
2016-02-19,15:03:00,74.4583,74.4683,74.4185,74.4683,46894.85000000159,1.0,0.0,0.0
2016-02-19,15:18:00,74.4782,74.5279,74.4086,74.4086,50293.530000001585,1.0,0.0,0.0
2016-02-19,15:33:00,74.4185,74.4583,74.3788,74.3887,38414.240000001584,1.0,0.0,0.0
2016-02-19,15:48:00,74.3887,74.508,74.3788,74.4484,80230.17000000157,1.0,0.0,0.0
2016-02-22,09:33:00,74.4285,75.0451,74.3688,74.5677,139350.19100000153,1.0,0.0,0.0
2016-02-22,09:48:00,74.5677,74.6373,74.0705,74.2712,94028.10000000162,1.0,0.0,0.0
2016-02-22,10:03:00,74.2495,74.9257,74.1998,74.707,107189.46000000162,1.0,0.0,0.0
2016-02-22,10:18:00,74.707,74.7368,74.2395,74.4285,51926.52000000163,1.0,0.0,0.0
2016-02-22,10:33:00,74.4384,74.4981,73.9909,74.0406,54003.9060000016,1.0,0.0,0.0
2016-02-22,10:48:00,74.0605,74.16,73.4738,73.5633,131801.70000000158,1.0,0.0,0.0
2016-02-22,11:03:00,73.5484,73.5732,73.3544,73.3843,67967.72000000154,1.0,0.0,0.0
2016-02-22,11:18:00,73.4141,73.5732,73.3246,73.5633,106712.76400000152,1.0,0.0,0.0
2016-02-22,11:33:00,73.5732,73.6826,73.3544,73.4738,66216.10400000156,1.0,0.0,0.0
2016-02-22,11:48:00,73.4937,73.5135,73.1456,73.1854,32317.696000001568,1.0,0.0,0.0
2016-02-22,12:03:00,73.1854,73.2282,73.0461,73.1058,38968.26500000155,1.0,0.0,0.0
2016-02-22,12:18:00,73.1058,73.1555,72.9168,72.9765,36447.40200000155,1.0,0.0,0.0
2016-02-22,12:33:00,72.9765,72.9964,72.8775,72.9467,52500.67500000154,1.0,0.0,0.0
2016-02-22,12:48:00,72.9566,73.2749,72.9467,73.2749,89377.43500000154,1.0,0.0,0.0
2016-02-22,13:03:00,73.2251,73.2251,72.9566,73.0163,62783.229000001535,1.0,0.0,0.0
2016-02-22,13:18:00,73.0262,73.1356,72.9566,73.1059,45943.62300000158,1.0,0.0,0.0
2016-02-22,13:33:00,73.1058,73.245,73.0561,73.066,30429.31300000158,1.0,0.0,0.0
2016-02-22,13:48:00,73.066,73.0959,72.9964,72.9964,66529.8510000016,1.0,0.0,0.0
2016-02-22,14:03:00,72.9964,73.1356,72.9616,73.1356,54558.99500000157,1.0,0.0,0.0
2016-02-22,14:18:00,73.1356,73.1754,72.9765,73.0064,73354.33000000152,1.0,0.0,0.0
2016-02-22,14:33:00,72.9964,73.3246,72.9566,73.0461,89550.46000000153,1.0,0.0,0.0
2016-02-22,14:48:00,73.0561,73.1157,72.9467,72.9666,85363.36000000154,1.0,0.0,0.0
2016-02-22,15:03:00,72.9666,73.1356,72.9666,73.0412,86588.09000000152,1.0,0.0,0.0
2016-02-22,15:18:00,73.0362,73.2152,72.9865,73.2152,106830.39000000153,1.0,0.0,0.0
2016-02-22,15:33:00,73.2251,73.5334,73.1854,73.4638,126189.97000000151,1.0,0.0,0.0
2016-02-22,15:48:00,73.4737,73.6528,73.42399999999999,73.439,160753.79000000152,1.0,0.0,0.0
2016-02-23,09:33:00,73.4431,73.613,72.5986,72.8472,259773.25000000143,1.0,0.0,0.0
2016-02-23,09:48:00,72.7559,73.1555,72.4992,72.703,79873.23000000152,1.0,0.0,0.0
2016-02-23,10:03:00,72.7378,73.0858,72.4295,72.8273,59520.26800000154,1.0,0.0,0.0
2016-02-23,10:18:00,72.8373,72.887,72.3003,72.4693,72966.2600000015,1.0,0.0,0.0
2016-02-23,10:33:00,72.4494,72.4693,72.2605,72.34,70787.2600000015,1.0,0.0,0.0
2016-02-23,10:48:00,72.35,72.9765,72.35,72.8472,119611.75000000151,1.0,0.0,0.0
2016-02-23,11:03:00,72.8273,72.9069,72.6384,72.7975,74690.73700000149,1.0,0.0,0.0
2016-02-23,11:18:00,72.8074,72.9069,72.6284,72.8074,54352.86000000151,1.0,0.0,0.0
2016-02-23,11:33:00,72.8174,72.8373,72.3599,72.4594,96033.12000000148,1.0,0.0,0.0
2016-02-23,11:48:00,72.4594,72.892,72.4097,72.7776,68314.66600000148,1.0,0.0,0.0
2016-02-23,12:03:00,72.7677,72.7876,72.6086,72.7378,32372.00000000145,1.0,0.0,0.0
2016-02-23,12:18:00,72.7204,72.8472,72.6981,72.7975,24174.916000001453,1.0,0.0,0.0
2016-02-23,12:33:00,72.7876,72.8671,72.7577,72.8174,33025.586000001465,1.0,0.0,0.0
2016-02-23,12:48:00,72.7975,72.8671,72.6782,72.6782,28406.199000001456,1.0,0.0,0.0
2016-02-23,13:03:00,72.6881,72.7378,72.5787,72.6782,31573.610000001452,1.0,0.0,0.0
2016-02-23,13:18:00,72.6782,72.6782,72.4693,72.529,27773.707000001446,1.0,0.0,0.0
2016-02-23,13:33:00,72.51899999999999,72.6782,72.4295,72.5887,39067.826000001456,1.0,0.0,0.0
2016-02-23,13:48:00,72.5887,72.6185,72.4693,72.4992,36455.44800000145,1.0,0.0,0.0
2016-02-23,14:03:00,72.4992,72.5887,72.3898,72.4793,26493.67900000145,1.0,0.0,0.0
2016-02-23,14:18:00,72.4693,72.6086,72.4593,72.5787,37907.45050000143,1.0,0.0,0.0
2016-02-23,14:33:00,72.5986,72.6881,72.5389,72.5787,29593.71700000143,1.0,0.0,0.0
2016-02-23,14:48:00,72.5787,72.6284,72.3997,72.5041,104434.15200000144,1.0,0.0,0.0
2016-02-23,15:03:00,72.5166,72.6583,72.4097,72.4892,54132.66000000143,1.0,0.0,0.0
2016-02-23,15:18:00,72.4892,72.5588,72.4295,72.4594,65255.79000000142,1.0,0.0,0.0
2016-02-23,15:33:00,72.4693,72.5539,72.4196,72.4892,68300.54000000139,1.0,0.0,0.0
2016-02-23,15:48:00,72.4992,72.7179,72.4793,72.4992,124895.73000000141,1.0,0.0,0.0
2016-02-24,09:34:00,72.51899999999999,72.5986,71.6041,71.8527,145705.18200000137,1.0,0.0,0.0
2016-02-24,09:49:00,71.7234,71.7384,71.0174,71.1964,90811.2800000014,1.0,0.0,0.0
2016-02-24,10:04:00,71.1864,71.2013,70.4306,70.4604,107448.80000000137,1.0,0.0,0.0
2016-02-24,10:19:00,70.4604,70.6394,70.361,70.5997,106286.49000000136,1.0,0.0,0.0
2016-02-24,10:34:00,70.5997,70.7886,70.3311,70.6394,81583.58000000134,1.0,0.0,0.0
2016-02-24,10:49:00,70.6693,71.0074,70.5997,70.8781,47198.53000000135,1.0,0.0,0.0
2016-02-24,11:04:00,70.9179,71.1864,70.729,71.1665,99472.96000000135,1.0,0.0,0.0
2016-02-24,11:19:00,71.1864,71.4151,71.0571,71.0571,39195.52300000136,1.0,0.0,0.0
2016-02-24,11:34:00,71.087,71.1168,70.8682,70.8682,39902.410000001386,1.0,0.0,0.0
2016-02-24,11:49:00,70.8781,71.2063,70.8582,71.1964,35359.420000001395,1.0,0.0,0.0
2016-02-24,12:04:00,71.1964,71.3058,71.1964,71.256,35141.219000001394,1.0,0.0,0.0
2016-02-24,12:19:00,71.2759,71.5942,71.2759,71.5743,82676.57500000142,1.0,0.0,0.0
2016-02-24,12:34:00,71.5544,71.7234,71.5346,71.6439,45359.43600000141,1.0,0.0,0.0
2016-02-24,12:49:00,71.6439,71.7234,71.5295,71.7135,22290.573000001415,1.0,0.0,0.0
2016-02-24,13:04:00,71.7135,71.9273,71.6837,71.9174,29168.384000001424,1.0,0.0,0.0
2016-02-24,13:19:00,71.9323,72.1411,71.6041,71.6141,66271.38400000146,1.0,0.0,0.0
2016-02-24,13:34:00,71.6041,71.6638,71.5146,71.5245,28343.833000001465,1.0,0.0,0.0
2016-02-24,13:49:00,71.5146,71.5842,71.435,71.5444,43624.93700000147,1.0,0.0,0.0
2016-02-24,14:04:00,71.5544,71.6339,71.5245,71.6041,21398.66600000146,1.0,0.0,0.0
2016-02-24,14:19:00,71.6141,72.0019,71.6041,71.8826,29049.73000000145,1.0,0.0,0.0
2016-02-24,14:34:00,71.8826,72.0019,71.8229,71.9522,36584.16000000145,1.0,0.0,0.0
2016-02-24,14:49:00,71.9323,72.0317,71.8826,72.0119,45825.97300000145,1.0,0.0,0.0
2016-02-24,15:04:00,72.0119,72.161,72.0019,72.1113,40458.46300000146,1.0,0.0,0.0
2016-02-24,15:19:00,72.1212,72.6185,72.1212,72.6185,70755.03000000147,1.0,0.0,0.0
2016-02-24,15:34:00,72.6185,72.6284,72.281,72.2903,65425.74000000147,1.0,0.0,0.0
2016-02-24,15:49:00,72.3003,72.4196,72.2008,72.3102,124346.66000000152,1.0,0.0,0.0
2016-02-25,09:34:00,72.3102,72.9666,72.2207,72.7478,217434.60000000152,1.0,0.0,0.0
2016-02-25,09:49:00,72.7179,72.8572,71.8329,71.8329,52766.130000001496,1.0,0.0,0.0
2016-02-25,10:05:00,71.8528,71.9223,71.3953,71.445,63452.89000000148,1.0,0.0,0.0
2016-02-25,10:20:00,71.4649,71.8527,71.1665,71.8328,132629.18000000154,1.0,0.0,0.0
2016-02-25,10:36:00,71.8229,71.8328,71.4748,71.5643,45982.82700000151,1.0,0.0,0.0
2016-02-25,10:51:00,71.6041,72.1212,71.5047,72.0616,104773.98000000151,1.0,0.0,0.0
2016-02-25,11:06:00,72.0914,72.1312,71.7533,71.7533,44188.97500000153,1.0,0.0,0.0
2016-02-25,11:21:00,71.7732,71.8627,71.5245,71.5643,53973.7800000015,1.0,0.0,0.0
2016-02-25,11:36:00,71.5643,71.8527,71.5444,71.8428,54282.48750000153,1.0,0.0,0.0
2016-02-25,11:51:00,71.8627,72.0357,71.7732,72.0119,30138.711100001514,1.0,0.0,0.0
2016-02-25,12:06:00,72.0119,72.2206,71.9323,72.171,25783.766000001513,1.0,0.0,0.0
2016-02-25,12:21:00,72.2207,72.2406,72.0516,72.0815,31957.715800001515,1.0,0.0,0.0
2016-02-25,12:36:00,72.0815,72.1411,72.0417,72.1212,23468.05000000151,1.0,0.0,0.0
2016-02-25,12:51:00,72.1212,72.171,72.0019,72.0218,42130.69100000151,1.0,0.0,0.0
2016-02-25,13:06:00,72.033,72.2903,72.0119,72.2505,41846.09100000152,1.0,0.0,0.0
2016-02-25,13:22:00,72.2605,72.3102,72.171,72.171,36566.07800000153,1.0,0.0,0.0
2016-02-25,13:37:00,72.1809,72.34,72.1809,72.2605,31968.777000001533,1.0,0.0,0.0
2016-02-25,13:52:00,72.2704,72.509,72.2605,72.3699,35130.169000001515,1.0,0.0,0.0
2016-02-25,14:07:00,72.3798,72.4097,72.2406,72.4097,47645.98000000151,1.0,0.0,0.0
2016-02-25,14:22:00,72.3798,72.6086,72.3699,72.5091,47726.42300000152,1.0,0.0,0.0
2016-02-25,14:37:00,72.5091,72.6185,72.5091,72.51899999999999,43052.73510000152,1.0,0.0,0.0
2016-02-25,14:52:00,72.5091,72.6384,72.4594,72.4793,38626.39400000152,1.0,0.0,0.0
2016-02-25,15:07:00,72.4693,72.6086,72.4097,72.5688,70856.59000000154,1.0,0.0,0.0
2016-02-25,15:22:00,72.5787,72.6682,72.529,72.6434,52424.25000000152,1.0,0.0,0.0
2016-02-25,15:37:00,72.6384,72.7975,72.5787,72.7776,84323.62000000152,1.0,0.0,0.0
2016-02-25,15:52:00,72.7826,72.9865,72.7428,72.9168,126401.08000000154,1.0,0.0,0.0
2016-02-26,09:38:00,72.9268,73.80199999999999,72.8671,73.6627,135675.98000000155,1.0,0.0,0.0
2016-02-26,09:53:00,73.7174,73.7174,73.3445,73.6727,41909.450000001525,1.0,0.0,0.0
2016-02-26,10:08:00,73.6826,73.9909,73.6229,73.6229,20504.739000001526,1.0,0.0,0.0
2016-02-26,10:23:00,73.6279,73.6428,73.0959,73.1953,25055.76300000152,1.0,0.0,0.0
2016-02-26,10:40:00,73.1854,73.3445,73.0262,73.3246,29198.554000001517,1.0,0.0,0.0
2016-02-26,10:55:00,73.3147,73.6219,73.3052,73.5145,33066.81100000151,1.0,0.0,0.0
2016-02-26,11:10:00,73.5334,73.8815,73.4539,73.6627,45085.90100000151,1.0,0.0,0.0
2016-02-26,11:25:00,73.6627,73.6826,73.3644,73.4141,32399.144000001525,1.0,0.0,0.0
2016-02-26,11:40:00,73.4141,73.42399999999999,73.1456,73.255,31945.665000001518,1.0,0.0,0.0
2016-02-26,11:55:00,73.245,73.255,73.0461,73.1552,29642.983000001528,1.0,0.0,0.0
2016-02-26,12:10:00,73.1555,73.255,72.9964,73.0262,29592.714000001524,1.0,0.0,0.0
2016-02-26,12:25:00,73.0262,73.1148,72.8671,72.9765,38148.74900000151,1.0,0.0,0.0
2016-02-26,12:40:00,72.9666,73.0064,72.8671,72.9367,27393.624000001517,1.0,0.0,0.0
2016-02-26,12:55:00,72.9367,73.0213,72.7677,72.9367,62253.32500000152,1.0,0.0,0.0
2016-02-26,13:10:00,72.9367,72.9566,72.8373,72.887,36079.39600000153,1.0,0.0,0.0
2016-02-26,13:25:00,72.8472,72.9168,72.7378,72.7677,43849.05400000153,1.0,0.0,0.0
2016-02-26,13:40:00,72.7378,72.7975,72.6483,72.6583,22861.69700000154,1.0,0.0,0.0
2016-02-26,13:55:00,72.6782,72.708,72.4395,72.51899999999999,28132.68200000154,1.0,0.0,0.0
2016-02-26,14:10:00,72.5091,72.5588,72.3699,72.3898,47772.67700000154,1.0,0.0,0.0
2016-02-26,14:25:00,72.3899,72.4892,72.3599,72.4295,26629.42400000155,1.0,0.0,0.0
2016-02-26,14:40:00,72.4097,72.5787,72.4097,72.4793,54768.113000001555,1.0,0.0,0.0
2016-02-26,14:55:00,72.4892,72.7876,72.4892,72.7876,39140.222000001544,1.0,0.0,0.0
2016-02-26,15:10:00,72.7876,72.9367,72.6981,72.8721,38023.074000001536,1.0,0.0,0.0
2016-02-26,15:25:00,72.8671,72.8771,72.7776,72.8074,61189.44000000154,1.0,0.0,0.0
2016-02-26,15:40:00,72.8074,72.89699999999999,72.6583,72.703,105994.78000000154,1.0,0.0,0.0
2016-02-26,15:55:00,72.6981,72.7876,72.5887,72.6036,133918.40000000154,1.0,0.0,0.0
2016-02-29,09:40:00,72.6185,73.07600000000001,72.5588,72.9865,161523.01100000148,1.0,0.0,0.0
2016-02-29,09:55:00,72.9666,72.9666,72.6748,72.89699999999999,76845.53600000148,1.0,0.0,0.0
2016-02-29,10:10:00,72.8971,73.2351,72.892,73.0958,28481.608000001455,1.0,0.0,0.0
2016-02-29,10:25:00,73.0959,73.5334,73.0262,73.5235,36836.53900000146,1.0,0.0,0.0
2016-02-29,10:40:00,73.4837,73.5334,73.42399999999999,73.5036,21436.87960000146,1.0,0.0,0.0
2016-02-29,10:55:00,73.5135,73.7323,73.5135,73.6926,20966.288100001457,1.0,0.0,0.0
2016-02-29,11:10:00,73.6826,73.7124,73.6229,73.6379,22993.420000001453,1.0,0.0,0.0
2016-02-29,11:25:00,73.6428,73.7721,73.6229,73.7562,18909.988000001453,1.0,0.0,0.0
2016-02-29,11:40:00,73.7423,73.9113,73.6428,73.8915,36331.78300000145,1.0,0.0,0.0
2016-02-29,11:56:00,73.8915,73.9112,73.6926,73.6926,68557.93700000148,1.0,0.0,0.0
2016-02-29,12:12:00,73.714,73.7224,73.6229,73.6528,34740.00200000147,1.0,0.0,0.0
2016-02-29,12:27:00,73.6329,73.7821,73.6329,73.6926,44504.722000001464,1.0,0.0,0.0
2016-02-29,12:43:00,73.7124,73.7323,73.6031,73.6727,48753.076000001485,1.0,0.0,0.0
2016-02-29,12:59:00,73.6926,73.6926,73.6329,73.6627,20192.017000001466,1.0,0.0,0.0
2016-02-29,13:14:00,73.6727,73.6826,73.6428,73.6572,13599.778100001462,1.0,0.0,0.0
2016-02-29,13:29:00,73.6627,73.6926,73.6329,73.6528,18404.202000001464,1.0,0.0,0.0
2016-02-29,13:44:00,73.6329,73.6963,73.5832,73.6826,18358.954000001446,1.0,0.0,0.0
2016-02-29,13:59:00,73.6727,73.7124,73.6628,73.6826,12470.566000001449,1.0,0.0,0.0
2016-02-29,14:14:00,73.6826,73.6926,73.6329,73.6528,38736.02000000145,1.0,0.0,0.0
2016-02-29,14:29:00,73.6428,73.6826,73.4271,73.4937,59878.25100000144,1.0,0.0,0.0
2016-02-29,14:44:00,73.5036,73.5135,73.3245,73.4042,62340.783000001466,1.0,0.0,0.0
2016-02-29,14:59:00,73.4074,73.6727,73.3843,73.6528,58684.644000001455,1.0,0.0,0.0
2016-02-29,15:14:00,73.6428,73.6926,73.5925,73.6131,68587.11000000148,1.0,0.0,0.0
2016-02-29,15:29:00,73.613,73.6329,73.4439,73.4837,70681.65000000151,1.0,0.0,0.0
2016-02-29,15:44:00,73.4937,73.5434,73.434,73.5333,114666.48000000148,1.0,0.0,0.0
2016-02-29,15:59:00,73.5135,73.5931,73.3345,73.3644,242636.2800000015,1.0,0.0,0.0
2016-03-01,09:44:00,73.6826,73.792,73.2053,73.245,69064.71600000153,1.0,0.0,0.0
2016-03-01,09:59:00,73.255,73.2649,72.8273,73.0858,56610.225000001534,1.0,0.0,0.0
2016-03-01,10:14:00,73.066,73.255,72.9268,73.2251,49228.67900000152,1.0,0.0,0.0
2016-03-01,10:29:00,73.2351,73.4837,73.0561,73.3345,48527.79700000153,1.0,0.0,0.0
2016-03-01,10:44:00,73.3395,73.5135,73.2848,73.4439,85478.05400000152,1.0,0.0,0.0
2016-03-01,10:59:00,73.4439,73.4638,73.245,73.3942,50169.8400000015,1.0,0.0,0.0
2016-03-01,11:14:00,73.3942,73.4539,73.1555,73.2152,54285.478000001516,1.0,0.0,0.0
2016-03-01,11:29:00,73.1953,73.3743,73.1456,73.2351,50708.83900000151,1.0,0.0,0.0
2016-03-01,11:45:00,73.255,73.3345,73.1356,73.3345,41723.425000001494,1.0,0.0,0.0
2016-03-01,12:00:00,73.3445,73.3942,73.066,73.245,45738.4900000015,1.0,0.0,0.0
2016-03-01,12:15:00,73.245,73.42399999999999,73.1854,73.2898,36680.69800000151,1.0,0.0,0.0
2016-03-01,12:30:00,73.2948,73.42399999999999,73.255,73.2948,39322.2250000015,1.0,0.0,0.0
2016-03-01,12:45:00,73.2948,73.3445,73.1953,73.2649,23061.8041000015,1.0,0.0,0.0
2016-03-01,13:00:00,73.2649,73.2749,72.9367,72.9666,47261.8370000015,1.0,0.0,0.0
2016-03-01,13:15:00,72.9666,73.0064,72.8373,72.887,48049.1900000015,1.0,0.0,0.0
2016-03-01,13:30:00,72.89699999999999,72.9069,72.4196,72.4594,117637.73600000149,1.0,0.0,0.0
2016-03-01,13:45:00,72.4494,72.6185,72.2804,72.5887,92310.68000000149,1.0,0.0,0.0
2016-03-01,14:00:00,72.6185,72.6384,72.3898,72.4295,69289.02000000149,1.0,0.0,0.0
2016-03-01,14:15:00,72.4594,72.5489,72.4097,72.5141,97374.39000000145,1.0,0.0,0.0
2016-03-01,14:30:00,72.51899999999999,72.89699999999999,72.4693,72.89699999999999,74578.09000000145,1.0,0.0,0.0
2016-03-01,14:45:00,72.9168,73.0064,72.887,72.9467,85247.71000000143,1.0,0.0,0.0
2016-03-01,15:00:00,72.9467,73.245,72.9367,73.2251,75486.04000000146,1.0,0.0,0.0
2016-03-01,15:15:00,73.2251,73.3942,73.2053,73.3644,69645.94000000146,1.0,0.0,0.0
2016-03-01,15:30:00,73.3644,73.7323,73.3246,73.5334,95713.27000000149,1.0,0.0,0.0
2016-03-01,15:45:00,73.5135,73.6031,73.4439,73.5633,138494.46000000145,1.0,0.0,0.0
2016-03-02,09:30:00,73.5613,73.6627,73.0064,73.4009,183864.99000000145,1.0,0.0,0.0
2016-03-02,09:46:00,73.5832,73.5931,73.1267,73.3047,22475.587000001437,1.0,0.0,0.0
2016-03-02,10:01:00,73.3345,73.434,72.9069,72.9069,29811.91770000144,1.0,0.0,0.0
2016-03-02,10:16:00,72.9566,73.07600000000001,72.8273,73.0064,38555.98400000143,1.0,0.0,0.0
2016-03-02,10:31:00,72.9666,73.0064,72.6086,72.8273,95362.36500000145,1.0,0.0,0.0
2016-03-02,10:46:00,72.8074,72.9069,72.7477,72.8472,21147.268000001455,1.0,0.0,0.0
2016-03-02,11:01:00,72.8671,72.9765,72.7577,72.9765,31480.101000001458,1.0,0.0,0.0
2016-03-02,11:16:00,72.9765,73.2152,72.9666,73.1854,43029.61400000145,1.0,0.0,0.0
2016-03-02,11:31:00,73.2152,73.2251,73.0362,73.0859,28303.62900000145,1.0,0.0,0.0
2016-03-02,11:46:00,73.0959,73.1058,72.6583,72.6782,35378.52450000148,1.0,0.0,0.0
2016-03-02,12:01:00,72.6682,72.9666,72.6086,72.6284,39342.327000001496,1.0,0.0,0.0
2016-03-02,12:16:00,72.6185,72.6334,72.4793,72.6284,38681.695000001484,1.0,0.0,0.0
2016-03-02,12:31:00,72.6284,72.6384,72.5389,72.5787,38790.27500000147,1.0,0.0,0.0
2016-03-02,12:46:00,72.5787,72.7677,72.5787,72.7378,28801.360000001467,1.0,0.0,0.0
2016-03-02,13:02:00,72.7279,72.89699999999999,72.6981,72.8572,23599.76600000147,1.0,0.0,0.0
2016-03-02,13:17:00,72.8572,72.89699999999999,72.7378,72.8373,34545.95700000148,1.0,0.0,0.0
2016-03-02,13:32:00,72.8373,72.9069,72.7876,72.8074,40159.8240000015,1.0,0.0,0.0
2016-03-02,13:47:00,72.8174,72.8472,72.7776,72.8174,35903.420000001504,1.0,0.0,0.0
2016-03-02,14:02:00,72.8074,72.8373,72.6483,72.6483,37439.8640000015,1.0,0.0,0.0
2016-03-02,14:17:00,72.6583,72.6782,72.4892,72.4992,47594.72000000149,1.0,0.0,0.0
2016-03-02,14:32:00,72.4992,72.5489,72.3848,72.3898,82447.42000000145,1.0,0.0,0.0
2016-03-02,14:47:00,72.3997,72.6583,72.3997,72.6483,61482.03000000148,1.0,0.0,0.0
2016-03-02,15:02:00,72.6483,72.708,72.6185,72.6284,35011.52200000148,1.0,0.0,0.0
2016-03-02,15:17:00,72.6284,72.6284,72.3997,72.5489,91430.81400000145,1.0,0.0,0.0
2016-03-02,15:32:00,72.5588,72.7577,72.5588,72.7577,96193.96600000147,1.0,0.0,0.0
2016-03-02,15:47:00,72.7577,72.8572,72.6483,72.7478,105474.9800000015,1.0,0.0,0.0
2016-03-03,09:32:00,72.7478,73.1356,72.5389,72.6881,391095.96800000145,1.0,0.0,0.0
2016-03-03,09:47:00,72.6583,73.2749,72.6583,73.1854,48071.293000001446,1.0,0.0,0.0
2016-03-03,10:02:00,73.1456,73.5732,73.1456,73.5434,47976.789000001445,1.0,0.0,0.0
2016-03-03,10:17:00,73.5633,74.0804,73.5334,74.0207,59641.96400000144,1.0,0.0,0.0
2016-03-03,10:32:00,74.0307,74.3092,74.0009,74.1301,47580.63500000145,1.0,0.0,0.0
2016-03-03,10:47:00,74.1102,74.5379,74.1102,74.518,123583.59000000142,1.0,0.0,0.0
2016-03-03,11:02:00,74.518,74.5876,74.4384,74.4782,56964.25400000143,1.0,0.0,0.0
2016-03-03,11:17:00,74.4683,74.5876,74.1848,74.1848,147936.5800000014,1.0,0.0,0.0
2016-03-03,11:32:00,74.1799,74.1998,73.8467,73.8815,81843.08000000138,1.0,0.0,0.0
2016-03-03,11:47:00,73.9014,73.9014,73.5235,73.5434,75936.58900000139,1.0,0.0,0.0
2016-03-03,12:02:00,73.5334,73.7025,73.4141,73.6727,62822.47700000138,1.0,0.0,0.0
2016-03-03,12:17:00,73.6627,73.7224,73.5434,73.5484,45759.61300000138,1.0,0.0,0.0
2016-03-03,12:32:00,73.5434,73.8218,73.4837,73.78699999999999,62738.96600000137,1.0,0.0,0.0
2016-03-03,12:47:00,73.7721,74.0009,73.7224,73.9561,27107.05600000138,1.0,0.0,0.0
2016-03-03,13:02:00,73.9611,74.2694,73.9511,74.2395,29226.706000001373,1.0,0.0,0.0
2016-03-03,13:17:00,74.2395,74.3588,74.1202,74.3588,55679.15490000138,1.0,0.0,0.0
2016-03-03,13:32:00,74.3589,74.4086,74.2395,74.3489,38890.84900000137,1.0,0.0,0.0
2016-03-03,13:47:00,74.3489,74.6672,74.2395,74.6473,70472.40530000137,1.0,0.0,0.0
2016-03-03,14:02:00,74.6473,74.7467,74.5279,74.6473,39886.320000001375,1.0,0.0,0.0
2016-03-03,14:17:00,74.6557,74.8462,74.5876,74.8362,52885.79800000136,1.0,0.0,0.0
2016-03-03,14:32:00,74.8462,74.9556,74.697,74.7169,62735.950000001365,1.0,0.0,0.0
2016-03-03,14:47:00,74.707,74.9059,74.697,74.876,56064.32300000136,1.0,0.0,0.0
2016-03-03,15:02:00,74.8561,74.9158,74.7965,74.9158,35488.13600000137,1.0,0.0,0.0
2016-03-03,15:17:00,74.9059,75.0003,74.876,74.9357,63001.410000001364,1.0,0.0,0.0
2016-03-03,15:32:00,74.9456,75.1246,74.9357,75.0476,84330.71000000137,1.0,0.0,0.0
2016-03-03,15:47:00,75.0451,75.4429,75.0401,75.3733,186108.29000000143,1.0,0.0,0.0
2016-03-04,09:32:00,75.3733,75.6219,75.234,75.5374,242687.4500000014,1.0,0.0,0.0
2016-03-04,09:47:00,75.5374,75.5821,74.88600000000001,75.1147,64918.95000000149,1.0,0.0,0.0
2016-03-04,10:02:00,75.0849,75.9103,75.0704,75.8705,102641.3570000015,1.0,0.0,0.0
2016-03-04,10:17:00,75.8755,76.2285,75.8158,76.1092,155954.52600000144,1.0,0.0,0.0
2016-03-04,10:32:00,76.0694,76.5169,76.0296,76.2484,61248.776000001424,1.0,0.0,0.0
2016-03-04,10:47:00,76.2285,76.3777,75.9202,76.3777,66268.33600000144,1.0,0.0,0.0
2016-03-04,11:02:00,76.3976,76.6562,76.3877,76.4274,46275.42000000143,1.0,0.0,0.0
2016-03-04,11:17:00,76.4374,76.7457,76.3379,76.3578,92634.41600000142,1.0,0.0,0.0
2016-03-04,11:32:00,76.3777,76.4971,76.2783,76.318,35739.50500000142,1.0,0.0,0.0
2016-03-04,11:47:00,76.3081,76.5866,76.1142,76.5667,60570.084000001414,1.0,0.0,0.0
2016-03-04,12:02:00,76.5468,76.8252,76.5169,76.7457,60590.15000000145,1.0,0.0,0.0
2016-03-04,12:17:00,76.7407,77.2429,76.7009,77.2429,148270.28200000146,1.0,0.0,0.0
2016-03-04,12:32:00,77.233,77.4617,77.1037,77.3722,127700.14300000147,1.0,0.0,0.0
2016-03-04,12:47:00,77.3623,77.6308,77.3623,77.4021,109194.48000000148,1.0,0.0,0.0
2016-03-04,13:02:00,77.41199999999999,77.6109,77.2877,77.6109,101367.40900000147,1.0,0.0,0.0
2016-03-04,13:17:00,77.59100000000001,77.601,77.1236,77.2031,101296.97000000151,1.0,0.0,0.0
2016-03-04,13:32:00,77.1833,77.4119,77.1703,77.3374,46541.89690000152,1.0,0.0,0.0
2016-03-04,13:47:00,77.3423,77.5811,77.3374,77.5015,62812.3550000015,1.0,0.0,0.0
2016-03-04,14:02:00,77.4916,77.6208,77.4766,77.5512,54877.77000000151,1.0,0.0,0.0
2016-03-04,14:17:00,77.5454,77.5612,77.3921,77.5214,71699.23000000151,1.0,0.0,0.0
2016-03-04,14:32:00,77.5214,77.5512,77.0042,77.0788,94699.7900000015,1.0,0.0,0.0
2016-03-04,14:47:00,77.0788,77.1932,76.5965,76.7158,89980.83700000148,1.0,0.0,0.0
2016-03-04,15:02:00,76.7158,76.8949,76.686,76.8352,109583.5600000015,1.0,0.0,0.0
2016-03-04,15:17:00,76.8451,76.9048,76.7208,76.865,81514.22000000151,1.0,0.0,0.0
2016-03-04,15:32:00,76.8352,76.9545,76.8252,76.9545,81957.68000000154,1.0,0.0,0.0
2016-03-04,15:47:00,76.9473,76.9943,76.7755,76.8551,118768.04000000152,1.0,0.0,0.0
2016-03-07,09:32:00,76.8551,76.9844,76.1191,76.139,158121.46000000153,1.0,0.0,0.0
2016-03-07,09:47:00,76.1291,76.5368,75.8705,76.2584,61309.11700000152,1.0,0.0,0.0
2016-03-07,10:02:00,76.2386,76.686,76.2386,76.3777,59923.508000001515,1.0,0.0,0.0
2016-03-07,10:17:00,76.3877,76.5766,76.2285,76.4871,48405.17400000151,1.0,0.0,0.0
2016-03-07,10:32:00,76.5169,76.875,76.4374,76.7656,39985.860000001514,1.0,0.0,0.0
2016-03-07,10:47:00,76.7556,76.7556,76.4672,76.4871,71318.13000000155,1.0,0.0,0.0
2016-03-07,11:02:00,76.502,76.7526,76.3578,76.6661,57230.70200000156,1.0,0.0,0.0
2016-03-07,11:17:00,76.6761,76.7855,76.6064,76.7656,53471.992900001576,1.0,0.0,0.0
2016-03-07,11:32:00,76.7457,76.9346,76.6761,76.9346,30688.741000001562,1.0,0.0,0.0
2016-03-07,11:47:00,76.9247,77.1534,76.8451,76.9993,43525.32100000157,1.0,0.0,0.0
2016-03-07,12:02:00,77.0141,77.0142,76.8252,76.865,17439.909400001572,1.0,0.0,0.0
2016-03-07,12:17:00,76.8252,76.9147,76.7258,76.7656,44115.53100000157,1.0,0.0,0.0
2016-03-07,12:33:00,76.7556,76.8153,76.7158,76.7755,20913.000000001564,1.0,0.0,0.0
2016-03-07,12:49:00,76.7755,76.8949,76.7357,76.7357,39258.87600000156,1.0,0.0,0.0
2016-03-07,13:04:00,76.7457,76.8949,76.6661,76.6761,48384.049000001556,1.0,0.0,0.0
2016-03-07,13:19:00,76.681,76.696,76.5766,76.5766,48711.85300000156,1.0,0.0,0.0
2016-03-07,13:34:00,76.5964,76.5964,76.0794,76.1092,72165.82000000155,1.0,0.0,0.0
2016-03-07,13:49:00,76.1191,76.1689,76.0197,76.14399999999999,50420.21400000155,1.0,0.0,0.0
2016-03-07,14:04:00,76.1589,76.1987,75.9503,75.96,60325.70000000155,1.0,0.0,0.0
2016-03-07,14:19:00,75.9401,75.9501,75.8307,75.8407,60864.66000000152,1.0,0.0,0.0
2016-03-07,14:34:00,75.8307,75.8506,75.5423,75.5498,50743.018000001524,1.0,0.0,0.0
2016-03-07,14:49:00,75.5423,75.602,75.3633,75.5821,63755.559000001515,1.0,0.0,0.0
2016-03-07,15:04:00,75.5623,75.6617,75.4727,75.4926,39180.46000000153,1.0,0.0,0.0
2016-03-07,15:19:00,75.4827,75.6517,75.4528,75.5921,60512.720000001544,1.0,0.0,0.0
2016-03-07,15:34:00,75.5921,75.602,75.3335,75.3335,107026.55000000153,1.0,0.0,0.0
2016-03-07,15:49:00,75.3534,75.5125,75.3235,75.3484,103795.78000000157,1.0,0.0,0.0
2016-03-08,09:34:00,75.3434,75.413,74.6771,75.1445,159300.8790000015,1.0,0.0,0.0
2016-03-08,09:50:00,75.0948,75.0948,74.697,74.9456,39345.353000001516,1.0,0.0,0.0
2016-03-08,10:05:00,74.876,74.9158,74.339,74.4285,41277.9720000015,1.0,0.0,0.0
2016-03-08,10:20:00,74.4185,74.4185,73.8716,73.9611,108179.87000000151,1.0,0.0,0.0
2016-03-08,10:35:00,73.9511,74.0705,73.7622,73.9462,76034.0700000015,1.0,0.0,0.0
2016-03-08,10:50:00,73.9412,73.9561,73.7721,73.8915,75846.05000000152,1.0,0.0,0.0
2016-03-08,11:05:00,73.8915,73.9213,73.7323,73.8716,69956.66000000152,1.0,0.0,0.0
2016-03-08,11:20:00,73.8716,74.3887,73.8517,74.2395,58773.18000000155,1.0,0.0,0.0
2016-03-08,11:35:00,74.2395,74.7467,74.15,74.6373,52429.29300000154,1.0,0.0,0.0
2016-03-08,11:51:00,74.6473,74.6771,74.4086,74.6075,29663.097000001562,1.0,0.0,0.0
2016-03-08,12:06:00,74.5976,74.6672,74.3788,74.508,25172.41600000157,1.0,0.0,0.0
2016-03-08,12:21:00,74.518,74.697,74.4434,74.6672,27405.684000001573,1.0,0.0,0.0
2016-03-08,12:36:00,74.6473,74.6672,74.3788,74.4782,70954.16400000158,1.0,0.0,0.0
2016-03-08,12:53:00,74.4782,74.5379,74.339,74.4384,36028.07900000156,1.0,0.0,0.0
2016-03-08,13:08:00,74.4285,74.5876,74.3887,74.5354,38818.48500000155,1.0,0.0,0.0
2016-03-08,13:24:00,74.5279,74.7765,74.4484,74.7567,28900.915000001532,1.0,0.0,0.0
2016-03-08,13:39:00,74.7567,74.96300000000001,74.6771,74.9059,26086.427000001535,1.0,0.0,0.0
2016-03-08,13:54:00,74.9158,75.1147,74.9158,74.9528,34663.60200000155,1.0,0.0,0.0
2016-03-08,14:09:00,74.9417,74.9854,74.88600000000001,74.88600000000001,45718.376000001525,1.0,0.0,0.0
2016-03-08,14:25:00,74.8909,74.9356,74.6,74.6274,44946.12800000154,1.0,0.0,0.0
2016-03-08,14:40:00,74.6373,74.6423,74.4583,74.4981,45892.34600000153,1.0,0.0,0.0
2016-03-08,14:55:00,74.4936,74.5976,74.3987,74.4684,32250.335000001538,1.0,0.0,0.0
2016-03-08,15:10:00,74.4683,74.518,74.2992,74.339,46853.63000000155,1.0,0.0,0.0
2016-03-08,15:25:00,74.339,74.4285,74.1998,74.3191,60038.13000000153,1.0,0.0,0.0
2016-03-08,15:40:00,74.2992,74.3092,74.1202,74.1898,67328.20000000151,1.0,0.0,0.0
2016-03-08,15:55:00,74.1998,74.3489,74.15,74.2495,112823.40000000146,1.0,0.0,0.0
2016-03-09,09:40:00,74.2495,74.5876,74.1998,74.3689,88970.19300000147,1.0,0.0,0.0
2016-03-09,09:55:00,74.4484,74.5677,74.2196,74.5677,37806.870000001465,1.0,0.0,0.0
2016-03-09,10:10:00,74.5976,74.8959,74.2395,74.2793,26444.414000001467,1.0,0.0,0.0
2016-03-09,10:25:00,74.3052,74.3837,74.187,74.3489,28595.221000001457,1.0,0.0,0.0
2016-03-09,10:40:00,74.339,74.4683,74.1998,74.3489,53491.13900000146,1.0,0.0,0.0
2016-03-09,10:55:00,74.3688,74.4583,74.0406,74.0904,44193.002000001456,1.0,0.0,0.0
2016-03-09,11:10:00,74.1102,74.3887,74.0406,74.1799,26020.060000001457,1.0,0.0,0.0
2016-03-09,11:25:00,74.16,74.508,74.16,74.508,28339.81500000146,1.0,0.0,0.0
2016-03-09,11:40:00,74.508,74.5478,74.2992,74.329,21307.14200000147,1.0,0.0,0.0
2016-03-09,11:55:00,74.3191,74.4782,74.3092,74.4484,12292.600000001463,1.0,0.0,0.0
2016-03-09,12:10:00,74.4583,74.5477,74.3589,74.4484,24530.894000001466,1.0,0.0,0.0
2016-03-09,12:27:00,74.4484,74.7567,74.4484,74.7268,15164.377200001472,1.0,0.0,0.0
2016-03-09,12:42:00,74.7567,74.7766,74.4683,74.508,17176.448000001474,1.0,0.0,0.0
2016-03-09,12:57:00,74.508,74.6771,74.4981,74.6672,12521.850400001465,1.0,0.0,0.0
2016-03-09,13:12:00,74.6672,74.6672,74.4484,74.5279,15080.925000001465,1.0,0.0,0.0
2016-03-09,13:27:00,74.5478,74.6572,74.5379,74.6075,11419.804000001466,1.0,0.0,0.0
2016-03-09,13:42:00,74.5976,74.6672,74.3718,74.4442,22485.632000001457,1.0,0.0,0.0
2016-03-09,13:58:00,74.4484,74.7467,74.4185,74.7467,17418.767000001448,1.0,0.0,0.0
2016-03-09,14:13:00,74.7567,74.7567,74.5578,74.6174,23931.582000001457,1.0,0.0,0.0
2016-03-09,14:28:00,74.6174,74.8263,74.4683,74.7865,320773.16200000147,1.0,0.0,0.0
2016-03-09,14:43:00,74.8263,74.8263,74.4484,74.5578,27880.308000001412,1.0,0.0,0.0
2016-03-09,14:58:00,74.5578,74.6771,74.5478,74.6373,35905.41200000142,1.0,0.0,0.0
2016-03-09,15:13:00,74.6274,74.6547,74.3489,74.3887,40594.217000001445,1.0,0.0,0.0
2016-03-09,15:28:00,74.4185,74.5279,74.3589,74.5279,39986.832000001436,1.0,0.0,0.0
2016-03-09,15:43:00,74.5279,74.5976,74.3987,74.508,67328.19000000143,1.0,0.0,0.0
2016-03-09,15:58:00,74.518,74.5677,74.4683,74.5379,108602.18000000143,1.0,0.0,0.0
2016-03-10,09:43:00,74.5379,75.49,74.508,75.28,88908.70000000142,1.0,0.0,0.4125
2016-03-10,09:58:00,75.37,75.9,75.08,75.6201,55648.000000001426,1.0,0.0,0.4125
2016-03-10,10:13:00,75.6382,76.18,75.62,75.8,50691.000000001426,1.0,0.0,0.4125
2016-03-10,10:28:00,75.85,75.9592,75.61,75.75,37077.000000001426,1.0,0.0,0.4125
2016-03-10,10:43:00,75.8,75.82,75.47,75.59,55084.000000001426,1.0,0.0,0.4125
2016-03-10,10:58:00,75.61,75.64,75.07,75.07,25875.000000001426,1.0,0.0,0.4125
2016-03-10,11:13:00,75.09,75.26,75.04,75.26,41957.000000001426,1.0,0.0,0.4125
2016-03-10,11:29:00,75.26,75.33,74.93,75.17,31363.000000001426,1.0,0.0,0.4125
2016-03-10,11:45:00,75.17,75.28,74.875,75.13,26438.000000001426,1.0,0.0,0.4125
2016-03-10,12:01:00,75.1,75.35,75.1,75.33,25828.000000001426,1.0,0.0,0.4125
2016-03-10,12:16:00,75.3299,75.3299,75.21,75.32,22293.000000001426,1.0,0.0,0.4125
2016-03-10,12:31:00,75.31,75.31,75.1,75.13,17684.000000001426,1.0,0.0,0.4125
2016-03-10,12:46:00,75.13,75.2,74.74,74.77,18507.000000001426,1.0,0.0,0.4125
2016-03-10,13:01:00,74.77,75.06,74.75,75.06,28127.000000001426,1.0,0.0,0.4125
2016-03-10,13:16:00,75.06,75.06,74.72,74.82,16894.000000001426,1.0,0.0,0.4125
2016-03-10,13:31:00,74.805,75.01,74.75,75.01,32075.000000001426,1.0,0.0,0.4125
2016-03-10,13:46:00,75.0,75.28,75.0,75.15,30657.000000001426,1.0,0.0,0.4125
2016-03-10,14:01:00,75.17,75.37,75.14,75.335,31593.000000001426,1.0,0.0,0.4125
2016-03-10,14:16:00,75.34,75.36,75.18,75.262,27358.000000001426,1.0,0.0,0.4125
2016-03-10,14:31:00,75.28,75.66,75.28,75.53,29936.000000001426,1.0,0.0,0.4125
2016-03-10,14:47:00,75.5416,75.7,75.44,75.66,25388.000000001426,1.0,0.0,0.4125
2016-03-10,15:02:00,75.64,75.71,75.48,75.48,23406.000000001426,1.0,0.0,0.4125
2016-03-10,15:17:00,75.485,75.7299,75.47,75.67,43670.000000001426,1.0,0.0,0.4125
2016-03-10,15:32:00,75.7,75.86,75.56,75.76,43815.000000001426,1.0,0.0,0.4125
2016-03-10,15:47:00,75.76,75.79,75.45,75.53,64747.000000001426,1.0,0.0,0.4125
2016-03-11,09:32:00,75.54,76.15,75.48,75.93,110548.00000000143,1.0,0.0,0.0
2016-03-11,09:47:00,75.87,76.22,75.8401,76.02,24424.000000001426,1.0,0.0,0.0
2016-03-11,10:02:00,75.99,76.1,75.76,75.76,39568.000000001426,1.0,0.0,0.0
2016-03-11,10:17:00,75.77,75.91,75.58,75.81,50536.000000001426,1.0,0.0,0.0
2016-03-11,10:33:00,75.8,75.8,75.5,75.79,33021.000000001426,1.0,0.0,0.0
2016-03-11,10:48:00,75.82,75.95,75.78,75.91,31590.000000001426,1.0,0.0,0.0
2016-03-11,11:03:00,75.95,76.04,75.9,75.9932,35412.000000001426,1.0,0.0,0.0
2016-03-11,11:18:00,75.99,76.01,75.83,75.97,30987.000000001426,1.0,0.0,0.0
2016-03-11,11:34:00,75.97,76.03,75.87,75.96,29549.000000001426,1.0,0.0,0.0
2016-03-11,11:49:00,75.96,75.96,75.69,75.71,29817.000000001426,1.0,0.0,0.0
2016-03-11,12:04:00,75.71,75.81,75.5,75.75,26883.000000001426,1.0,0.0,0.0
2016-03-11,12:19:00,75.74,75.74,75.64,75.69,21460.000000001426,1.0,0.0,0.0
2016-03-11,12:34:00,75.7,75.71,75.62,75.7,21844.000000001426,1.0,0.0,0.0
2016-03-11,12:49:00,75.7012,75.75,75.54,75.55,31744.000000001426,1.0,0.0,0.0
2016-03-11,13:04:00,75.55,75.55,75.35,75.4275,22827.000000001426,1.0,0.0,0.0
2016-03-11,13:19:00,75.41,75.5,75.31,75.48,19011.000000001426,1.0,0.0,0.0
2016-03-11,13:34:00,75.48,75.52,75.38,75.38,24254.000000001426,1.0,0.0,0.0
2016-03-11,13:49:00,75.38,75.38,75.23,75.27,24632.000000001426,1.0,0.0,0.0
2016-03-11,14:04:00,75.27,75.51,75.26,75.45,173779.00000000143,1.0,0.0,0.0
2016-03-11,14:19:00,75.48,75.52,75.29,75.3401,56600.000000001426,1.0,0.0,0.0
2016-03-11,14:34:00,75.34,75.41,75.2,75.2484,80012.00000000143,1.0,0.0,0.0
2016-03-11,14:49:00,75.24,75.335,75.18,75.29,87596.00000000143,1.0,0.0,0.0
2016-03-11,15:04:00,75.29,75.45,75.29,75.3501,42430.000000001426,1.0,0.0,0.0
2016-03-11,15:19:00,75.35,75.37,75.23,75.31,74530.00000000143,1.0,0.0,0.0
2016-03-11,15:34:00,75.31,75.44,75.23,75.3,80360.00000000143,1.0,0.0,0.0
2016-03-11,15:49:00,75.3,75.465,75.22,75.37,125345.00000000143,1.0,0.0,0.0
2016-03-14,09:34:00,75.38,76.0,75.29,75.8,190676.00000000143,1.0,0.0,0.0
2016-03-14,09:49:00,75.8,75.94,75.54,75.56,26302.000000001426,1.0,0.0,0.0
2016-03-14,10:04:00,75.57,75.6799,75.45,75.57,21913.000000001426,1.0,0.0,0.0
2016-03-14,10:19:00,75.56,75.82,75.51,75.74,16800.000000001426,1.0,0.0,0.0
2016-03-14,10:34:00,75.76,75.79,75.66,75.74,27536.000000001426,1.0,0.0,0.0
2016-03-14,10:49:00,75.73,75.78,75.58,75.69,24611.000000001426,1.0,0.0,0.0
2016-03-14,11:05:00,75.7,75.7,75.49,75.58,23524.000000001426,1.0,0.0,0.0
2016-03-14,11:21:00,75.6,75.69,75.57,75.59,18861.000000001426,1.0,0.0,0.0
2016-03-14,11:36:00,75.59,75.61,75.431,75.45,15849.000000001426,1.0,0.0,0.0
2016-03-14,11:51:00,75.45,75.58,75.44,75.5046,20532.000000001426,1.0,0.0,0.0
2016-03-14,12:07:00,75.51,75.54,75.23,75.2375,37452.000000001426,1.0,0.0,0.0
2016-03-14,12:22:00,75.24,75.41,75.24,75.36,17234.000000001426,1.0,0.0,0.0
2016-03-14,12:37:00,75.37,75.38,75.26,75.2699,22822.000000001426,1.0,0.0,0.0
2016-03-14,12:52:00,75.26,75.32,75.226,75.31,20200.000000001426,1.0,0.0,0.0
2016-03-14,13:09:00,75.31,75.49,75.3001,75.46,19558.000000001426,1.0,0.0,0.0
2016-03-14,13:24:00,75.47,75.55,75.43,75.55,11654.000000001426,1.0,0.0,0.0
2016-03-14,13:39:00,75.55,75.74,75.51,75.52,97355.00000000143,1.0,0.0,0.0
2016-03-14,13:54:00,75.52,75.55,75.42,75.48,44224.000000001426,1.0,0.0,0.0
2016-03-14,14:10:00,75.47,75.47,75.36,75.38,24852.000000001426,1.0,0.0,0.0
2016-03-14,14:27:00,75.38,75.4,75.34,75.35,25262.000000001426,1.0,0.0,0.0
2016-03-14,14:42:00,75.35,75.53,75.35,75.5175,27423.000000001426,1.0,0.0,0.0
2016-03-14,14:58:00,75.52,75.54,75.46,75.51,21250.000000001426,1.0,0.0,0.0
2016-03-14,15:13:00,75.49,75.67,75.48,75.6699,32939.000000001426,1.0,0.0,0.0
2016-03-14,15:28:00,75.67,75.68,75.575,75.65,33539.000000001426,1.0,0.0,0.0
2016-03-14,15:43:00,75.65,75.67,75.54,75.58,57070.000000001426,1.0,0.0,0.0
2016-03-14,15:58:00,75.585,75.62,75.49,75.52,128468.00000000143,1.0,0.0,0.0
2016-03-15,09:43:00,75.52,83.62,75.42,81.545,1550356.0000000014,1.0,0.0,0.0
2016-03-15,09:58:00,81.55,81.7,80.75,80.92,783879.0000000014,1.0,0.0,0.0
2016-03-15,10:13:00,80.92,82.23,80.83,81.6,577027.0000000014,1.0,0.0,0.0
2016-03-15,10:28:00,81.61,81.95,81.3,81.88,249339.0000000014,1.0,0.0,0.0
2016-03-15,10:43:00,81.9,82.8699,81.81,82.4501,232428.0000000014,1.0,0.0,0.0
2016-03-15,10:58:00,82.46,83.77,82.41,83.51,364427.0000000014,1.0,0.0,0.0
2016-03-15,11:13:00,83.51,83.82,82.95,83.35,324766.0000000014,1.0,0.0,0.0
2016-03-15,11:28:00,83.35,83.46,82.88,83.21,332421.0000000014,1.0,0.0,0.0
2016-03-15,11:43:00,83.22,83.44,82.8,82.85,186326.0000000014,1.0,0.0,0.0
2016-03-15,11:58:00,82.88,83.16,82.79,82.91,149870.0000000014,1.0,0.0,0.0
2016-03-15,12:13:00,82.9,83.09,82.7,82.94,138714.0000000014,1.0,0.0,0.0
2016-03-15,12:28:00,82.94,83.11,82.7,82.77,126876.0000000014,1.0,0.0,0.0
2016-03-15,12:43:00,82.78,82.98,82.69,82.81,117287.0000000014,1.0,0.0,0.0
2016-03-15,12:58:00,82.83,83.02,82.8,82.9,229097.0000000014,1.0,0.0,0.0
2016-03-15,13:13:00,82.91,83.23,82.89,83.06,197642.0000000014,1.0,0.0,0.0
2016-03-15,13:28:00,83.07,83.82,83.07,83.72,276730.0000000014,1.0,0.0,0.0
2016-03-15,13:43:00,83.735,83.77,82.79,82.85,273797.0000000014,1.0,0.0,0.0
2016-03-15,13:58:00,82.84,82.93,82.45,82.9,278920.0000000014,1.0,0.0,0.0
2016-03-15,14:13:00,82.89,82.94,82.41,82.47,206873.0000000014,1.0,0.0,0.0
2016-03-15,14:28:00,82.455,82.74,82.2004,82.61,190510.0000000014,1.0,0.0,0.0
2016-03-15,14:43:00,82.62,83.34,82.51,83.32,155571.0000000014,1.0,0.0,0.0
2016-03-15,14:58:00,83.31,83.65,83.161,83.47,179285.0000000014,1.0,0.0,0.0
2016-03-15,15:13:00,83.47,83.47,83.29,83.3395,197940.0000000014,1.0,0.0,0.0
2016-03-15,15:28:00,83.345,83.56,83.27,83.52,185937.0000000014,1.0,0.0,0.0
2016-03-15,15:43:00,83.51,83.77,83.43,83.46,288540.0000000014,1.0,0.0,0.0
2016-03-15,15:58:00,83.45,83.85,83.14,83.8,630403.0000000014,1.0,0.0,0.0
2016-03-16,09:43:00,83.8,84.46,83.01,83.7201,286879.0000000014,1.0,0.0,0.0
2016-03-16,09:58:00,83.755,83.775,83.2,83.5975,130911.0000000014,1.0,0.0,0.0
2016-03-16,10:13:00,83.59,84.07,83.56,84.03,147084.0000000014,1.0,0.0,0.0
2016-03-16,10:28:00,84.03,84.06,83.68,83.919,110654.0000000014,1.0,0.0,0.0
2016-03-16,10:43:00,83.91,83.925,83.6,83.66,154927.0000000014,1.0,0.0,0.0
2016-03-16,10:58:00,83.67,83.68,83.55,83.62,79673.0000000014,1.0,0.0,0.0
2016-03-16,11:13:00,83.63,83.63,83.38,83.38,73672.0000000014,1.0,0.0,0.0
2016-03-16,11:28:00,83.38,83.39,83.13,83.15,81038.0000000014,1.0,0.0,0.0
2016-03-16,11:43:00,83.15,83.25,83.1,83.16,51019.0000000014,1.0,0.0,0.0
2016-03-16,11:58:00,83.18,83.25,83.15,83.18,50032.0000000014,1.0,0.0,0.0
2016-03-16,12:13:00,83.1775,83.21,82.97,82.98,91318.0000000014,1.0,0.0,0.0
2016-03-16,12:28:00,82.98,83.01,82.83,82.8301,56411.0000000014,1.0,0.0,0.0
2016-03-16,12:43:00,82.83,82.83,82.61,82.62,77416.0000000014,1.0,0.0,0.0
2016-03-16,12:58:00,82.63,82.65,82.44,82.48,61572.0000000014,1.0,0.0,0.0
2016-03-16,13:13:00,82.48,82.6,82.46,82.47,86661.0000000014,1.0,0.0,0.0
2016-03-16,13:28:00,82.47,82.52,82.45,82.49,64825.0000000014,1.0,0.0,0.0
2016-03-16,13:43:00,82.49,82.91,82.46,82.881,89184.0000000014,1.0,0.0,0.0
2016-03-16,13:58:00,82.87,82.97,82.53,82.66,49951.0000000014,1.0,0.0,0.0
2016-03-16,14:13:00,82.67,82.98,82.48,82.49,160573.0000000014,1.0,0.0,0.0
2016-03-16,14:28:00,82.48,82.7975,82.46,82.76,159753.0000000014,1.0,0.0,0.0
2016-03-16,14:43:00,82.7401,82.79,82.51,82.7,135795.0000000014,1.0,0.0,0.0
2016-03-16,14:58:00,82.7,82.78,82.63,82.72,150085.0000000014,1.0,0.0,0.0
2016-03-16,15:13:00,82.72,83.0,82.56,82.955,141770.0000000014,1.0,0.0,0.0
2016-03-16,15:28:00,82.9501,82.97,82.84,82.95,139251.0000000014,1.0,0.0,0.0
2016-03-16,15:43:00,82.96,83.07,82.88,83.0,243536.0000000014,1.0,0.0,0.0
2016-03-16,15:58:00,83.0,83.0503,82.82,82.82,308383.0000000014,1.0,0.0,0.0
2016-03-17,09:43:00,82.82,83.83,82.8,82.98,179640.0000000014,1.0,0.0,0.0
2016-03-17,09:58:00,82.96,83.1,82.84,82.91,103245.0000000014,1.0,0.0,0.0
2016-03-17,10:13:00,82.9096,83.08,82.835,82.98,91075.0000000014,1.0,0.0,0.0
2016-03-17,10:28:00,82.96,83.02,82.47,82.485,232482.0000000014,1.0,0.0,0.0
2016-03-17,10:43:00,82.485,83.28,82.285,83.08,384243.0000000014,1.0,0.0,0.0
2016-03-17,10:58:00,83.1,83.29,82.99,83.25,90567.0000000014,1.0,0.0,0.0
2016-03-17,11:13:00,83.27,83.3,83.14,83.21,82801.0000000014,1.0,0.0,0.0
2016-03-17,11:28:00,83.21,83.4,83.16,83.24,152607.0000000014,1.0,0.0,0.0
2016-03-17,11:43:00,83.23,83.23,82.81,82.9423,60569.0000000014,1.0,0.0,0.0
2016-03-17,11:58:00,82.94,83.05,82.69,82.91,57795.0000000014,1.0,0.0,0.0
2016-03-17,12:14:00,82.92,83.0,82.85,82.96,44118.0000000014,1.0,0.0,0.0
2016-03-17,12:29:00,82.97,83.0,82.7,82.71,50067.0000000014,1.0,0.0,0.0
2016-03-17,12:44:00,82.71,82.99,82.69,82.845,36552.0000000014,1.0,0.0,0.0
2016-03-17,12:59:00,82.86,82.96,82.77,82.81,34612.0000000014,1.0,0.0,0.0
2016-03-17,13:14:00,82.805,82.83,82.7,82.75,25899.000000001397,1.0,0.0,0.0
2016-03-17,13:29:00,82.76,82.82,82.691,82.75,21362.000000001397,1.0,0.0,0.0
2016-03-17,13:44:00,82.74,82.83,82.67,82.7,55795.0000000014,1.0,0.0,0.0
2016-03-17,14:00:00,82.7,82.7,82.51,82.56,68097.0000000014,1.0,0.0,0.0
2016-03-17,14:15:00,82.56,82.59,82.42,82.49,66006.0000000014,1.0,0.0,0.0
2016-03-17,14:30:00,82.48,82.54,82.35,82.4099,72648.0000000014,1.0,0.0,0.0
2016-03-17,14:45:00,82.39,82.42,82.28,82.31,67045.0000000014,1.0,0.0,0.0
2016-03-17,15:00:00,82.31,82.33,82.28,82.32,57956.0000000014,1.0,0.0,0.0
2016-03-17,15:15:00,82.32,82.33,82.2,82.23,78744.0000000014,1.0,0.0,0.0
2016-03-17,15:30:00,82.23,82.23,82.07,82.14,131011.0000000014,1.0,0.0,0.0
2016-03-17,15:45:00,82.14,82.17,82.07,82.12,194002.0000000014,1.0,0.0,0.0
2016-03-18,09:30:00,82.12,82.16,81.89,81.89,458136.0000000014,1.0,0.0,0.0
2016-03-18,09:45:00,82.0,82.59,81.94,82.1356,74253.0000000014,1.0,0.0,0.0
2016-03-18,10:00:00,82.12,82.19,81.76,81.795,49059.0000000014,1.0,0.0,0.0
2016-03-18,10:15:00,81.77,82.21,81.5,82.13,64449.0000000014,1.0,0.0,0.0
2016-03-18,10:30:00,82.13,82.18,81.88,82.05,48113.0000000014,1.0,0.0,0.0
2016-03-18,10:45:00,82.06,82.21,82.04,82.21,63640.0000000014,1.0,0.0,0.0
2016-03-18,11:00:00,82.2099,82.21,82.11,82.2,98076.0000000014,1.0,0.0,0.0
2016-03-18,11:15:00,82.19,82.74,82.18,82.515,99628.0000000014,1.0,0.0,0.0
2016-03-18,11:30:00,82.53,82.64,82.4,82.54,110238.0000000014,1.0,0.0,0.0
2016-03-18,11:45:00,82.54,82.63,82.43,82.43,76729.0000000014,1.0,0.0,0.0
2016-03-18,12:00:00,82.42,82.52,82.41,82.4882,39558.0000000014,1.0,0.0,0.0
2016-03-18,12:15:00,82.4975,82.53,82.4299,82.5,29187.000000001397,1.0,0.0,0.0
2016-03-18,12:30:00,82.48,82.52,82.44,82.46,40636.0000000014,1.0,0.0,0.0
2016-03-18,12:45:00,82.46,82.5,82.33,82.375,37331.0000000014,1.0,0.0,0.0
2016-03-18,13:00:00,82.36,82.42,82.36,82.3799,22787.000000001397,1.0,0.0,0.0
2016-03-18,13:15:00,82.37,82.38,82.22,82.245,27660.000000001397,1.0,0.0,0.0
2016-03-18,13:30:00,82.245,82.28,82.17,82.18,34117.0000000014,1.0,0.0,0.0
2016-03-18,13:45:00,82.19,82.225,82.11,82.17,41381.0000000014,1.0,0.0,0.0
2016-03-18,14:00:00,82.17,82.44,82.14,82.41,84126.0000000014,1.0,0.0,0.0
2016-03-18,14:15:00,82.4,82.405,82.3,82.33,71301.0000000014,1.0,0.0,0.0
2016-03-18,14:30:00,82.32,82.41,82.29,82.39,80711.0000000014,1.0,0.0,0.0
2016-03-18,14:45:00,82.41,82.601,82.4,82.57,85952.0000000014,1.0,0.0,0.0
2016-03-18,15:00:00,82.58,82.58,82.46,82.5,69042.0000000014,1.0,0.0,0.0
2016-03-18,15:15:00,82.5,82.86,82.49,82.86,118380.0000000014,1.0,0.0,0.0
2016-03-18,15:30:00,82.86,83.14,82.79,83.13,151084.0000000014,1.0,0.0,0.0
2016-03-18,15:45:00,83.135,83.33,83.13,83.3,174268.0000000014,1.0,0.0,0.0
2016-03-21,09:30:00,83.3,83.46,82.62,82.78,450582.0000000014,1.0,0.0,0.0
2016-03-21,09:45:00,82.71,82.93,82.5,82.57,99499.0000000014,1.0,0.0,0.0
2016-03-21,10:00:00,82.55,82.55,82.1,82.38,71173.0000000014,1.0,0.0,0.0
2016-03-21,10:17:00,82.38,82.4,81.87,81.992,73492.0000000014,1.0,0.0,0.0
2016-03-21,10:32:00,81.98,81.98,81.65,81.69,55412.0000000014,1.0,0.0,0.0
2016-03-21,10:47:00,81.68,81.83,81.47,81.6,59811.0000000014,1.0,0.0,0.0
2016-03-21,11:02:00,81.5999,81.6,81.44,81.59,52927.0000000014,1.0,0.0,0.0
2016-03-21,11:17:00,81.58,81.65,81.54,81.61,51069.0000000014,1.0,0.0,0.0
2016-03-21,11:32:00,81.61,81.66,81.41,81.51,86855.0000000014,1.0,0.0,0.0
2016-03-21,11:47:00,81.5,81.59,81.45,81.45,35696.0000000014,1.0,0.0,0.0
2016-03-21,12:02:00,81.45,81.5534,81.45,81.54,42755.0000000014,1.0,0.0,0.0
2016-03-21,12:17:00,81.54,81.5599,81.47,81.49,40490.0000000014,1.0,0.0,0.0
2016-03-21,12:32:00,81.51,81.53,81.405,81.41,37846.0000000014,1.0,0.0,0.0
2016-03-21,12:47:00,81.41,81.435,81.3,81.34899999999999,44579.0000000014,1.0,0.0,0.0
2016-03-21,13:02:00,81.34,81.38,81.23,81.34,54053.0000000014,1.0,0.0,0.0
2016-03-21,13:17:00,81.33,81.39,81.29,81.36,33520.0000000014,1.0,0.0,0.0
2016-03-21,13:32:00,81.36,81.425,81.25,81.4,62291.0000000014,1.0,0.0,0.0
2016-03-21,13:47:00,81.4,81.405,81.28,81.33,49312.0000000014,1.0,0.0,0.0
2016-03-21,14:02:00,81.325,81.46,81.265,81.4,48442.0000000014,1.0,0.0,0.0
2016-03-21,14:17:00,81.39,81.475,81.38,81.46,45309.0000000014,1.0,0.0,0.0
2016-03-21,14:32:00,81.45,81.48,81.37,81.42,55091.0000000014,1.0,0.0,0.0
2016-03-21,14:47:00,81.4,81.5,81.32,81.43,81493.0000000014,1.0,0.0,0.0
2016-03-21,15:02:00,81.44,81.49,81.42,81.47800000000001,52018.0000000014,1.0,0.0,0.0
2016-03-21,15:17:00,81.48,81.56,81.4,81.55,78829.0000000014,1.0,0.0,0.0
2016-03-21,15:32:00,81.55,81.67,81.52,81.52,90991.0000000014,1.0,0.0,0.0
2016-03-21,15:47:00,81.52,81.5843,81.39,81.39,121248.0000000014,1.0,0.0,0.0
2016-03-22,09:32:00,81.39,81.51,81.0,81.12,281213.0000000014,1.0,0.0,0.0
2016-03-22,09:48:00,81.055,81.25,80.92,80.97,21320.000000001397,1.0,0.0,0.0
2016-03-22,10:03:00,80.95,81.18,80.87,81.13,19601.000000001397,1.0,0.0,0.0
2016-03-22,10:18:00,81.08,81.28,81.0,81.11,21480.000000001397,1.0,0.0,0.0
2016-03-22,10:36:00,81.12,81.25,80.97,81.14,27684.000000001397,1.0,0.0,0.0
2016-03-22,10:51:00,81.12,81.21,81.08,81.12,10248.000000001397,1.0,0.0,0.0
2016-03-22,11:06:00,81.125,81.1299,80.95,81.09,19479.000000001397,1.0,0.0,0.0
2016-03-22,11:21:00,81.1,81.13,81.04,81.1,21929.000000001397,1.0,0.0,0.0
2016-03-22,11:36:00,81.11,81.13,81.02,81.09,28195.000000001397,1.0,0.0,0.0
2016-03-22,11:51:00,81.0905,81.2,81.08,81.17,36006.0000000014,1.0,0.0,0.0
2016-03-22,12:06:00,81.16,81.22,81.1,81.2,18793.000000001397,1.0,0.0,0.0
2016-03-22,12:21:00,81.2,81.31,81.15,81.31,22027.000000001397,1.0,0.0,0.0
2016-03-22,12:36:00,81.31,81.39,81.24,81.375,14800.000000001397,1.0,0.0,0.0
2016-03-22,12:51:00,81.39,81.44,81.35,81.37,27397.000000001397,1.0,0.0,0.0
2016-03-22,13:07:00,81.37,81.51,81.35,81.5,32204.000000001397,1.0,0.0,0.0
2016-03-22,13:22:00,81.5,81.54,81.48,81.51,22250.000000001397,1.0,0.0,0.0
2016-03-22,13:37:00,81.51,81.56,81.44,81.45,26638.000000001397,1.0,0.0,0.0
2016-03-22,13:52:00,81.44,81.49,81.43,81.48,19408.000000001397,1.0,0.0,0.0
2016-03-22,14:07:00,81.47,81.48,81.3727,81.4099,20724.000000001397,1.0,0.0,0.0
2016-03-22,14:22:00,81.41,81.45,81.35,81.415,26730.000000001397,1.0,0.0,0.0
2016-03-22,14:37:00,81.42,81.4454,81.28,81.3,28221.000000001397,1.0,0.0,0.0
2016-03-22,14:52:00,81.31,81.42,81.2,81.2,42735.0000000014,1.0,0.0,0.0
2016-03-22,15:07:00,81.2,81.2729,81.04,81.07,48789.0000000014,1.0,0.0,0.0
2016-03-22,15:22:00,81.07,81.16,81.0,81.03,73974.0000000014,1.0,0.0,0.0
2016-03-22,15:37:00,81.035,81.13,81.0,81.01,68114.0000000014,1.0,0.0,0.0
2016-03-22,15:52:00,81.015,81.03,80.74,80.8,230627.0000000014,1.0,0.0,0.0
2016-03-23,09:37:00,80.8,81.06,80.14,80.74,378932.0000000014,1.0,0.0,0.0
2016-03-23,09:52:00,80.81,80.83,80.36,80.44,51623.0000000014,1.0,0.0,0.0
2016-03-23,10:07:00,80.41,80.98,80.4,80.69,38927.0000000014,1.0,0.0,0.0
2016-03-23,10:22:00,80.69,80.84,80.65,80.83,28111.000000001397,1.0,0.0,0.0
2016-03-23,10:37:00,80.84,80.95,80.71,80.82,30413.000000001397,1.0,0.0,0.0
2016-03-23,10:52:00,80.82,81.07,80.79,81.06,44725.0000000014,1.0,0.0,0.0
2016-03-23,11:07:00,81.03,81.15,80.96,81.04,33624.0000000014,1.0,0.0,0.0
2016-03-23,11:22:00,81.06,81.37,81.06,81.37,87731.0000000014,1.0,0.0,0.0
2016-03-23,11:37:00,81.37,81.51,81.13,81.32,66167.0000000014,1.0,0.0,0.0
2016-03-23,11:52:00,81.27,81.35,81.18,81.31,27222.000000001397,1.0,0.0,0.0
2016-03-23,12:07:00,81.315,81.45,81.28,81.3699,22113.000000001397,1.0,0.0,0.0
2016-03-23,12:23:00,81.35,81.47,81.27,81.42,26731.000000001397,1.0,0.0,0.0
2016-03-23,12:39:00,81.42,81.47,81.26,81.27,34085.0000000014,1.0,0.0,0.0
2016-03-23,12:54:00,81.27,81.31,81.16,81.28,39059.0000000014,1.0,0.0,0.0
2016-03-23,13:09:00,81.27,81.34,81.11,81.2,34046.0000000014,1.0,0.0,0.0
2016-03-23,13:24:00,81.21,81.42,81.18,81.4,28438.000000001397,1.0,0.0,0.0
2016-03-23,13:39:00,81.4,81.5,81.27,81.5,39860.0000000014,1.0,0.0,0.0
2016-03-23,13:54:00,81.49,81.73,81.49,81.7144,57664.0000000014,1.0,0.0,0.0
2016-03-23,14:09:00,81.7055,81.9,81.7,81.8,95068.0000000014,1.0,0.0,0.0
2016-03-23,14:24:00,81.79,81.98,81.76,81.95,59317.0000000014,1.0,0.0,0.0
2016-03-23,14:39:00,81.95,81.97,81.66,81.69,47298.0000000014,1.0,0.0,0.0
2016-03-23,14:54:00,81.67,81.81,81.58,81.61,41779.0000000014,1.0,0.0,0.0
2016-03-23,15:09:00,81.63,81.655,81.42,81.43,48370.0000000014,1.0,0.0,0.0
2016-03-23,15:24:00,81.41,81.52,81.31,81.32,49665.0000000014,1.0,0.0,0.0
2016-03-23,15:39:00,81.33,81.46,81.26,81.46,82892.0000000014,1.0,0.0,0.0
2016-03-23,15:54:00,81.46,81.64,81.42,81.53,190135.0000000014,1.0,0.0,0.0
2016-03-24,09:39:00,81.51,81.73,80.64,80.82,343427.0000000014,1.0,0.0,0.0
2016-03-24,09:54:00,80.86,80.95,80.63,80.67,33313.0000000014,1.0,0.0,0.0
2016-03-24,10:09:00,80.66,81.09,80.4,81.0,89655.0000000014,1.0,0.0,0.0
2016-03-24,10:24:00,81.0,81.35,80.89,81.35,32849.0000000014,1.0,0.0,0.0
2016-03-24,10:39:00,81.325,81.3999,81.05,81.17,51939.0000000014,1.0,0.0,0.0
2016-03-24,10:54:00,81.19,81.3,80.97,81.01,31078.000000001397,1.0,0.0,0.0
2016-03-24,11:09:00,81.04,81.34,81.01,81.34,47882.0000000014,1.0,0.0,0.0
2016-03-24,11:24:00,81.37899999999999,81.47,81.2,81.25,30968.000000001397,1.0,0.0,0.0
2016-03-24,11:39:00,81.28,81.4999,81.23,81.35,29477.000000001397,1.0,0.0,0.0
2016-03-24,11:54:00,81.34,81.35,81.26,81.34,21902.000000001397,1.0,0.0,0.0
2016-03-24,12:10:00,81.32,81.38,81.22,81.25,46151.0000000014,1.0,0.0,0.0
2016-03-24,12:25:00,81.24,81.26,81.18,81.2399,39826.0000000014,1.0,0.0,0.0
2016-03-24,12:40:00,81.21,81.36,81.21,81.25,42671.0000000014,1.0,0.0,0.0
2016-03-24,12:55:00,81.24,81.33,81.23,81.2801,19001.000000001397,1.0,0.0,0.0
2016-03-24,13:11:00,81.3,81.37,81.24,81.36,23971.000000001397,1.0,0.0,0.0
2016-03-24,13:27:00,81.37,81.56,81.31,81.545,36132.0000000014,1.0,0.0,0.0
2016-03-24,13:43:00,81.53,81.59,81.42,81.52,22166.000000001397,1.0,0.0,0.0
2016-03-24,13:58:00,81.52,81.92,81.5,81.63,101551.0000000014,1.0,0.0,0.0
2016-03-24,14:13:00,81.63,81.64,81.38,81.61,71511.0000000014,1.0,0.0,0.0
2016-03-24,14:28:00,81.628,81.74,81.59,81.74,59420.0000000014,1.0,0.0,0.0
2016-03-24,14:43:00,81.74,81.79,81.48,81.65,54383.0000000014,1.0,0.0,0.0
2016-03-24,14:58:00,81.625,81.6899,81.56,81.675,23605.000000001397,1.0,0.0,0.0
2016-03-24,15:13:00,81.69,81.74,81.58,81.73,45062.0000000014,1.0,0.0,0.0
2016-03-24,15:28:00,81.73,81.87,81.71,81.83,57349.0000000014,1.0,0.0,0.0
2016-03-24,15:43:00,81.84,81.84,81.62,81.76,71976.0000000014,1.0,0.0,0.0
2016-03-24,15:58:00,81.78,81.93,81.7,81.92,239104.0000000014,1.0,0.0,0.0
