Date,Time,Open,High,Low,Close,Volume,Split Factor,Earnings,Dividends
2016-01-04,09:33:00,41.35,41.35,41.06,41.3,10071.0,1.0,0.0,0.0
2016-01-04,09:36:00,41.31,41.3125,41.11,41.2,6712.0,1.0,0.0,0.0
2016-01-04,09:39:00,41.15,41.37,41.14,41.37,11212.0,1.0,0.0,0.0
2016-01-04,09:42:00,41.36,41.44,41.2,41.24,7908.0,1.0,0.0,0.0
2016-01-04,09:45:00,41.25,41.37,41.16,41.17,5523.0,1.0,0.0,0.0
2016-01-04,09:48:00,41.13,41.17,41.06,41.11,5560.0,1.0,0.0,0.0
2016-01-04,09:51:00,41.12,41.29,41.04,41.27,5333.0,1.0,0.0,0.0
2016-01-04,09:54:00,41.35,41.47,41.35,41.37,17815.0,1.0,0.0,0.0
2016-01-04,09:57:00,41.37,41.38,41.28,41.341,4766.0,1.0,0.0,0.0
2016-01-04,10:00:00,41.33,41.37,41.27,41.3,3467.0,1.0,0.0,0.0
2016-01-04,10:03:00,41.29,41.35,41.13,41.24,4685.0,1.0,0.0,0.0
2016-01-04,10:06:00,41.2,41.27,41.17,41.19,4652.0,1.0,0.0,0.0
2016-01-04,10:09:00,41.22,41.31,41.18,41.25,3185.0,1.0,0.0,0.0
2016-01-04,10:12:00,41.28,41.28,41.13,41.18,3625.0,1.0,0.0,0.0
2016-01-04,10:15:00,41.23,41.45,41.23,41.45,11091.0,1.0,0.0,0.0
2016-01-04,10:18:00,41.46,41.545,41.45,41.53,6218.0,1.0,0.0,0.0
2016-01-04,10:21:00,41.56,41.74,41.52,41.67,15241.0,1.0,0.0,0.0
2016-01-04,10:24:00,41.67,41.75,41.65,41.69,9489.0,1.0,0.0,0.0
2016-01-04,10:27:00,41.69,41.73,41.65,41.69,5971.0,1.0,0.0,0.0
2016-01-04,10:30:00,41.73,41.73,41.56,41.57,3602.0,1.0,0.0,0.0
2016-01-04,10:33:00,41.58,41.62,41.57,41.57,4534.0,1.0,0.0,0.0
2016-01-04,10:36:00,41.56,41.56,41.43,41.43,1546.0,1.0,0.0,0.0
2016-01-04,10:39:00,41.42,41.46,41.39,41.39,3434.0,1.0,0.0,0.0
2016-01-04,10:42:00,41.39,41.39,41.27,41.31,4015.0,1.0,0.0,0.0
2016-01-04,10:46:00,41.33,41.49,41.33,41.49,10609.0,1.0,0.0,0.0
2016-01-04,10:49:00,41.51,41.601000000000006,41.49,41.56,7493.0,1.0,0.0,0.0
2016-01-04,10:52:00,41.57,41.59,41.49,41.49,1902.0,1.0,0.0,0.0
2016-01-04,10:55:00,41.51,41.53,41.45,41.47,3148.0,1.0,0.0,0.0
2016-01-04,10:58:00,41.44,41.44,41.39,41.4,1469.0,1.0,0.0,0.0
2016-01-04,11:01:00,41.39,41.41,41.2576,41.35,7395.0,1.0,0.0,0.0
2016-01-04,11:04:00,41.36,41.36,41.32,41.34,3489.0,1.0,0.0,0.0
2016-01-04,11:07:00,41.36,41.37,41.29,41.3,5146.0,1.0,0.0,0.0
2016-01-04,11:10:00,41.3,41.3399,41.27,41.27,3766.0,1.0,0.0,0.0
2016-01-04,11:13:00,41.27,41.33,41.24,41.33,1700.0,1.0,0.0,0.0
2016-01-04,11:16:00,41.36,41.36,41.3,41.33,2393.0,1.0,0.0,0.0
2016-01-04,11:19:00,41.325,41.38,41.31,41.31,4899.0,1.0,0.0,0.0
2016-01-04,11:22:00,41.31,41.31,41.27,41.3,4149.0,1.0,0.0,0.0
2016-01-04,11:25:00,41.31,41.37,41.31,41.34,4240.0,1.0,0.0,0.0
2016-01-04,11:28:00,41.3401,41.4,41.34,41.38,2079.0,1.0,0.0,0.0
2016-01-04,11:31:00,41.37,41.39,41.35,41.37,4213.0,1.0,0.0,0.0
2016-01-04,11:34:00,41.37,41.44,41.36,41.44,2434.0,1.0,0.0,0.0
2016-01-04,11:37:00,41.4,41.45,41.4,41.43,3438.0,1.0,0.0,0.0
2016-01-04,11:41:00,41.43,41.46,41.43,41.43,1890.0,1.0,0.0,0.0
2016-01-04,11:44:00,41.43,41.48,41.41,41.41,3832.0,1.0,0.0,0.0
2016-01-04,11:47:00,41.42,41.44,41.39,41.44,3284.0,1.0,0.0,0.0
2016-01-04,11:50:00,41.4598,41.5,41.44,41.495,1829.0,1.0,0.0,0.0
2016-01-04,11:53:00,41.51,41.54,41.48,41.51,2780.0,1.0,0.0,0.0
2016-01-04,11:56:00,41.52,41.57,41.51,41.53,4484.0,1.0,0.0,0.0
2016-01-04,11:59:00,41.51,41.52,41.47,41.52,2109.0,1.0,0.0,0.0
2016-01-04,12:02:00,41.5199,41.5199,41.45,41.485,2185.0,1.0,0.0,0.0
2016-01-04,12:05:00,41.482,41.55,41.47,41.52,2623.0,1.0,0.0,0.0
2016-01-04,12:08:00,41.52,41.58,41.51,41.58,2706.0,1.0,0.0,0.0
2016-01-04,12:11:00,41.58,41.58,41.52,41.53,1356.0,1.0,0.0,0.0
2016-01-04,12:14:00,41.52,41.53,41.48,41.48,2004.0,1.0,0.0,0.0
2016-01-04,12:17:00,41.47,41.49,41.46,41.48,1280.0,1.0,0.0,0.0
2016-01-04,12:20:00,41.48,41.49,41.39,41.42,3463.0,1.0,0.0,0.0
2016-01-04,12:24:00,41.4,41.41,41.38,41.38,1335.0,1.0,0.0,0.0
2016-01-04,12:27:00,41.38,41.41,41.3701,41.38,1000.0,1.0,0.0,0.0
2016-01-04,12:30:00,41.4,41.46,41.4,41.45,3299.0,1.0,0.0,0.0
2016-01-04,12:33:00,41.42,41.42,41.37,41.4199,1822.0,1.0,0.0,0.0
2016-01-04,12:37:00,41.42,41.43,41.4,41.42,1681.0,1.0,0.0,0.0
2016-01-04,12:40:00,41.43,41.4799,41.43,41.4499,1702.0,1.0,0.0,0.0
2016-01-04,12:43:00,41.4449,41.54,41.43,41.51,4141.0,1.0,0.0,0.0
2016-01-04,12:46:00,41.53,41.6199,41.53,41.59,5405.0,1.0,0.0,0.0
2016-01-04,12:49:00,41.62,41.62,41.58,41.59,2839.0,1.0,0.0,0.0
2016-01-04,12:52:00,41.59,41.61,41.57,41.59,1711.0,1.0,0.0,0.0
2016-01-04,12:56:00,41.59,41.63,41.55,41.55,2327.0,1.0,0.0,0.0
2016-01-04,12:59:00,41.55,41.57,41.52,41.56,2669.0,1.0,0.0,0.0
2016-01-04,13:02:00,41.56,41.56,41.44,41.48,5217.0,1.0,0.0,0.0
2016-01-04,13:06:00,41.55,41.57,41.5025,41.53,3223.0,1.0,0.0,0.0
2016-01-04,13:09:00,41.54,41.6,41.51,41.58,1646.0,1.0,0.0,0.0
2016-01-04,13:12:00,41.56,41.6199,41.56,41.6199,5777.0,1.0,0.0,0.0
2016-01-04,13:15:00,41.62,41.67,41.62,41.66,3333.0,1.0,0.0,0.0
2016-01-04,13:18:00,41.68,41.7799,41.68,41.7799,3879.0,1.0,0.0,0.0
2016-01-04,13:21:00,41.75,41.78,41.7,41.78,2892.0,1.0,0.0,0.0
2016-01-04,13:24:00,41.75,41.75,41.66,41.67,2389.0,1.0,0.0,0.0
2016-01-04,13:27:00,41.6654,41.69,41.64,41.68,1739.0,1.0,0.0,0.0
2016-01-04,13:30:00,41.6799,41.765,41.6799,41.74,3915.0,1.0,0.0,0.0
2016-01-04,13:33:00,41.75,41.7699,41.73,41.74,1787.0,1.0,0.0,0.0
2016-01-04,13:36:00,41.74,41.78,41.73,41.75,2671.0,1.0,0.0,0.0
2016-01-04,13:39:00,41.75,41.81,41.75,41.8,1748.0,1.0,0.0,0.0
2016-01-04,13:42:00,41.83,41.86,41.795,41.86,1265.0,1.0,0.0,0.0
2016-01-04,13:45:00,41.8599,41.8599,41.81,41.81,1325.0,1.0,0.0,0.0
2016-01-04,13:48:00,41.81100000000001,41.82,41.77,41.79,5069.0,1.0,0.0,0.0
2016-01-04,13:51:00,41.78,41.83,41.78,41.8225,636.0,1.0,0.0,0.0
2016-01-04,13:55:00,41.8499,41.87,41.82,41.85,4153.0,1.0,0.0,0.0
2016-01-04,13:58:00,41.85,41.85,41.78,41.81,2664.0,1.0,0.0,0.0
2016-01-04,14:01:00,41.824,41.8297,41.73,41.73,3017.0,1.0,0.0,0.0
2016-01-04,14:04:00,41.73,41.77,41.71,41.75,2057.0,1.0,0.0,0.0
2016-01-04,14:07:00,41.75,41.78,41.73,41.762,6414.0,1.0,0.0,0.0
2016-01-04,14:10:00,41.77,41.79,41.75,41.75,2586.0,1.0,0.0,0.0
2016-01-04,14:13:00,41.7599,41.7599,41.68,41.72,3896.0,1.0,0.0,0.0
2016-01-04,14:16:00,41.71,41.71,41.68,41.68,946.0,1.0,0.0,0.0
2016-01-04,14:19:00,41.68,41.76,41.65,41.7599,3350.0,1.0,0.0,0.0
2016-01-04,14:22:00,41.76,41.79,41.75,41.79,3536.0,1.0,0.0,0.0
2016-01-04,14:26:00,41.7901,41.8,41.775,41.79,2889.0,1.0,0.0,0.0
2016-01-04,14:29:00,41.79,41.83,41.79,41.8,1931.0,1.0,0.0,0.0
2016-01-04,14:33:00,41.79,41.79,41.68,41.68,5365.0,1.0,0.0,0.0
2016-01-04,14:36:00,41.68,41.7,41.67,41.67,2440.0,1.0,0.0,0.0
2016-01-04,14:39:00,41.67,41.7199,41.67,41.7199,1224.0,1.0,0.0,0.0
2016-01-04,14:42:00,41.72,41.72,41.69,41.7,4487.0,1.0,0.0,0.0
2016-01-04,14:45:00,41.71,41.74,41.68,41.72,2620.0,1.0,0.0,0.0
2016-01-04,14:48:00,41.7499,41.79,41.71,41.772,4179.0,1.0,0.0,0.0
2016-01-04,14:52:00,41.79,41.81,41.78,41.8,4640.0,1.0,0.0,0.0
2016-01-04,14:55:00,41.8,41.81,41.77,41.79,6166.0,1.0,0.0,0.0
2016-01-04,14:58:00,41.79,41.79,41.75,41.75,931.0,1.0,0.0,0.0
2016-01-04,15:01:00,41.78,41.79,41.73,41.73,3823.0,1.0,0.0,0.0
2016-01-04,15:04:00,41.72,41.75,41.67,41.69,2796.0,1.0,0.0,0.0
2016-01-04,15:07:00,41.69,41.71,41.66,41.71,3202.0,1.0,0.0,0.0
2016-01-04,15:10:00,41.72,41.76,41.71,41.76,4366.0,1.0,0.0,0.0
2016-01-04,15:13:00,41.74,41.74,41.7,41.72,4186.0,1.0,0.0,0.0
2016-01-04,15:16:00,41.73,41.75,41.72,41.72,1836.0,1.0,0.0,0.0
2016-01-04,15:19:00,41.73,41.74,41.69,41.69,5288.0,1.0,0.0,0.0
2016-01-04,15:22:00,41.68,41.71,41.67,41.67,4739.0,1.0,0.0,0.0
2016-01-04,15:25:00,41.66,41.67,41.64,41.67,3098.0,1.0,0.0,0.0
2016-01-04,15:28:00,41.6601,41.67,41.63,41.67,3090.0,1.0,0.0,0.0
2016-01-04,15:31:00,41.7,41.75,41.69,41.72,7280.0,1.0,0.0,0.0
2016-01-04,15:34:00,41.72,41.78,41.72,41.76,6997.0,1.0,0.0,0.0
2016-01-04,15:37:00,41.76,41.77,41.72,41.73,12669.0,1.0,0.0,0.0
2016-01-04,15:40:00,41.73,41.84,41.73,41.8,11289.0,1.0,0.0,0.0
2016-01-04,15:43:00,41.81,41.83,41.79,41.8,7433.0,1.0,0.0,0.0
2016-01-04,15:46:00,41.8,41.94,41.7901,41.91,23192.0,1.0,0.0,0.0
2016-01-04,15:49:00,41.9,41.95,41.84,41.92,9141.0,1.0,0.0,0.0
2016-01-04,15:52:00,41.93,41.93,41.82,41.86,10688.0,1.0,0.0,0.0
2016-01-04,15:55:00,41.85,41.92,41.84,41.88,13805.0,1.0,0.0,0.0
2016-01-04,15:58:00,41.88,41.91,41.83,41.86,17195.0,1.0,0.0,0.0
2016-01-05,09:31:00,41.87,41.98,41.69,41.98,28314.0,1.0,0.0,0.0
2016-01-05,09:34:00,41.93,42.03,41.89,41.99,2561.0,1.0,0.0,0.0
2016-01-05,09:37:00,42.05,42.12,41.82,41.835,11902.0,1.0,0.0,0.0
2016-01-05,09:40:00,41.85,42.04,41.79,41.795,36032.0,1.0,0.0,0.0
2016-01-05,09:43:00,41.78,41.78,41.67,41.71,2559.0,1.0,0.0,0.0
2016-01-05,09:46:00,41.69,41.69,41.56,41.63,11569.0,1.0,0.0,0.0
2016-01-05,09:49:00,41.59,41.6,41.52,41.55,2057.0,1.0,0.0,0.0
2016-01-05,09:52:00,41.54,41.54,41.43,41.43,3039.0,1.0,0.0,0.0
2016-01-05,09:55:00,41.43,41.44,41.37,41.4,5580.0,1.0,0.0,0.0
2016-01-05,09:58:00,41.4,41.46,41.4,41.42,3927.0,1.0,0.0,0.0
2016-01-05,10:01:00,41.42,41.45,41.27,41.27,7847.0,1.0,0.0,0.0
2016-01-05,10:04:00,41.27,41.42,41.27,41.39,3332.0,1.0,0.0,0.0
2016-01-05,10:07:00,41.39,41.465,41.375,41.42,3289.0,1.0,0.0,0.0
2016-01-05,10:10:00,41.43,41.43,41.37,41.4,2969.0,1.0,0.0,0.0
2016-01-05,10:13:00,41.43,41.46,41.34,41.34,3334.0,1.0,0.0,0.0
2016-01-05,10:16:00,41.35,41.37,41.35,41.35,1566.0,1.0,0.0,0.0
2016-01-05,10:19:00,41.34,41.36,41.29,41.29,2462.0,1.0,0.0,0.0
2016-01-05,10:22:00,41.31,41.32,41.2,41.2,3080.0,1.0,0.0,0.0
2016-01-05,10:25:00,41.21,41.26,41.19,41.21,3350.0,1.0,0.0,0.0
2016-01-05,10:28:00,41.22,41.228,41.13,41.16,1835.0,1.0,0.0,0.0
2016-01-05,10:31:00,41.16,41.19,41.045,41.045,7345.0,1.0,0.0,0.0
2016-01-05,10:34:00,41.045,41.19,41.045,41.11,6846.0,1.0,0.0,0.0
2016-01-05,10:37:00,41.12,41.27,41.1,41.22,5475.0,1.0,0.0,0.0
2016-01-05,10:40:00,41.24,41.3225,41.23,41.3,2389.0,1.0,0.0,0.0
2016-01-05,10:43:00,41.31,41.35,41.31,41.34,2034.0,1.0,0.0,0.0
2016-01-05,10:46:00,41.34,41.37,41.26,41.31,4090.0,1.0,0.0,0.0
2016-01-05,10:49:00,41.2801,41.44,41.2801,41.43,4191.0,1.0,0.0,0.0
2016-01-05,10:52:00,41.45,41.52,41.42,41.52,11995.0,1.0,0.0,0.0
2016-01-05,10:55:00,41.51,41.51,41.45,41.49,2304.0,1.0,0.0,0.0
2016-01-05,10:58:00,41.47,41.51,41.46,41.46,5779.0,1.0,0.0,0.0
2016-01-05,11:01:00,41.46,41.55,41.46,41.55,4046.0,1.0,0.0,0.0
2016-01-05,11:04:00,41.55,41.55,41.45,41.47,3666.0,1.0,0.0,0.0
2016-01-05,11:07:00,41.5,41.51,41.46,41.48,4885.0,1.0,0.0,0.0
2016-01-05,11:10:00,41.47,41.47,41.38,41.38,6462.0,1.0,0.0,0.0
2016-01-05,11:13:00,41.4,41.46,41.37,41.37,5181.0,1.0,0.0,0.0
2016-01-05,11:16:00,41.32,41.35,41.25,41.3,2896.0,1.0,0.0,0.0
2016-01-05,11:19:00,41.32,41.43,41.32,41.37,12669.0,1.0,0.0,0.0
2016-01-05,11:22:00,41.37,41.37,41.31,41.35,1621.0,1.0,0.0,0.0
2016-01-05,11:25:00,41.35,41.41,41.31,41.38,4073.0,1.0,0.0,0.0
2016-01-05,11:28:00,41.43,41.44,41.39,41.39,1066.0,1.0,0.0,0.0
2016-01-05,11:31:00,41.37,41.38,41.32,41.37,2336.0,1.0,0.0,0.0
2016-01-05,11:34:00,41.375,41.42,41.36,41.42,1707.0,1.0,0.0,0.0
2016-01-05,11:37:00,41.42,41.43,41.38,41.38,1781.0,1.0,0.0,0.0
2016-01-05,11:40:00,41.37,41.41,41.3,41.41,3252.0,1.0,0.0,0.0
2016-01-05,11:43:00,41.4,41.42,41.37,41.4,1784.0,1.0,0.0,0.0
2016-01-05,11:46:00,41.38,41.38,41.32,41.34,2633.0,1.0,0.0,0.0
2016-01-05,11:49:00,41.38,41.42,41.3689,41.42,2274.0,1.0,0.0,0.0
2016-01-05,11:52:00,41.42,41.45,41.4,41.4,5310.0,1.0,0.0,0.0
2016-01-05,11:55:00,41.36,41.4,41.36,41.39,2749.0,1.0,0.0,0.0
2016-01-05,11:59:00,41.37,41.39,41.34,41.37,3646.0,1.0,0.0,0.0
2016-01-05,12:02:00,41.35,41.35,41.22,41.26,2446.0,1.0,0.0,0.0
2016-01-05,12:05:00,41.28,41.28,41.21,41.21,2901.0,1.0,0.0,0.0
2016-01-05,12:08:00,41.21,41.22,41.17,41.17,2040.0,1.0,0.0,0.0
2016-01-05,12:11:00,41.15,41.19,41.1301,41.17,2201.0,1.0,0.0,0.0
2016-01-05,12:14:00,41.18,41.18,41.12,41.15,2117.0,1.0,0.0,0.0
2016-01-05,12:19:00,41.11,41.13,41.08,41.12,819.0,1.0,0.0,0.0
2016-01-05,12:22:00,41.1,41.13,41.08,41.13,1139.0,1.0,0.0,0.0
2016-01-05,12:26:00,41.13,41.14,41.1,41.1,2602.0,1.0,0.0,0.0
2016-01-05,12:29:00,41.12,41.16,41.12,41.15,1472.0,1.0,0.0,0.0
2016-01-05,12:32:00,41.13,41.2,41.13,41.1401,2310.0,1.0,0.0,0.0
2016-01-05,12:35:00,41.17,41.19,41.15,41.16,2858.0,1.0,0.0,0.0
2016-01-05,12:38:00,41.16,41.19,41.12,41.13,2219.0,1.0,0.0,0.0
2016-01-05,12:42:00,41.15,41.19,41.14,41.15,3033.0,1.0,0.0,0.0
2016-01-05,12:45:00,41.13,41.13,41.09,41.13,2592.0,1.0,0.0,0.0
2016-01-05,12:49:00,41.13,41.14,41.12,41.14,1452.0,1.0,0.0,0.0
2016-01-05,12:52:00,41.14,41.14,41.11,41.13,1729.0,1.0,0.0,0.0
2016-01-05,12:55:00,41.12,41.15,41.12,41.13,6614.0,1.0,0.0,0.0
2016-01-05,12:58:00,41.15,41.16,41.14,41.15,1510.0,1.0,0.0,0.0
2016-01-05,13:01:00,41.15,41.18,41.14,41.17,2227.0,1.0,0.0,0.0
2016-01-05,13:04:00,41.17,41.23,41.15,41.22,1999.0,1.0,0.0,0.0
2016-01-05,13:07:00,41.25,41.25,41.22,41.22,1600.0,1.0,0.0,0.0
2016-01-05,13:10:00,41.21,41.25,41.19,41.25,1533.0,1.0,0.0,0.0
2016-01-05,13:13:00,41.26,41.26,41.16,41.22,7653.0,1.0,0.0,0.0
2016-01-05,13:16:00,41.23,41.23,41.19,41.2,1126.0,1.0,0.0,0.0
2016-01-05,13:19:00,41.2,41.21,41.14,41.14,2137.0,1.0,0.0,0.0
2016-01-05,13:22:00,41.13,41.13,41.09,41.11,3781.0,1.0,0.0,0.0
2016-01-05,13:25:00,41.1,41.1,41.05,41.05,1913.0,1.0,0.0,0.0
2016-01-05,13:28:00,41.05,41.1,41.05,41.0856,1515.0,1.0,0.0,0.0
2016-01-05,13:31:00,41.0656,41.08,41.04,41.06,1116.0,1.0,0.0,0.0
2016-01-05,13:34:00,41.05,41.07,41.04,41.05,1702.0,1.0,0.0,0.0
2016-01-05,13:37:00,41.0401,41.09,41.0401,41.08,538.0,1.0,0.0,0.0
2016-01-05,13:40:00,41.08,41.13,41.05,41.1,3051.0,1.0,0.0,0.0
2016-01-05,13:44:00,41.11,41.15,41.11,41.13,1429.0,1.0,0.0,0.0
2016-01-05,13:47:00,41.15,41.17,41.15,41.15,1215.0,1.0,0.0,0.0
2016-01-05,13:50:00,41.16,41.2,41.16,41.18,1135.0,1.0,0.0,0.0
2016-01-05,13:53:00,41.18,41.21,41.18,41.21,1410.0,1.0,0.0,0.0
2016-01-05,13:56:00,41.22,41.25,41.21,41.21,3917.0,1.0,0.0,0.0
2016-01-05,14:00:00,41.2,41.22,41.19,41.21,3664.0,1.0,0.0,0.0
2016-01-05,14:03:00,41.21,41.21,41.17,41.21,4809.0,1.0,0.0,0.0
2016-01-05,14:06:00,41.2,41.22,41.17,41.21,1523.0,1.0,0.0,0.0
2016-01-05,14:09:00,41.21,41.22,41.19,41.21,2379.0,1.0,0.0,0.0
2016-01-05,14:12:00,41.21,41.23,41.2,41.2142,2255.0,1.0,0.0,0.0
2016-01-05,14:15:00,41.23,41.27,41.22,41.25,3477.0,1.0,0.0,0.0
2016-01-05,14:19:00,41.25,41.31,41.24,41.3,2415.0,1.0,0.0,0.0
2016-01-05,14:22:00,41.32,41.36,41.3,41.33,4808.0,1.0,0.0,0.0
2016-01-05,14:25:00,41.33,41.35,41.32,41.35,808.0,1.0,0.0,0.0
2016-01-05,14:28:00,41.34,41.3775,41.34,41.36,1872.0,1.0,0.0,0.0
2016-01-05,14:31:00,41.35,41.39,41.34,41.37,2480.0,1.0,0.0,0.0
2016-01-05,14:34:00,41.38,41.38,41.34,41.34,3993.0,1.0,0.0,0.0
2016-01-05,14:37:00,41.33,41.37,41.3,41.3,3093.0,1.0,0.0,0.0
2016-01-05,14:40:00,41.3,41.36,41.3,41.34,3074.0,1.0,0.0,0.0
2016-01-05,14:43:00,41.35,41.36,41.32,41.32,1852.0,1.0,0.0,0.0
2016-01-05,14:46:00,41.31,41.3399,41.29,41.29,1314.0,1.0,0.0,0.0
2016-01-05,14:49:00,41.31,41.32,41.3,41.31,1745.0,1.0,0.0,0.0
2016-01-05,14:52:00,41.32,41.36,41.3,41.333999999999996,2731.0,1.0,0.0,0.0
2016-01-05,14:55:00,41.33,41.33,41.31,41.32,3117.0,1.0,0.0,0.0
2016-01-05,14:58:00,41.31,41.32,41.27,41.29,4423.0,1.0,0.0,0.0
2016-01-05,15:01:00,41.28,41.31,41.28,41.29,2639.0,1.0,0.0,0.0
2016-01-05,15:04:00,41.27,41.27,41.25,41.25,1515.0,1.0,0.0,0.0
2016-01-05,15:07:00,41.26,41.285,41.24,41.27,3540.0,1.0,0.0,0.0
2016-01-05,15:10:00,41.27,41.28,41.26,41.27,3198.0,1.0,0.0,0.0
2016-01-05,15:13:00,41.27,41.3,41.26,41.3,6168.0,1.0,0.0,0.0
2016-01-05,15:16:00,41.3,41.31,41.29,41.298,3283.0,1.0,0.0,0.0
2016-01-05,15:19:00,41.2956,41.31,41.25,41.25,4282.0,1.0,0.0,0.0
2016-01-05,15:22:00,41.25,41.26,41.22,41.2499,3406.0,1.0,0.0,0.0
2016-01-05,15:25:00,41.23,41.3,41.22,41.2799,4725.0,1.0,0.0,0.0
2016-01-05,15:28:00,41.28,41.29,41.26,41.28,6151.0,1.0,0.0,0.0
2016-01-05,15:31:00,41.28,41.28,41.24,41.24,5903.0,1.0,0.0,0.0
2016-01-05,15:34:00,41.24,41.32,41.24,41.3,8243.0,1.0,0.0,0.0
2016-01-05,15:37:00,41.3,41.31,41.22,41.26,7669.0,1.0,0.0,0.0
2016-01-05,15:40:00,41.26,41.34,41.25,41.34,8268.0,1.0,0.0,0.0
2016-01-05,15:43:00,41.33,41.36,41.26,41.26,8667.0,1.0,0.0,0.0
2016-01-05,15:46:00,41.25,41.3,41.24,41.25,8482.0,1.0,0.0,0.0
2016-01-05,15:49:00,41.24,41.31,41.24,41.29,15033.0,1.0,0.0,0.0
2016-01-05,15:52:00,41.28,41.31,41.25,41.28,15491.0,1.0,0.0,0.0
2016-01-05,15:55:00,41.28,41.305,41.26,41.29,18851.0,1.0,0.0,0.0
2016-01-05,15:58:00,41.3,41.3199,41.27,41.305,22569.0,1.0,0.0,0.0
2016-01-06,09:32:00,41.31,41.33,40.41,40.43,26269.0,1.0,0.0,0.0
2016-01-06,09:35:00,40.44,40.73,40.43,40.55,10819.0,1.0,0.0,0.0
2016-01-06,09:38:00,40.54,40.62,40.54,40.57,1663.0,1.0,0.0,0.0
2016-01-06,09:41:00,40.59,40.62,40.52,40.52,4871.0,1.0,0.0,0.0
2016-01-06,09:44:00,40.57,40.64,40.52,40.62,5586.0,1.0,0.0,0.0
2016-01-06,09:47:00,40.64,40.8,40.64,40.64,5352.0,1.0,0.0,0.0
2016-01-06,09:50:00,40.64,40.7,40.6,40.68,19515.0,1.0,0.0,0.0
2016-01-06,09:53:00,40.6725,40.74,40.59,40.6,6081.0,1.0,0.0,0.0
2016-01-06,09:56:00,40.64,40.67,40.62,40.62,1985.0,1.0,0.0,0.0
2016-01-06,09:59:00,40.626,40.76,40.6101,40.76,1276.0,1.0,0.0,0.0
2016-01-06,10:02:00,40.7392,40.7601,40.63,40.65,6198.0,1.0,0.0,0.0
2016-01-06,10:05:00,40.66,40.66,40.55,40.56,7613.0,1.0,0.0,0.0
2016-01-06,10:08:00,40.57,40.64,40.57,40.62,3316.0,1.0,0.0,0.0
2016-01-06,10:11:00,40.6,40.67,40.59,40.645,1747.0,1.0,0.0,0.0
2016-01-06,10:14:00,40.65,40.66,40.6,40.64,3467.0,1.0,0.0,0.0
2016-01-06,10:17:00,40.63,40.63,40.57,40.6,3008.0,1.0,0.0,0.0
2016-01-06,10:20:00,40.58,40.63,40.57,40.625,3758.0,1.0,0.0,0.0
2016-01-06,10:23:00,40.64,40.73,40.64,40.73,2987.0,1.0,0.0,0.0
2016-01-06,10:26:00,40.74,40.78,40.72,40.78,3937.0,1.0,0.0,0.0
2016-01-06,10:29:00,40.76,40.78,40.73,40.7599,4318.0,1.0,0.0,0.0
2016-01-06,10:32:00,40.74,40.76,40.63,40.65,4907.0,1.0,0.0,0.0
2016-01-06,10:35:00,40.645,40.66,40.6,40.62,2368.0,1.0,0.0,0.0
2016-01-06,10:38:00,40.6,40.6,40.51,40.51,1554.0,1.0,0.0,0.0
2016-01-06,10:41:00,40.51,40.54,40.47,40.4701,5528.0,1.0,0.0,0.0
2016-01-06,10:44:00,40.4801,40.54,40.4801,40.49,2744.0,1.0,0.0,0.0
2016-01-06,10:47:00,40.48,40.48,40.43,40.45,3553.0,1.0,0.0,0.0
2016-01-06,10:50:00,40.46,40.53,40.45,40.52,2533.0,1.0,0.0,0.0
2016-01-06,10:53:00,40.51,40.51,40.46,40.5,2865.0,1.0,0.0,0.0
2016-01-06,10:56:00,40.49,40.56,40.48,40.56,3692.0,1.0,0.0,0.0
2016-01-06,10:59:00,40.57,40.58,40.55,40.57,3018.0,1.0,0.0,0.0
2016-01-06,11:03:00,40.56,40.63,40.54,40.63,3964.0,1.0,0.0,0.0
2016-01-06,11:06:00,40.65,40.73,40.65,40.7,4821.0,1.0,0.0,0.0
2016-01-06,11:09:00,40.6901,40.74,40.6901,40.74,4135.0,1.0,0.0,0.0
2016-01-06,11:12:00,40.74,40.76,40.71,40.72,6183.0,1.0,0.0,0.0
2016-01-06,11:15:00,40.71,40.76,40.68,40.73,9294.0,1.0,0.0,0.0
2016-01-06,11:19:00,40.73,40.8,40.72,40.8,3931.0,1.0,0.0,0.0
2016-01-06,11:22:00,40.8,40.88,40.79,40.88,2360.0,1.0,0.0,0.0
2016-01-06,11:25:00,40.8931,40.9,40.81,40.81,6795.0,1.0,0.0,0.0
2016-01-06,11:28:00,40.82,40.88,40.82,40.88,4135.0,1.0,0.0,0.0
2016-01-06,11:31:00,40.9,40.9,40.84,40.87,2198.0,1.0,0.0,0.0
2016-01-06,11:34:00,40.861,40.861,40.83,40.85,2385.0,1.0,0.0,0.0
2016-01-06,11:37:00,40.86,40.87,40.7901,40.81,3503.0,1.0,0.0,0.0
2016-01-06,11:40:00,40.81,40.85,40.8,40.84,3366.0,1.0,0.0,0.0
2016-01-06,11:43:00,40.82,40.83,40.8,40.8,1628.0,1.0,0.0,0.0
2016-01-06,11:46:00,40.77,40.79,40.74,40.74,2661.0,1.0,0.0,0.0
2016-01-06,11:49:00,40.74,40.76,40.71,40.74,1658.0,1.0,0.0,0.0
2016-01-06,11:53:00,40.74,40.75,40.72,40.73,4076.0,1.0,0.0,0.0
2016-01-06,11:56:00,40.73,40.73,40.66,40.66,9370.0,1.0,0.0,0.0
2016-01-06,11:59:00,40.65,40.6717,40.6301,40.64,1382.0,1.0,0.0,0.0
2016-01-06,12:02:00,40.65,40.66,40.59,40.59,3754.0,1.0,0.0,0.0
2016-01-06,12:05:00,40.62,40.6213,40.61,40.61,1733.0,1.0,0.0,0.0
2016-01-06,12:08:00,40.6,40.64,40.6,40.64,9017.0,1.0,0.0,0.0
2016-01-06,12:13:00,40.64,40.6674,40.62,40.66,3504.0,1.0,0.0,0.0
2016-01-06,12:16:00,40.659,40.69,40.659,40.69,2281.0,1.0,0.0,0.0
2016-01-06,12:19:00,40.6899,40.69,40.66,40.66,6728.0,1.0,0.0,0.0
2016-01-06,12:22:00,40.6681,40.7,40.65,40.7,5458.0,1.0,0.0,0.0
2016-01-06,12:25:00,40.72,40.74,40.7,40.7,2862.0,1.0,0.0,0.0
2016-01-06,12:28:00,40.7,40.7,40.66,40.67,2621.0,1.0,0.0,0.0
2016-01-06,12:31:00,40.68,40.69,40.65,40.66,7099.0,1.0,0.0,0.0
2016-01-06,12:34:00,40.68,40.72,40.68,40.7,12773.0,1.0,0.0,0.0
2016-01-06,12:37:00,40.72,40.82,40.69,40.81,2511.0,1.0,0.0,0.0
2016-01-06,12:40:00,40.82,40.82,40.7701,40.79,2739.0,1.0,0.0,0.0
2016-01-06,12:43:00,40.79,40.82,40.78,40.79,3188.0,1.0,0.0,0.0
2016-01-06,12:46:00,40.81,40.82,40.77,40.77,2311.0,1.0,0.0,0.0
2016-01-06,12:49:00,40.77,40.79,40.76,40.76,2418.0,1.0,0.0,0.0
2016-01-06,12:53:00,40.78,40.8,40.76,40.76,2765.0,1.0,0.0,0.0
2016-01-06,12:57:00,40.76,40.76,40.71,40.7599,7116.0,1.0,0.0,0.0
2016-01-06,13:00:00,40.75,40.765,40.74,40.76,5796.0,1.0,0.0,0.0
2016-01-06,13:04:00,40.75,40.8,40.745,40.8,5589.0,1.0,0.0,0.0
2016-01-06,13:07:00,40.8,40.82,40.79,40.79,2672.0,1.0,0.0,0.0
2016-01-06,13:10:00,40.78,40.78,40.74,40.745,3064.0,1.0,0.0,0.0
2016-01-06,13:13:00,40.75,40.7579,40.72,40.73,4072.0,1.0,0.0,0.0
2016-01-06,13:16:00,40.72,40.74,40.69,40.74,7304.0,1.0,0.0,0.0
2016-01-06,13:19:00,40.74,40.75,40.72,40.73,2911.0,1.0,0.0,0.0
2016-01-06,13:22:00,40.72,40.72,40.67,40.69,4498.0,1.0,0.0,0.0
2016-01-06,13:25:00,40.69,40.71,40.67,40.7,5965.0,1.0,0.0,0.0
2016-01-06,13:28:00,40.7,40.78,40.7,40.78,7539.0,1.0,0.0,0.0
2016-01-06,13:31:00,40.76,40.77,40.73,40.73,2423.0,1.0,0.0,0.0
2016-01-06,13:34:00,40.73,40.78,40.73,40.78,2078.0,1.0,0.0,0.0
2016-01-06,13:37:00,40.79,40.82,40.79,40.82,842.0,1.0,0.0,0.0
2016-01-06,13:41:00,40.81,40.81,40.78,40.78,3850.0,1.0,0.0,0.0
2016-01-06,13:44:00,40.78,40.78,40.76,40.76,1730.0,1.0,0.0,0.0
2016-01-06,13:47:00,40.76,40.77,40.74,40.77,2416.0,1.0,0.0,0.0
2016-01-06,13:50:00,40.77,40.7701,40.73,40.74,3284.0,1.0,0.0,0.0
2016-01-06,13:53:00,40.73,40.77,40.73,40.76,2405.0,1.0,0.0,0.0
2016-01-06,13:56:00,40.77,40.79,40.74,40.74,13873.0,1.0,0.0,0.0
2016-01-06,13:59:00,40.73,40.7325,40.66,40.66,2611.0,1.0,0.0,0.0
2016-01-06,14:02:00,40.655,40.73,40.63,40.71,9963.0,1.0,0.0,0.0
2016-01-06,14:05:00,40.72,40.72,40.68,40.7,4705.0,1.0,0.0,0.0
2016-01-06,14:08:00,40.7,40.79,40.68,40.78,9293.0,1.0,0.0,0.0
2016-01-06,14:11:00,40.79,40.88,40.79,40.85,7542.0,1.0,0.0,0.0
2016-01-06,14:14:00,40.83,40.84,40.795,40.81,4520.0,1.0,0.0,0.0
2016-01-06,14:17:00,40.82,40.83,40.77,40.77,5424.0,1.0,0.0,0.0
2016-01-06,14:20:00,40.76,40.78,40.75,40.755,6541.0,1.0,0.0,0.0
2016-01-06,14:23:00,40.7599,40.76,40.69,40.69,5999.0,1.0,0.0,0.0
2016-01-06,14:26:00,40.69,40.69,40.65,40.65,8663.0,1.0,0.0,0.0
2016-01-06,14:29:00,40.66,40.69,40.6,40.63,7889.0,1.0,0.0,0.0
2016-01-06,14:32:00,40.63,40.63,40.55,40.56,7373.0,1.0,0.0,0.0
2016-01-06,14:35:00,40.56,40.6,40.5501,40.59,3054.0,1.0,0.0,0.0
2016-01-06,14:38:00,40.58,40.58,40.501,40.501,4942.0,1.0,0.0,0.0
2016-01-06,14:41:00,40.5076,40.53,40.42,40.44,6380.0,1.0,0.0,0.0
2016-01-06,14:44:00,40.44,40.44,40.37,40.4,9025.0,1.0,0.0,0.0
2016-01-06,14:47:00,40.4,40.41,40.38,40.4,16006.0,1.0,0.0,0.0
2016-01-06,14:50:00,40.39,40.41,40.37,40.37,5138.0,1.0,0.0,0.0
2016-01-06,14:53:00,40.38,40.41,40.3621,40.3621,4400.0,1.0,0.0,0.0
2016-01-06,14:56:00,40.37,40.37,40.3399,40.35,4876.0,1.0,0.0,0.0
2016-01-06,14:59:00,40.35,40.35,40.32,40.34,4450.0,1.0,0.0,0.0
2016-01-06,15:02:00,40.35,40.35,40.3,40.3,6238.0,1.0,0.0,0.0
2016-01-06,15:05:00,40.32,40.39,40.32,40.39,4757.0,1.0,0.0,0.0
2016-01-06,15:08:00,40.39,40.41,40.38,40.4,4482.0,1.0,0.0,0.0
2016-01-06,15:11:00,40.41,40.44,40.385,40.44,6834.0,1.0,0.0,0.0
2016-01-06,15:14:00,40.44,40.46,40.43,40.44,3484.0,1.0,0.0,0.0
2016-01-06,15:17:00,40.4473,40.46,40.44,40.46,2567.0,1.0,0.0,0.0
2016-01-06,15:20:00,40.47,40.47,40.45,40.4601,6662.0,1.0,0.0,0.0
2016-01-06,15:23:00,40.46,40.46,40.39,40.41,13148.0,1.0,0.0,0.0
2016-01-06,15:26:00,40.42,40.45,40.415,40.45,6467.0,1.0,0.0,0.0
2016-01-06,15:29:00,40.46,40.5,40.45,40.48,9049.0,1.0,0.0,0.0
2016-01-06,15:32:00,40.49,40.52,40.47,40.4723,17721.0,1.0,0.0,0.0
2016-01-06,15:35:00,40.47,40.48,40.43,40.48,11290.0,1.0,0.0,0.0
2016-01-06,15:38:00,40.49,40.51,40.47,40.5,13223.0,1.0,0.0,0.0
2016-01-06,15:41:00,40.51,40.52,40.48,40.49,11780.0,1.0,0.0,0.0
2016-01-06,15:44:00,40.49,40.5,40.48,40.485,22354.0,1.0,0.0,0.0
2016-01-06,15:47:00,40.49,40.5,40.45,40.45,16936.0,1.0,0.0,0.0
2016-01-06,15:50:00,40.4599,40.48,40.43,40.44,14655.0,1.0,0.0,0.0
2016-01-06,15:53:00,40.45,40.45,40.3999,40.4,11122.0,1.0,0.0,0.0
2016-01-06,15:56:00,40.41,40.46,40.405,40.46,22505.0,1.0,0.0,0.0
2016-01-06,15:59:00,40.445,40.53,40.44,40.52,46882.0,1.0,0.0,0.0
2016-01-07,09:32:00,40.05,40.05,39.64,39.81,26416.0,1.0,0.0,0.0
2016-01-07,09:35:00,39.835,40.0,39.835,39.915,4257.0,1.0,0.0,0.0
2016-01-07,09:38:00,39.93,40.08,39.89,40.06,2563.0,1.0,0.0,0.0
2016-01-07,09:41:00,40.06,40.3,40.03,40.269,10948.0,1.0,0.0,0.0
2016-01-07,09:44:00,40.22,40.24,40.05,40.05,9121.0,1.0,0.0,0.0
2016-01-07,09:47:00,40.04,40.116,39.97,39.97,5414.0,1.0,0.0,0.0
2016-01-07,09:50:00,39.97,40.06,39.96,40.04,4576.0,1.0,0.0,0.0
2016-01-07,09:53:00,40.12,40.24,40.105,40.2,4748.0,1.0,0.0,0.0
2016-01-07,09:56:00,40.22,40.26,40.18,40.2,17687.0,1.0,0.0,0.0
2016-01-07,09:59:00,40.18,40.3,40.18,40.23,7918.0,1.0,0.0,0.0
2016-01-07,10:02:00,40.23,40.23,40.17,40.19,7584.0,1.0,0.0,0.0
2016-01-07,10:05:00,40.19,40.2,40.0901,40.13,5243.0,1.0,0.0,0.0
2016-01-07,10:08:00,40.13,40.15,40.07,40.09,7045.0,1.0,0.0,0.0
2016-01-07,10:11:00,40.105,40.11,39.96,39.96,13317.0,1.0,0.0,0.0
2016-01-07,10:14:00,39.96,40.08,39.95,40.08,5962.0,1.0,0.0,0.0
2016-01-07,10:17:00,40.08,40.13,39.99,40.05,12348.0,1.0,0.0,0.0
2016-01-07,10:20:00,40.05,40.15,40.05,40.1,14770.0,1.0,0.0,0.0
2016-01-07,10:23:00,40.12,40.12,39.97,39.99,16934.0,1.0,0.0,0.0
2016-01-07,10:26:00,39.99,40.0599,39.94,40.03,8641.0,1.0,0.0,0.0
2016-01-07,10:29:00,40.06,40.1,40.04,40.06,11659.0,1.0,0.0,0.0
2016-01-07,10:32:00,40.07,40.12,40.06,40.08,4126.0,1.0,0.0,0.0
2016-01-07,10:35:00,40.08,40.17,40.05,40.155,4815.0,1.0,0.0,0.0
2016-01-07,10:38:00,40.15,40.18,40.12,40.15,6776.0,1.0,0.0,0.0
2016-01-07,10:41:00,40.15,40.15,40.06,40.06,4992.0,1.0,0.0,0.0
2016-01-07,10:44:00,40.06,40.0928,39.97,39.975,5477.0,1.0,0.0,0.0
2016-01-07,10:47:00,39.95,40.03,39.94,40.03,3004.0,1.0,0.0,0.0
2016-01-07,10:50:00,40.01,40.015,39.985,40.01,3086.0,1.0,0.0,0.0
2016-01-07,10:53:00,40.01,40.1,39.99,40.1,3758.0,1.0,0.0,0.0
2016-01-07,10:56:00,40.09,40.13,40.08,40.1,5341.0,1.0,0.0,0.0
2016-01-07,10:59:00,40.13,40.13,40.06,40.08,3576.0,1.0,0.0,0.0
2016-01-07,11:02:00,40.07,40.17,40.07,40.156,6143.0,1.0,0.0,0.0
2016-01-07,11:05:00,40.16,40.16,40.1,40.15,7720.0,1.0,0.0,0.0
2016-01-07,11:08:00,40.16,40.16,40.06,40.06,3029.0,1.0,0.0,0.0
2016-01-07,11:11:00,40.06,40.09,40.03,40.03,4695.0,1.0,0.0,0.0
2016-01-07,11:14:00,40.04,40.05,39.97,39.99,17162.0,1.0,0.0,0.0
2016-01-07,11:17:00,39.98,40.043,39.96,40.03,13406.0,1.0,0.0,0.0
2016-01-07,11:20:00,40.035,40.06,39.985,40.03,4873.0,1.0,0.0,0.0
2016-01-07,11:23:00,39.99,39.99,39.92,39.93,4789.0,1.0,0.0,0.0
2016-01-07,11:26:00,39.92,39.97,39.87,39.97,4462.0,1.0,0.0,0.0
2016-01-07,11:29:00,39.97,40.0,39.955,40.0,2981.0,1.0,0.0,0.0
2016-01-07,11:32:00,39.99,39.995,39.94,39.94,7030.0,1.0,0.0,0.0
2016-01-07,11:35:00,39.93,39.99,39.93,39.97,4822.0,1.0,0.0,0.0
2016-01-07,11:38:00,39.96,40.05,39.9598,40.05,5402.0,1.0,0.0,0.0
2016-01-07,11:41:00,40.05,40.05,39.98,40.0,3678.0,1.0,0.0,0.0
2016-01-07,11:44:00,40.0,40.035,40.0,40.035,1851.0,1.0,0.0,0.0
2016-01-07,11:47:00,40.02,40.03,39.86,39.8818,7792.0,1.0,0.0,0.0
2016-01-07,11:50:00,39.87,39.9,39.85,39.9,3647.0,1.0,0.0,0.0
2016-01-07,11:53:00,39.89,39.91,39.87,39.91,4434.0,1.0,0.0,0.0
2016-01-07,11:56:00,39.88,39.895,39.83,39.855,5977.0,1.0,0.0,0.0
2016-01-07,11:59:00,39.84,39.84,39.8,39.81,4995.0,1.0,0.0,0.0
2016-01-07,12:02:00,39.8,39.86,39.8,39.835,2714.0,1.0,0.0,0.0
2016-01-07,12:05:00,39.81,39.83,39.79,39.8,3025.0,1.0,0.0,0.0
2016-01-07,12:09:00,39.8,39.81,39.74,39.74,5628.0,1.0,0.0,0.0
2016-01-07,12:12:00,39.76,39.77,39.74,39.77,3533.0,1.0,0.0,0.0
2016-01-07,12:15:00,39.77,39.77,39.715,39.73,3325.0,1.0,0.0,0.0
2016-01-07,12:18:00,39.73,39.79,39.73,39.77,2568.0,1.0,0.0,0.0
2016-01-07,12:21:00,39.76,39.77,39.72,39.74,2305.0,1.0,0.0,0.0
2016-01-07,12:24:00,39.75,39.75,39.69,39.69,5979.0,1.0,0.0,0.0
2016-01-07,12:27:00,39.71,39.76,39.685,39.72,8393.0,1.0,0.0,0.0
2016-01-07,12:30:00,39.72,39.7399,39.71,39.71,2919.0,1.0,0.0,0.0
2016-01-07,12:33:00,39.71,39.72,39.69,39.7,5962.0,1.0,0.0,0.0
2016-01-07,12:36:00,39.71,39.72,39.68,39.71,5613.0,1.0,0.0,0.0
2016-01-07,12:40:00,39.68,39.68,39.65,39.66,4672.0,1.0,0.0,0.0
2016-01-07,12:43:00,39.66,39.6699,39.65,39.65,2461.0,1.0,0.0,0.0
2016-01-07,12:47:00,39.64,39.68,39.64,39.67,3721.0,1.0,0.0,0.0
2016-01-07,12:50:00,39.68,39.69,39.67,39.6802,2724.0,1.0,0.0,0.0
2016-01-07,12:54:00,39.67,39.67,39.61,39.61,11504.0,1.0,0.0,0.0
2016-01-07,12:59:00,39.62,39.64,39.59,39.6,5476.0,1.0,0.0,0.0
2016-01-07,13:02:00,39.59,39.61,39.57,39.58,8503.0,1.0,0.0,0.0
2016-01-07,13:05:00,39.58,39.58,39.52,39.54,2426.0,1.0,0.0,0.0
2016-01-07,13:08:00,39.53,39.53,39.48,39.48,2612.0,1.0,0.0,0.0
2016-01-07,13:11:00,39.5,39.51,39.475,39.4763,3050.0,1.0,0.0,0.0
2016-01-07,13:14:00,39.48,39.4899,39.41,39.4899,10308.0,1.0,0.0,0.0
2016-01-07,13:17:00,39.45,39.48,39.44,39.45,3037.0,1.0,0.0,0.0
2016-01-07,13:20:00,39.45,39.48,39.43,39.45,8062.0,1.0,0.0,0.0
2016-01-07,13:23:00,39.44,39.47,39.41,39.455,4965.0,1.0,0.0,0.0
2016-01-07,13:26:00,39.44,39.51,39.435,39.49,3218.0,1.0,0.0,0.0
2016-01-07,13:29:00,39.52,39.52,39.43,39.44,4400.0,1.0,0.0,0.0
2016-01-07,13:32:00,39.44,39.46,39.41,39.43,2282.0,1.0,0.0,0.0
2016-01-07,13:35:00,39.41,39.424,39.36,39.41,5127.0,1.0,0.0,0.0
2016-01-07,13:38:00,39.37,39.4,39.27,39.28,5677.0,1.0,0.0,0.0
2016-01-07,13:41:00,39.29,39.34,39.28,39.34,9871.0,1.0,0.0,0.0
2016-01-07,13:44:00,39.31,39.38,39.31,39.38,3431.0,1.0,0.0,0.0
2016-01-07,13:47:00,39.39,39.39,39.32,39.33,7994.0,1.0,0.0,0.0
2016-01-07,13:50:00,39.32,39.4,39.32,39.4,6594.0,1.0,0.0,0.0
2016-01-07,13:53:00,39.42,39.42,39.38,39.4199,2353.0,1.0,0.0,0.0
2016-01-07,13:56:00,39.4,39.42,39.39,39.4,4470.0,1.0,0.0,0.0
2016-01-07,13:59:00,39.39,39.4,39.34,39.34,8366.0,1.0,0.0,0.0
2016-01-07,14:02:00,39.3401,39.39,39.3401,39.35,2607.0,1.0,0.0,0.0
2016-01-07,14:05:00,39.3442,39.363,39.33,39.33,6795.0,1.0,0.0,0.0
2016-01-07,14:08:00,39.34,39.37,39.32,39.36,4366.0,1.0,0.0,0.0
2016-01-07,14:11:00,39.34,39.36,39.28,39.3401,3623.0,1.0,0.0,0.0
2016-01-07,14:14:00,39.36,39.37,39.33,39.34,3263.0,1.0,0.0,0.0
2016-01-07,14:17:00,39.35,39.35,39.295,39.31,5962.0,1.0,0.0,0.0
2016-01-07,14:20:00,39.33,39.37,39.33,39.35,3861.0,1.0,0.0,0.0
2016-01-07,14:23:00,39.35,39.35,39.33,39.34,3942.0,1.0,0.0,0.0
2016-01-07,14:26:00,39.35,39.38,39.34,39.37,5784.0,1.0,0.0,0.0
2016-01-07,14:29:00,39.36,39.3724,39.31,39.32,5747.0,1.0,0.0,0.0
2016-01-07,14:32:00,39.31,39.33,39.29,39.3,5539.0,1.0,0.0,0.0
2016-01-07,14:35:00,39.31,39.31,39.26,39.29,14091.0,1.0,0.0,0.0
2016-01-07,14:38:00,39.301,39.34,39.28,39.28,3655.0,1.0,0.0,0.0
2016-01-07,14:41:00,39.28,39.31,39.28,39.305,3930.0,1.0,0.0,0.0
2016-01-07,14:44:00,39.31,39.39,39.31,39.39,5962.0,1.0,0.0,0.0
2016-01-07,14:47:00,39.37,39.43,39.37,39.43,4772.0,1.0,0.0,0.0
2016-01-07,14:50:00,39.44,39.46,39.4,39.42,8908.0,1.0,0.0,0.0
2016-01-07,14:53:00,39.41,39.43,39.39,39.41,4419.0,1.0,0.0,0.0
2016-01-07,14:56:00,39.4,39.44,39.39,39.4,9339.0,1.0,0.0,0.0
2016-01-07,14:59:00,39.4,39.4,39.35,39.37,14518.0,1.0,0.0,0.0
2016-01-07,15:02:00,39.36,39.39,39.29,39.29,18646.0,1.0,0.0,0.0
2016-01-07,15:05:00,39.29,39.38,39.27,39.37,21982.0,1.0,0.0,0.0
2016-01-07,15:08:00,39.36,39.37,39.35,39.36,4408.0,1.0,0.0,0.0
2016-01-07,15:11:00,39.365,39.4,39.345,39.38,6625.0,1.0,0.0,0.0
2016-01-07,15:14:00,39.37,39.4,39.34,39.36,6027.0,1.0,0.0,0.0
2016-01-07,15:17:00,39.34,39.4,39.32,39.375,24848.0,1.0,0.0,0.0
2016-01-07,15:20:00,39.36,39.37,39.32,39.32,10977.0,1.0,0.0,0.0
2016-01-07,15:23:00,39.32,39.33,39.27,39.29,8325.0,1.0,0.0,0.0
2016-01-07,15:26:00,39.29,39.33,39.28,39.28,14305.0,1.0,0.0,0.0
2016-01-07,15:29:00,39.28,39.31,39.27,39.3,12997.0,1.0,0.0,0.0
2016-01-07,15:32:00,39.29,39.37,39.29,39.37,15707.0,1.0,0.0,0.0
2016-01-07,15:35:00,39.37,39.47,39.37,39.45,7457.0,1.0,0.0,0.0
2016-01-07,15:38:00,39.47,39.53,39.46,39.51,6992.0,1.0,0.0,0.0
2016-01-07,15:41:00,39.51,39.56,39.49,39.51,10021.0,1.0,0.0,0.0
2016-01-07,15:44:00,39.5,39.52,39.42,39.42,8945.0,1.0,0.0,0.0
2016-01-07,15:47:00,39.44,39.53,39.43,39.51,21085.0,1.0,0.0,0.0
2016-01-07,15:50:00,39.51,39.57,39.48,39.5,14842.0,1.0,0.0,0.0
2016-01-07,15:53:00,39.5,39.55,39.49,39.52,14582.0,1.0,0.0,0.0
2016-01-07,15:56:00,39.52,39.59,39.5,39.53,17420.0,1.0,0.0,0.0
2016-01-07,15:59:00,39.54,39.55,39.44,39.445,54485.0,1.0,0.0,0.0
2016-01-08,09:32:00,39.6,39.78,39.5,39.71,14246.0,1.0,0.0,0.0
2016-01-08,09:35:00,39.71,39.96,39.6,39.6,9516.0,1.0,0.0,0.0
2016-01-08,09:38:00,39.64,39.77,39.56,39.56,20403.0,1.0,0.0,0.0
2016-01-08,09:41:00,39.6,39.6,39.53,39.57,2583.0,1.0,0.0,0.0
2016-01-08,09:44:00,39.51,39.51,39.38,39.39,3393.0,1.0,0.0,0.0
2016-01-08,09:47:00,39.4,39.6168,39.4,39.5716,4741.0,1.0,0.0,0.0
2016-01-08,09:50:00,39.56,39.61,39.49,39.5,4270.0,1.0,0.0,0.0
2016-01-08,09:53:00,39.5,39.66,39.5,39.57,10734.0,1.0,0.0,0.0
2016-01-08,09:56:00,39.54,39.62,39.525,39.62,10175.0,1.0,0.0,0.0
2016-01-08,09:59:00,39.6111,39.65,39.52,39.615,3833.0,1.0,0.0,0.0
2016-01-08,10:03:00,39.64,39.64,39.43,39.45,7750.0,1.0,0.0,0.0
2016-01-08,10:06:00,39.46,39.5,39.4499,39.45,5891.0,1.0,0.0,0.0
2016-01-08,10:09:00,39.46,39.47,39.4079,39.4079,1804.0,1.0,0.0,0.0
2016-01-08,10:12:00,39.38,39.38,39.2551,39.27,1965.0,1.0,0.0,0.0
2016-01-08,10:15:00,39.27,39.32,39.2342,39.32,4188.0,1.0,0.0,0.0
2016-01-08,10:18:00,39.35,39.39,39.32,39.36,2788.0,1.0,0.0,0.0
2016-01-08,10:21:00,39.365,39.39,39.33,39.333,3173.0,1.0,0.0,0.0
2016-01-08,10:24:00,39.32,39.35,39.31,39.32,3675.0,1.0,0.0,0.0
2016-01-08,10:27:00,39.36,39.55,39.32,39.53,22605.0,1.0,0.0,0.0
2016-01-08,10:30:00,39.53,39.55,39.35,39.45,28130.0,1.0,0.0,0.0
2016-01-08,10:33:00,39.44,39.48,39.41,39.43,1945.0,1.0,0.0,0.0
2016-01-08,10:36:00,39.4,39.46,39.4,39.46,2682.0,1.0,0.0,0.0
2016-01-08,10:39:00,39.48,39.48,39.36,39.37,3326.0,1.0,0.0,0.0
2016-01-08,10:42:00,39.39,39.39,39.32,39.33,1909.0,1.0,0.0,0.0
2016-01-08,10:45:00,39.33,39.41,39.3,39.41,5708.0,1.0,0.0,0.0
2016-01-08,10:48:00,39.43,39.52,39.43,39.47,2206.0,1.0,0.0,0.0
2016-01-08,10:52:00,39.48,39.51,39.4,39.4,3813.0,1.0,0.0,0.0
2016-01-08,10:55:00,39.4,39.41,39.33,39.37,3865.0,1.0,0.0,0.0
2016-01-08,10:58:00,39.42,39.45,39.37,39.41,2967.0,1.0,0.0,0.0
2016-01-08,11:01:00,39.38,39.41,39.35,39.38,10256.0,1.0,0.0,0.0
2016-01-08,11:04:00,39.38,39.39,39.36,39.39,2892.0,1.0,0.0,0.0
2016-01-08,11:07:00,39.4,39.42,39.37,39.4,4754.0,1.0,0.0,0.0
2016-01-08,11:10:00,39.39,39.39,39.36,39.38,1467.0,1.0,0.0,0.0
2016-01-08,11:13:00,39.36,39.4,39.31,39.34,4182.0,1.0,0.0,0.0
2016-01-08,11:16:00,39.34,39.35,39.3,39.31,2521.0,1.0,0.0,0.0
2016-01-08,11:20:00,39.32,39.32,39.27,39.27,2054.0,1.0,0.0,0.0
2016-01-08,11:23:00,39.26,39.31,39.22,39.278,3027.0,1.0,0.0,0.0
2016-01-08,11:26:00,39.26,39.31,39.23,39.25,6478.0,1.0,0.0,0.0
2016-01-08,11:29:00,39.23,39.23,39.19,39.23,1497.0,1.0,0.0,0.0
2016-01-08,11:32:00,39.23,39.23,39.18,39.2,4179.0,1.0,0.0,0.0
2016-01-08,11:35:00,39.2,39.21,39.15,39.19,7215.0,1.0,0.0,0.0
2016-01-08,11:38:00,39.18,39.28,39.17,39.28,6510.0,1.0,0.0,0.0
2016-01-08,11:41:00,39.28,39.28,39.214,39.214,1581.0,1.0,0.0,0.0
2016-01-08,11:44:00,39.21,39.35,39.18,39.35,1798.0,1.0,0.0,0.0
2016-01-08,11:47:00,39.37,39.38,39.35,39.37,3039.0,1.0,0.0,0.0
2016-01-08,11:50:00,39.37,39.43,39.35,39.38,2441.0,1.0,0.0,0.0
2016-01-08,11:53:00,39.41,39.43,39.4,39.43,1082.0,1.0,0.0,0.0
2016-01-08,11:57:00,39.4417,39.48,39.44,39.4701,2390.0,1.0,0.0,0.0
2016-01-08,12:01:00,39.49,39.51,39.45,39.46,3541.0,1.0,0.0,0.0
2016-01-08,12:05:00,39.45,39.45,39.38,39.4244,1515.0,1.0,0.0,0.0
2016-01-08,12:08:00,39.43,39.49,39.41,39.49,1811.0,1.0,0.0,0.0
2016-01-08,12:11:00,39.49,39.49,39.46,39.46,1571.0,1.0,0.0,0.0
2016-01-08,12:15:00,39.46,39.51,39.46,39.51,1365.0,1.0,0.0,0.0
2016-01-08,12:18:00,39.52,39.58,39.52,39.58,2622.0,1.0,0.0,0.0
2016-01-08,12:21:00,39.55,39.58,39.52,39.55,1226.0,1.0,0.0,0.0
2016-01-08,12:25:00,39.57,39.61,39.57,39.57,1641.0,1.0,0.0,0.0
2016-01-08,12:29:00,39.58,39.59,39.56,39.59,1261.0,1.0,0.0,0.0
2016-01-08,12:32:00,39.58,39.58,39.501,39.501,2030.0,1.0,0.0,0.0
2016-01-08,12:36:00,39.52,39.52,39.49,39.5001,3189.0,1.0,0.0,0.0
2016-01-08,12:39:00,39.5,39.5299,39.46,39.46,1441.0,1.0,0.0,0.0
2016-01-08,12:42:00,39.47,39.47,39.43,39.46,2688.0,1.0,0.0,0.0
2016-01-08,12:45:00,39.45,39.5,39.44,39.44,1857.0,1.0,0.0,0.0
2016-01-08,12:49:00,39.45,39.51,39.444,39.51,1752.0,1.0,0.0,0.0
2016-01-08,12:53:00,39.51,39.51,39.4,39.42,3549.0,1.0,0.0,0.0
2016-01-08,12:56:00,39.41,39.44,39.405,39.405,1864.0,1.0,0.0,0.0
2016-01-08,13:00:00,39.3801,39.45,39.37,39.41,2213.0,1.0,0.0,0.0
2016-01-08,13:03:00,39.42,39.46,39.39,39.42,4390.0,1.0,0.0,0.0
2016-01-08,13:06:00,39.42,39.42,39.34,39.34,1934.0,1.0,0.0,0.0
2016-01-08,13:10:00,39.3,39.314,39.295,39.295,2207.0,1.0,0.0,0.0
2016-01-08,13:14:00,39.28,39.31,39.27,39.3,402.0,1.0,0.0,0.0
2016-01-08,13:18:00,39.3,39.31,39.255,39.31,4498.0,1.0,0.0,0.0
2016-01-08,13:21:00,39.32,39.32,39.28,39.32,2118.0,1.0,0.0,0.0
2016-01-08,13:24:00,39.3,39.3,39.22,39.25,2216.0,1.0,0.0,0.0
2016-01-08,13:28:00,39.21,39.26,39.21,39.22,3901.0,1.0,0.0,0.0
2016-01-08,13:31:00,39.225,39.28,39.225,39.2542,1405.0,1.0,0.0,0.0
2016-01-08,13:34:00,39.27,39.3,39.27,39.29,1977.0,1.0,0.0,0.0
2016-01-08,13:37:00,39.3,39.32,39.29,39.29,2721.0,1.0,0.0,0.0
2016-01-08,13:40:00,39.28,39.32,39.28,39.32,5876.0,1.0,0.0,0.0
2016-01-08,13:43:00,39.31,39.31,39.25,39.27,2874.0,1.0,0.0,0.0
2016-01-08,13:46:00,39.27,39.29,39.22,39.23,26076.0,1.0,0.0,0.0
2016-01-08,13:49:00,39.22,39.26,39.2,39.26,6943.0,1.0,0.0,0.0
2016-01-08,13:52:00,39.26,39.32,39.26,39.29,5734.0,1.0,0.0,0.0
2016-01-08,13:55:00,39.3,39.31,39.28,39.3,1359.0,1.0,0.0,0.0
2016-01-08,13:58:00,39.3,39.3,39.27,39.285,718.0,1.0,0.0,0.0
2016-01-08,14:01:00,39.27,39.35,39.26,39.35,4944.0,1.0,0.0,0.0
2016-01-08,14:04:00,39.35,39.38,39.3499,39.38,2426.0,1.0,0.0,0.0
2016-01-08,14:07:00,39.38,39.4,39.36,39.39,2218.0,1.0,0.0,0.0
2016-01-08,14:10:00,39.4,39.41,39.38,39.38,2336.0,1.0,0.0,0.0
2016-01-08,14:13:00,39.39,39.39,39.32,39.34,4251.0,1.0,0.0,0.0
2016-01-08,14:16:00,39.33,39.33,39.23,39.31,7121.0,1.0,0.0,0.0
2016-01-08,14:19:00,39.32,39.34,39.28,39.33,1811.0,1.0,0.0,0.0
2016-01-08,14:22:00,39.31,39.3154,39.28,39.31,2944.0,1.0,0.0,0.0
2016-01-08,14:25:00,39.33,39.33,39.21,39.21,1279.0,1.0,0.0,0.0
2016-01-08,14:28:00,39.22,39.22,39.17,39.18,3036.0,1.0,0.0,0.0
2016-01-08,14:31:00,39.19,39.217,39.16,39.217,4188.0,1.0,0.0,0.0
2016-01-08,14:35:00,39.19,39.22,39.15,39.1528,2602.0,1.0,0.0,0.0
2016-01-08,14:38:00,39.15,39.178000000000004,39.13,39.178000000000004,3097.0,1.0,0.0,0.0
2016-01-08,14:41:00,39.1501,39.18,39.12,39.15,2398.0,1.0,0.0,0.0
2016-01-08,14:44:00,39.16,39.2,39.14,39.2,3890.0,1.0,0.0,0.0
2016-01-08,14:47:00,39.2,39.2,39.16,39.18,3535.0,1.0,0.0,0.0
2016-01-08,14:50:00,39.17,39.18,39.13,39.13,4510.0,1.0,0.0,0.0
2016-01-08,14:53:00,39.14,39.1446,39.11,39.11,2333.0,1.0,0.0,0.0
2016-01-08,14:56:00,39.1,39.14,39.09,39.11,3154.0,1.0,0.0,0.0
2016-01-08,14:59:00,39.12,39.12,39.05,39.07,3223.0,1.0,0.0,0.0
2016-01-08,15:02:00,39.06,39.12,39.05,39.1,4711.0,1.0,0.0,0.0
2016-01-08,15:05:00,39.11,39.12,39.09,39.09,3547.0,1.0,0.0,0.0
2016-01-08,15:08:00,39.1,39.1,39.05,39.06,4122.0,1.0,0.0,0.0
2016-01-08,15:11:00,39.06,39.07,39.05,39.05,5338.0,1.0,0.0,0.0
2016-01-08,15:14:00,39.06,39.06,39.02,39.05,6463.0,1.0,0.0,0.0
2016-01-08,15:17:00,39.06,39.09,39.05,39.05,4625.0,1.0,0.0,0.0
2016-01-08,15:20:00,39.04,39.04,39.0,39.02,5033.0,1.0,0.0,0.0
2016-01-08,15:23:00,39.02,39.046,39.005,39.02,4772.0,1.0,0.0,0.0
2016-01-08,15:26:00,39.02,39.04,39.02,39.04,4564.0,1.0,0.0,0.0
2016-01-08,15:29:00,39.03,39.03,38.9442,38.97,12017.0,1.0,0.0,0.0
2016-01-08,15:32:00,38.95,38.96,38.86,38.89,9073.0,1.0,0.0,0.0
2016-01-08,15:35:00,38.88,38.9,38.85,38.85,5217.0,1.0,0.0,0.0
2016-01-08,15:38:00,38.85,38.91,38.83,38.88,6644.0,1.0,0.0,0.0
2016-01-08,15:41:00,38.87,38.88,38.77,38.78,18216.0,1.0,0.0,0.0
2016-01-08,15:44:00,38.77,38.85,38.77,38.82,8979.0,1.0,0.0,0.0
2016-01-08,15:47:00,38.81,38.81,38.71,38.73,32186.0,1.0,0.0,0.0
2016-01-08,15:50:00,38.73,38.76,38.69,38.73,16883.0,1.0,0.0,0.0
2016-01-08,15:53:00,38.73,38.744,38.69,38.7,17538.0,1.0,0.0,0.0
2016-01-08,15:56:00,38.69,38.7,38.59,38.63,29832.0,1.0,0.0,0.0
2016-01-08,15:59:00,38.64,38.79,38.61,38.74,98068.0,1.0,0.0,0.0
2016-01-11,09:32:00,38.86,39.02,38.72,38.92,13434.0,1.0,0.0,0.0
2016-01-11,09:35:00,38.92,39.16,38.92,39.05,15090.0,1.0,0.0,0.0
2016-01-11,09:38:00,38.98,38.98,38.76,38.78,8553.0,1.0,0.0,0.0
2016-01-11,09:41:00,38.82,38.9,38.78,38.83,14090.0,1.0,0.0,0.0
2016-01-11,09:44:00,38.83,38.91,38.76,38.76,3644.0,1.0,0.0,0.0
2016-01-11,09:47:00,38.7,38.78,38.6783,38.685,3782.0,1.0,0.0,0.0
2016-01-11,09:50:00,38.71,38.71,38.5,38.52,14326.0,1.0,0.0,0.0
2016-01-11,09:53:00,38.53,38.6,38.52,38.57,3606.0,1.0,0.0,0.0
2016-01-11,09:56:00,38.59,38.645,38.59,38.61,3501.0,1.0,0.0,0.0
2016-01-11,09:59:00,38.61,38.65,38.56,38.57,5113.0,1.0,0.0,0.0
2016-01-11,10:02:00,38.55,38.6,38.5,38.56,5808.0,1.0,0.0,0.0
2016-01-11,10:05:00,38.57,38.57,38.48,38.49,4399.0,1.0,0.0,0.0
2016-01-11,10:08:00,38.5,38.58,38.47,38.54,17593.0,1.0,0.0,0.0
2016-01-11,10:11:00,38.55,38.63,38.55,38.63,4931.0,1.0,0.0,0.0
2016-01-11,10:14:00,38.65,38.72,38.58,38.62,11888.0,1.0,0.0,0.0
2016-01-11,10:17:00,38.62,38.66,38.5501,38.59,5060.0,1.0,0.0,0.0
2016-01-11,10:20:00,38.58,38.64,38.56,38.59,5061.0,1.0,0.0,0.0
2016-01-11,10:23:00,38.61,38.667,38.6,38.65,5044.0,1.0,0.0,0.0
2016-01-11,10:26:00,38.66,38.68,38.57,38.61,5887.0,1.0,0.0,0.0
2016-01-11,10:29:00,38.63,38.64,38.57,38.63,2765.0,1.0,0.0,0.0
2016-01-11,10:32:00,38.63,38.7,38.63,38.67,3638.0,1.0,0.0,0.0
2016-01-11,10:35:00,38.68,38.73,38.63,38.72,9813.0,1.0,0.0,0.0
2016-01-11,10:38:00,38.73,38.73,38.63,38.64,3785.0,1.0,0.0,0.0
2016-01-11,10:41:00,38.64,38.64,38.54,38.54,6363.0,1.0,0.0,0.0
2016-01-11,10:44:00,38.55,38.62,38.55,38.58,7373.0,1.0,0.0,0.0
2016-01-11,10:47:00,38.58,38.59,38.43,38.43,5416.0,1.0,0.0,0.0
2016-01-11,10:50:00,38.43,38.548,38.43,38.53,8176.0,1.0,0.0,0.0
2016-01-11,10:53:00,38.52,38.52,38.42,38.46,1467.0,1.0,0.0,0.0
2016-01-11,10:56:00,38.41,38.43,38.29,38.29,6685.0,1.0,0.0,0.0
2016-01-11,10:59:00,38.2752,38.41,38.2752,38.395,10796.0,1.0,0.0,0.0
2016-01-11,11:02:00,38.38,38.4,38.34,38.36,3402.0,1.0,0.0,0.0
2016-01-11,11:05:00,38.34,38.36,38.3,38.3,8563.0,1.0,0.0,0.0
2016-01-11,11:08:00,38.3,38.33,38.26,38.275,12288.0,1.0,0.0,0.0
2016-01-11,11:11:00,38.27,38.38,38.26,38.37,4365.0,1.0,0.0,0.0
2016-01-11,11:14:00,38.36,38.48,38.34,38.48,8687.0,1.0,0.0,0.0
2016-01-11,11:17:00,38.48,38.53,38.47,38.51,6510.0,1.0,0.0,0.0
2016-01-11,11:20:00,38.5,38.5,38.45,38.45,4922.0,1.0,0.0,0.0
2016-01-11,11:23:00,38.44,38.47,38.43,38.47,3470.0,1.0,0.0,0.0
2016-01-11,11:26:00,38.48,38.52,38.47,38.505,31891.0,1.0,0.0,0.0
2016-01-11,11:29:00,38.5,38.5,38.46,38.46,1745.0,1.0,0.0,0.0
2016-01-11,11:32:00,38.45,38.45,38.35,38.37,4334.0,1.0,0.0,0.0
2016-01-11,11:35:00,38.39,38.39,38.36,38.37,1945.0,1.0,0.0,0.0
2016-01-11,11:38:00,38.38,38.43,38.38,38.39,3768.0,1.0,0.0,0.0
2016-01-11,11:41:00,38.4,38.51,38.37,38.51,7356.0,1.0,0.0,0.0
2016-01-11,11:44:00,38.51,38.51,38.385,38.385,3837.0,1.0,0.0,0.0
2016-01-11,11:47:00,38.37,38.44,38.37,38.39,3897.0,1.0,0.0,0.0
2016-01-11,11:50:00,38.4,38.41,38.35,38.385,5315.0,1.0,0.0,0.0
2016-01-11,11:53:00,38.41,38.49,38.4,38.47,3365.0,1.0,0.0,0.0
2016-01-11,11:56:00,38.45,38.48,38.41,38.43,2699.0,1.0,0.0,0.0
2016-01-11,11:59:00,38.42,38.42,38.36,38.36,1695.0,1.0,0.0,0.0
2016-01-11,12:02:00,38.37,38.38,38.35,38.36,2665.0,1.0,0.0,0.0
2016-01-11,12:05:00,38.36,38.36,38.15,38.24,17749.0,1.0,0.0,0.0
2016-01-11,12:08:00,38.24,38.26,38.23,38.24,2647.0,1.0,0.0,0.0
2016-01-11,12:11:00,38.23,38.24,38.2,38.2399,2012.0,1.0,0.0,0.0
2016-01-11,12:14:00,38.23,38.24,38.18,38.19,1781.0,1.0,0.0,0.0
2016-01-11,12:17:00,38.2,38.2,38.15,38.15,680.0,1.0,0.0,0.0
2016-01-11,12:20:00,38.15,38.29,38.15,38.25,27639.0,1.0,0.0,0.0
2016-01-11,12:23:00,38.25,38.3,38.23,38.3,7329.0,1.0,0.0,0.0
2016-01-11,12:26:00,38.301,38.31,38.26,38.26,9367.0,1.0,0.0,0.0
2016-01-11,12:29:00,38.28,38.29,38.28,38.29,9189.0,1.0,0.0,0.0
2016-01-11,12:32:00,38.29,38.36,38.28,38.3,15180.0,1.0,0.0,0.0
2016-01-11,12:35:00,38.28,38.39,38.28,38.39,6363.0,1.0,0.0,0.0
2016-01-11,12:38:00,38.38,38.38,38.33,38.34,6714.0,1.0,0.0,0.0
2016-01-11,12:41:00,38.34,38.34,38.24,38.24,6222.0,1.0,0.0,0.0
2016-01-11,12:44:00,38.25,38.29,38.25,38.27,6341.0,1.0,0.0,0.0
2016-01-11,12:47:00,38.28,38.29,38.25,38.25,4823.0,1.0,0.0,0.0
2016-01-11,12:50:00,38.25,38.3,38.235,38.29,3278.0,1.0,0.0,0.0
2016-01-11,12:53:00,38.29,38.29,38.235,38.24,5206.0,1.0,0.0,0.0
2016-01-11,12:56:00,38.22,38.23,38.21,38.225,4046.0,1.0,0.0,0.0
2016-01-11,12:59:00,38.22,38.27,38.22,38.26,2442.0,1.0,0.0,0.0
2016-01-11,13:02:00,38.26,38.3,38.26,38.27,6088.0,1.0,0.0,0.0
2016-01-11,13:05:00,38.27,38.31,38.27,38.29,3721.0,1.0,0.0,0.0
2016-01-11,13:08:00,38.295,38.295,38.26,38.28,6374.0,1.0,0.0,0.0
2016-01-11,13:11:00,38.28,38.28,38.21,38.22,5386.0,1.0,0.0,0.0
2016-01-11,13:14:00,38.21,38.225,38.15,38.17,17974.0,1.0,0.0,0.0
2016-01-11,13:17:00,38.17,38.1999,38.1,38.15,12888.0,1.0,0.0,0.0
2016-01-11,13:20:00,38.16,38.21,38.16,38.18,7603.0,1.0,0.0,0.0
2016-01-11,13:23:00,38.19,38.19,38.17,38.18,4908.0,1.0,0.0,0.0
2016-01-11,13:26:00,38.18,38.18,38.12,38.15,16520.0,1.0,0.0,0.0
2016-01-11,13:29:00,38.155,38.165,38.12,38.125,10166.0,1.0,0.0,0.0
2016-01-11,13:32:00,38.13,38.2,38.13,38.18,6852.0,1.0,0.0,0.0
2016-01-11,13:35:00,38.18,38.2,38.145,38.145,5703.0,1.0,0.0,0.0
2016-01-11,13:38:00,38.145,38.145,38.1,38.11,5897.0,1.0,0.0,0.0
2016-01-11,13:41:00,38.1,38.16,38.1,38.15,4374.0,1.0,0.0,0.0
2016-01-11,13:44:00,38.141,38.15,38.09,38.1,5532.0,1.0,0.0,0.0
2016-01-11,13:47:00,38.1,38.1,38.02,38.03,8807.0,1.0,0.0,0.0
2016-01-11,13:50:00,38.05,38.05,38.02,38.03,3442.0,1.0,0.0,0.0
2016-01-11,13:53:00,38.0342,38.05,38.0,38.0301,4494.0,1.0,0.0,0.0
2016-01-11,13:56:00,38.04,38.1,38.04,38.1,2594.0,1.0,0.0,0.0
2016-01-11,13:59:00,38.11,38.12,38.09,38.09,4559.0,1.0,0.0,0.0
2016-01-11,14:02:00,38.095,38.11,38.07,38.07,2710.0,1.0,0.0,0.0
2016-01-11,14:05:00,38.07,38.17,38.05,38.17,6897.0,1.0,0.0,0.0
2016-01-11,14:08:00,38.17,38.19,38.16,38.18,3086.0,1.0,0.0,0.0
2016-01-11,14:11:00,38.2,38.29,38.19,38.29,8502.0,1.0,0.0,0.0
2016-01-11,14:14:00,38.29,38.3,38.23,38.23,7176.0,1.0,0.0,0.0
2016-01-11,14:17:00,38.23,38.31,38.22,38.31,2760.0,1.0,0.0,0.0
2016-01-11,14:20:00,38.3,38.36,38.27,38.3,8880.0,1.0,0.0,0.0
2016-01-11,14:23:00,38.2999,38.32,38.27,38.32,5592.0,1.0,0.0,0.0
2016-01-11,14:26:00,38.29,38.335,38.29,38.33,5843.0,1.0,0.0,0.0
2016-01-11,14:29:00,38.34,38.42,38.33,38.42,9523.0,1.0,0.0,0.0
2016-01-11,14:32:00,38.435,38.435,38.31,38.32,7862.0,1.0,0.0,0.0
2016-01-11,14:35:00,38.33,38.35,38.3,38.34,3987.0,1.0,0.0,0.0
2016-01-11,14:38:00,38.35,38.36,38.3,38.3,10853.0,1.0,0.0,0.0
2016-01-11,14:41:00,38.3,38.39,38.3,38.38,9241.0,1.0,0.0,0.0
2016-01-11,14:44:00,38.38,38.38,38.32,38.34,4726.0,1.0,0.0,0.0
2016-01-11,14:47:00,38.34,38.36,38.34,38.36,4293.0,1.0,0.0,0.0
2016-01-11,14:50:00,38.355,38.36,38.35,38.35,2656.0,1.0,0.0,0.0
2016-01-11,14:53:00,38.346,38.39,38.34,38.34,5310.0,1.0,0.0,0.0
2016-01-11,14:56:00,38.34,38.34,38.265,38.265,8022.0,1.0,0.0,0.0
2016-01-11,14:59:00,38.26,38.26,38.21,38.25,6862.0,1.0,0.0,0.0
2016-01-11,15:02:00,38.25,38.28,38.25,38.25,6174.0,1.0,0.0,0.0
2016-01-11,15:05:00,38.25,38.265,38.23,38.24,8613.0,1.0,0.0,0.0
2016-01-11,15:08:00,38.24,38.24,38.17,38.19,6096.0,1.0,0.0,0.0
2016-01-11,15:11:00,38.19,38.19,38.14,38.15,3586.0,1.0,0.0,0.0
2016-01-11,15:14:00,38.15,38.185,38.13,38.14,5338.0,1.0,0.0,0.0
2016-01-11,15:17:00,38.13,38.13,38.08,38.105,11222.0,1.0,0.0,0.0
2016-01-11,15:20:00,38.1,38.14,38.09,38.13,10232.0,1.0,0.0,0.0
2016-01-11,15:23:00,38.14,38.27,38.14,38.26,10662.0,1.0,0.0,0.0
2016-01-11,15:26:00,38.25,38.34,38.25,38.33,12290.0,1.0,0.0,0.0
2016-01-11,15:29:00,38.33,38.42,38.32,38.39,13045.0,1.0,0.0,0.0
2016-01-11,15:32:00,38.38,38.41,38.36,38.38,29785.0,1.0,0.0,0.0
2016-01-11,15:35:00,38.37,38.41,38.36,38.38,16549.0,1.0,0.0,0.0
2016-01-11,15:38:00,38.38,38.44,38.35,38.44,18338.0,1.0,0.0,0.0
2016-01-11,15:41:00,38.44,38.46,38.3599,38.42,22029.0,1.0,0.0,0.0
2016-01-11,15:44:00,38.41,38.42,38.36,38.41,19189.0,1.0,0.0,0.0
2016-01-11,15:47:00,38.39,38.41,38.3,38.33,36800.0,1.0,0.0,0.0
2016-01-11,15:50:00,38.34,38.37,38.3,38.34,20529.0,1.0,0.0,0.0
2016-01-11,15:53:00,38.33,38.38,38.33,38.36,23382.0,1.0,0.0,0.0
2016-01-11,15:56:00,38.37,38.44,38.34,38.4,48634.0,1.0,0.0,0.0
2016-01-11,15:59:00,38.4,38.49,38.38,38.39,137434.0,1.0,0.0,0.0
2016-01-12,09:33:00,38.9,38.9,38.61,38.61,14185.0,1.0,0.0,0.0
2016-01-12,09:36:00,38.67,38.77,38.55,38.55,6889.0,1.0,0.0,0.0
2016-01-12,09:39:00,38.55,38.715,38.47,38.66,19682.0,1.0,0.0,0.0
2016-01-12,09:42:00,38.62,39.0,38.62,38.9,2361.0,1.0,0.0,0.0
2016-01-12,09:45:00,38.91,38.96,38.86,38.96,1018.0,1.0,0.0,0.0
2016-01-12,09:48:00,38.91,38.93,38.86,38.86,1214.0,1.0,0.0,0.0
2016-01-12,09:51:00,38.89,38.94,38.79,38.82,3226.0,1.0,0.0,0.0
2016-01-12,09:54:00,38.81,38.82,38.73,38.75,12133.0,1.0,0.0,0.0
2016-01-12,09:57:00,38.71,38.78,38.65,38.78,54218.0,1.0,0.0,0.0
2016-01-12,10:00:00,38.79,38.83,38.73,38.8,6311.0,1.0,0.0,0.0
2016-01-12,10:03:00,38.76,38.81,38.66,38.67,4564.0,1.0,0.0,0.0
2016-01-12,10:06:00,38.67,38.74,38.62,38.67,8050.0,1.0,0.0,0.0
2016-01-12,10:09:00,38.67,38.72,38.59,38.72,10581.0,1.0,0.0,0.0
2016-01-12,10:12:00,38.72,38.81,38.68,38.68,9800.0,1.0,0.0,0.0
2016-01-12,10:15:00,38.67,38.74,38.58,38.59,7576.0,1.0,0.0,0.0
2016-01-12,10:18:00,38.59,38.59,38.49,38.51,9757.0,1.0,0.0,0.0
2016-01-12,10:21:00,38.5,38.54,38.39,38.4,9453.0,1.0,0.0,0.0
2016-01-12,10:24:00,38.42,38.42,38.32,38.32,4386.0,1.0,0.0,0.0
2016-01-12,10:27:00,38.33,38.4,38.28,38.37,7154.0,1.0,0.0,0.0
2016-01-12,10:30:00,38.38,38.45,38.34,38.45,5097.0,1.0,0.0,0.0
2016-01-12,10:33:00,38.49,38.52,38.47,38.47,3654.0,1.0,0.0,0.0
2016-01-12,10:36:00,38.47,38.47,38.42,38.42,2861.0,1.0,0.0,0.0
2016-01-12,10:39:00,38.42,38.43,38.3101,38.3101,3147.0,1.0,0.0,0.0
2016-01-12,10:42:00,38.34,38.34,38.29,38.3,2618.0,1.0,0.0,0.0
2016-01-12,10:45:00,38.31,38.38,38.28,38.35,8048.0,1.0,0.0,0.0
2016-01-12,10:48:00,38.33,38.43,38.31,38.38,9524.0,1.0,0.0,0.0
2016-01-12,10:51:00,38.38,38.39,38.35,38.36,3664.0,1.0,0.0,0.0
2016-01-12,10:54:00,38.36,38.4,38.36,38.38,3575.0,1.0,0.0,0.0
2016-01-12,10:57:00,38.38,38.46,38.38,38.46,5740.0,1.0,0.0,0.0
2016-01-12,11:00:00,38.47,38.5,38.43,38.45,6312.0,1.0,0.0,0.0
2016-01-12,11:03:00,38.43,38.68,38.43,38.67,19280.0,1.0,0.0,0.0
2016-01-12,11:06:00,38.67,38.7,38.62,38.63,2542.0,1.0,0.0,0.0
2016-01-12,11:09:00,38.63,38.66,38.6,38.61,5323.0,1.0,0.0,0.0
2016-01-12,11:12:00,38.61,38.61,38.51,38.56,7328.0,1.0,0.0,0.0
2016-01-12,11:15:00,38.58,38.62,38.54,38.55,8245.0,1.0,0.0,0.0
2016-01-12,11:18:00,38.56,38.6,38.54,38.57,6596.0,1.0,0.0,0.0
2016-01-12,11:21:00,38.56,38.59,38.51,38.54,5472.0,1.0,0.0,0.0
2016-01-12,11:24:00,38.535,38.55,38.5,38.54,6396.0,1.0,0.0,0.0
2016-01-12,11:27:00,38.52,38.52,38.42,38.44,8254.0,1.0,0.0,0.0
2016-01-12,11:30:00,38.46,38.49,38.3801,38.4499,13441.0,1.0,0.0,0.0
2016-01-12,11:33:00,38.45,38.47,38.41,38.43,6206.0,1.0,0.0,0.0
2016-01-12,11:36:00,38.43,38.44,38.34,38.385,7339.0,1.0,0.0,0.0
2016-01-12,11:39:00,38.38,38.42,38.36,38.39,12962.0,1.0,0.0,0.0
2016-01-12,11:42:00,38.39,38.46,38.37,38.46,6732.0,1.0,0.0,0.0
2016-01-12,11:45:00,38.46,38.57,38.46,38.48,11170.0,1.0,0.0,0.0
2016-01-12,11:48:00,38.475,38.63,38.475,38.63,7351.0,1.0,0.0,0.0
2016-01-12,11:51:00,38.64,38.66,38.64,38.65,3939.0,1.0,0.0,0.0
2016-01-12,11:54:00,38.66,38.68,38.6,38.6,3303.0,1.0,0.0,0.0
2016-01-12,11:57:00,38.618,38.68,38.618,38.63,4475.0,1.0,0.0,0.0
2016-01-12,12:00:00,38.62,38.64,38.6,38.613,5394.0,1.0,0.0,0.0
2016-01-12,12:03:00,38.62,38.66,38.61,38.66,3876.0,1.0,0.0,0.0
2016-01-12,12:06:00,38.68,38.71,38.66,38.6652,2514.0,1.0,0.0,0.0
2016-01-12,12:09:00,38.66,38.68,38.63,38.63,2456.0,1.0,0.0,0.0
2016-01-12,12:12:00,38.63,38.63,38.58,38.6,6739.0,1.0,0.0,0.0
2016-01-12,12:15:00,38.61,38.64,38.6,38.61,3947.0,1.0,0.0,0.0
2016-01-12,12:18:00,38.62,38.62,38.58,38.59,6223.0,1.0,0.0,0.0
2016-01-12,12:21:00,38.58,38.61,38.52,38.52,8516.0,1.0,0.0,0.0
2016-01-12,12:24:00,38.55,38.56,38.52,38.54,4862.0,1.0,0.0,0.0
2016-01-12,12:27:00,38.55,38.67,38.5475,38.64,7725.0,1.0,0.0,0.0
2016-01-12,12:30:00,38.64,38.65,38.58,38.585,4077.0,1.0,0.0,0.0
2016-01-12,12:33:00,38.59,38.62,38.54,38.56,6926.0,1.0,0.0,0.0
2016-01-12,12:36:00,38.57,38.57,38.46,38.49,7909.0,1.0,0.0,0.0
2016-01-12,12:39:00,38.49,38.57,38.49,38.56,3282.0,1.0,0.0,0.0
2016-01-12,12:42:00,38.56,38.58,38.5,38.51,5764.0,1.0,0.0,0.0
2016-01-12,12:45:00,38.53,38.55,38.5,38.505,5398.0,1.0,0.0,0.0
2016-01-12,12:48:00,38.507,38.595,38.47,38.59,9832.0,1.0,0.0,0.0
2016-01-12,12:51:00,38.59,38.63,38.56,38.56,6234.0,1.0,0.0,0.0
2016-01-12,12:54:00,38.55,38.61,38.55,38.5956,3745.0,1.0,0.0,0.0
2016-01-12,12:57:00,38.6,38.68,38.59,38.61,32260.0,1.0,0.0,0.0
2016-01-12,13:00:00,38.615,38.62,38.59,38.62,5486.0,1.0,0.0,0.0
2016-01-12,13:03:00,38.62,38.68,38.6,38.66,4379.0,1.0,0.0,0.0
2016-01-12,13:06:00,38.66,38.66,38.63,38.64,2727.0,1.0,0.0,0.0
2016-01-12,13:09:00,38.65,38.66,38.61,38.63,4076.0,1.0,0.0,0.0
2016-01-12,13:12:00,38.639,38.68,38.62,38.6701,3715.0,1.0,0.0,0.0
2016-01-12,13:15:00,38.69,38.71,38.66,38.67,3652.0,1.0,0.0,0.0
2016-01-12,13:18:00,38.68,38.68,38.62,38.63,3305.0,1.0,0.0,0.0
2016-01-12,13:21:00,38.63,38.64,38.6,38.61,4653.0,1.0,0.0,0.0
2016-01-12,13:24:00,38.61,38.62,38.58,38.58,3933.0,1.0,0.0,0.0
2016-01-12,13:27:00,38.56,38.5725,38.55,38.57,4762.0,1.0,0.0,0.0
2016-01-12,13:30:00,38.57,38.59,38.54,38.57,3662.0,1.0,0.0,0.0
2016-01-12,13:33:00,38.58,38.6,38.55,38.55,6229.0,1.0,0.0,0.0
2016-01-12,13:36:00,38.55,38.59,38.55,38.586,4931.0,1.0,0.0,0.0
2016-01-12,13:39:00,38.58,38.67,38.58,38.64,7099.0,1.0,0.0,0.0
2016-01-12,13:42:00,38.65,38.66,38.61,38.64,2185.0,1.0,0.0,0.0
2016-01-12,13:45:00,38.65,38.7,38.65,38.67,4299.0,1.0,0.0,0.0
2016-01-12,13:48:00,38.67,38.68,38.65,38.65,3851.0,1.0,0.0,0.0
2016-01-12,13:51:00,38.67,38.69,38.67,38.6799,2372.0,1.0,0.0,0.0
2016-01-12,13:54:00,38.69,38.69,38.65,38.65,4462.0,1.0,0.0,0.0
2016-01-12,13:57:00,38.65,38.65,38.61,38.62,3808.0,1.0,0.0,0.0
2016-01-12,14:00:00,38.62,38.63,38.57,38.58,12271.0,1.0,0.0,0.0
2016-01-12,14:03:00,38.58,38.59,38.51,38.52,9854.0,1.0,0.0,0.0
2016-01-12,14:06:00,38.53,38.53,38.43,38.49,22287.0,1.0,0.0,0.0
2016-01-12,14:09:00,38.5,38.51,38.45,38.5,5922.0,1.0,0.0,0.0
2016-01-12,14:12:00,38.49,38.6,38.48,38.58,13334.0,1.0,0.0,0.0
2016-01-12,14:15:00,38.58,38.6,38.58,38.59,5164.0,1.0,0.0,0.0
2016-01-12,14:18:00,38.58,38.605,38.56,38.58,7704.0,1.0,0.0,0.0
2016-01-12,14:21:00,38.58,38.61,38.55,38.58,8077.0,1.0,0.0,0.0
2016-01-12,14:24:00,38.58,38.63,38.57,38.63,6153.0,1.0,0.0,0.0
2016-01-12,14:27:00,38.64,38.7,38.64,38.64,6993.0,1.0,0.0,0.0
2016-01-12,14:30:00,38.63,38.65,38.6,38.62,5674.0,1.0,0.0,0.0
2016-01-12,14:33:00,38.61,38.65,38.59,38.63,5569.0,1.0,0.0,0.0
2016-01-12,14:36:00,38.63,38.66,38.62,38.64,6312.0,1.0,0.0,0.0
2016-01-12,14:39:00,38.63,38.71,38.62,38.68,6924.0,1.0,0.0,0.0
2016-01-12,14:42:00,38.68,38.7,38.66,38.68,5460.0,1.0,0.0,0.0
2016-01-12,14:45:00,38.67,38.67,38.62,38.65,3941.0,1.0,0.0,0.0
2016-01-12,14:48:00,38.645,38.65,38.6276,38.6276,3934.0,1.0,0.0,0.0
2016-01-12,14:51:00,38.63,38.65,38.615,38.65,4734.0,1.0,0.0,0.0
2016-01-12,14:54:00,38.65,38.725,38.65,38.72,4805.0,1.0,0.0,0.0
2016-01-12,14:57:00,38.73,38.77,38.73,38.7699,10790.0,1.0,0.0,0.0
2016-01-12,15:00:00,38.77,38.8,38.77,38.78,8127.0,1.0,0.0,0.0
2016-01-12,15:03:00,38.77,38.77,38.7,38.7,8080.0,1.0,0.0,0.0
2016-01-12,15:06:00,38.71,38.72,38.685,38.7,4532.0,1.0,0.0,0.0
2016-01-12,15:09:00,38.7,38.76,38.7,38.74,17987.0,1.0,0.0,0.0
2016-01-12,15:12:00,38.75,38.79,38.745,38.79,9220.0,1.0,0.0,0.0
2016-01-12,15:15:00,38.79,38.8,38.76,38.8,6897.0,1.0,0.0,0.0
2016-01-12,15:18:00,38.792,38.86,38.785,38.86,8907.0,1.0,0.0,0.0
2016-01-12,15:21:00,38.86,38.95,38.86,38.94,7612.0,1.0,0.0,0.0
2016-01-12,15:24:00,38.94,39.04,38.94,39.03,5997.0,1.0,0.0,0.0
2016-01-12,15:27:00,39.03,39.14,39.0201,39.14,12264.0,1.0,0.0,0.0
2016-01-12,15:30:00,39.1399,39.16,39.04,39.05,10733.0,1.0,0.0,0.0
2016-01-12,15:33:00,39.04,39.065,39.02,39.04,13407.0,1.0,0.0,0.0
2016-01-12,15:36:00,39.04,39.135,39.01,39.135,16120.0,1.0,0.0,0.0
2016-01-12,15:39:00,39.13,39.14,39.03,39.03,20660.0,1.0,0.0,0.0
2016-01-12,15:42:00,39.03,39.055,39.0,39.02,17619.0,1.0,0.0,0.0
2016-01-12,15:45:00,39.03,39.17,39.03,39.17,31436.0,1.0,0.0,0.0
2016-01-12,15:48:00,39.16,39.17,39.1,39.11,24151.0,1.0,0.0,0.0
2016-01-12,15:51:00,39.12,39.14,39.05,39.1,22458.0,1.0,0.0,0.0
2016-01-12,15:54:00,39.09,39.11,39.06,39.09,18105.0,1.0,0.0,0.0
2016-01-12,15:57:00,39.08,39.11,39.07,39.09,22094.0,1.0,0.0,0.0
2016-01-13,09:30:00,39.095,39.53,39.07,39.53,59326.0,1.0,0.0,0.0
2016-01-13,09:33:00,39.56,39.63,39.37,39.49,5206.0,1.0,0.0,0.0
2016-01-13,09:36:00,39.46,39.46,39.31,39.37,2014.0,1.0,0.0,0.0
2016-01-13,09:39:00,39.35,39.6,39.32,39.58,9331.0,1.0,0.0,0.0
2016-01-13,09:42:00,39.61,39.61,39.47,39.47,3186.0,1.0,0.0,0.0
2016-01-13,09:45:00,39.46,39.46,39.31,39.31,7048.0,1.0,0.0,0.0
2016-01-13,09:48:00,39.35,39.35,39.27,39.28,2385.0,1.0,0.0,0.0
2016-01-13,09:51:00,39.28,39.37,39.28,39.28,6523.0,1.0,0.0,0.0
2016-01-13,09:54:00,39.23,39.29,39.23,39.26,2266.0,1.0,0.0,0.0
2016-01-13,09:57:00,39.27,39.35,39.26,39.35,4423.0,1.0,0.0,0.0
2016-01-13,10:00:00,39.36,39.4,39.3,39.4,3967.0,1.0,0.0,0.0
2016-01-13,10:03:00,39.4,39.49,39.32,39.39,10887.0,1.0,0.0,0.0
2016-01-13,10:06:00,39.4,39.48,39.31,39.36,12420.0,1.0,0.0,0.0
2016-01-13,10:09:00,39.36,39.37,39.28,39.35,25456.0,1.0,0.0,0.0
2016-01-13,10:12:00,39.34,39.35,39.24,39.28,8859.0,1.0,0.0,0.0
2016-01-13,10:15:00,39.28,39.37,39.26,39.29,22988.0,1.0,0.0,0.0
2016-01-13,10:18:00,39.31,39.31,39.21,39.26,14021.0,1.0,0.0,0.0
2016-01-13,10:21:00,39.27,39.34,39.18,39.195,25260.0,1.0,0.0,0.0
2016-01-13,10:24:00,39.23,39.33,39.215,39.25,16660.0,1.0,0.0,0.0
2016-01-13,10:27:00,39.25,39.3605,39.25,39.31,12301.0,1.0,0.0,0.0
2016-01-13,10:30:00,39.32,39.35,39.19,39.21,19416.0,1.0,0.0,0.0
2016-01-13,10:33:00,39.19,39.19,39.1,39.12,15611.0,1.0,0.0,0.0
2016-01-13,10:36:00,39.11,39.24,39.11,39.2,27621.0,1.0,0.0,0.0
2016-01-13,10:39:00,39.2,39.22,39.03,39.055,24409.0,1.0,0.0,0.0
2016-01-13,10:42:00,39.06,39.17,39.03,39.17,32494.0,1.0,0.0,0.0
2016-01-13,10:45:00,39.17,39.19,39.07,39.1,11865.0,1.0,0.0,0.0
2016-01-13,10:48:00,39.12,39.16,39.09,39.16,3506.0,1.0,0.0,0.0
2016-01-13,10:51:00,39.15,39.26,39.11,39.26,7345.0,1.0,0.0,0.0
2016-01-13,10:54:00,39.25,39.25,39.11,39.14,4162.0,1.0,0.0,0.0
2016-01-13,10:57:00,39.13,39.2,39.1,39.18,3963.0,1.0,0.0,0.0
2016-01-13,11:00:00,39.2,39.22,39.15,39.15,1662.0,1.0,0.0,0.0
2016-01-13,11:04:00,39.15,39.19,39.01,39.02,6312.0,1.0,0.0,0.0
2016-01-13,11:07:00,39.02,39.05,38.99,39.0017,2713.0,1.0,0.0,0.0
2016-01-13,11:10:00,39.02,39.02,38.88,38.91,3688.0,1.0,0.0,0.0
2016-01-13,11:13:00,38.9099,39.02,38.88,39.0,10741.0,1.0,0.0,0.0
2016-01-13,11:16:00,39.0,39.06,38.98,38.98,5883.0,1.0,0.0,0.0
2016-01-13,11:19:00,38.99,39.04,38.96,39.04,4055.0,1.0,0.0,0.0
2016-01-13,11:22:00,39.03,39.07,38.965,38.965,6843.0,1.0,0.0,0.0
2016-01-13,11:25:00,38.965,38.99,38.94,38.97,9683.0,1.0,0.0,0.0
2016-01-13,11:28:00,38.98,39.02,38.96,39.01,5452.0,1.0,0.0,0.0
2016-01-13,11:31:00,39.0,39.105,38.995,39.06,12511.0,1.0,0.0,0.0
2016-01-13,11:34:00,39.06,39.08,38.97,39.05,9206.0,1.0,0.0,0.0
2016-01-13,11:37:00,39.05,39.11,39.05,39.1,2409.0,1.0,0.0,0.0
2016-01-13,11:40:00,39.05,39.05,38.96,38.99,3895.0,1.0,0.0,0.0
2016-01-13,11:43:00,38.96,38.98,38.94,38.97,4100.0,1.0,0.0,0.0
2016-01-13,11:46:00,38.97,38.99,38.95,38.99,9459.0,1.0,0.0,0.0
2016-01-13,11:49:00,38.98,39.01,38.96,39.0,7986.0,1.0,0.0,0.0
2016-01-13,11:52:00,38.99,38.9925,38.93,38.945,7123.0,1.0,0.0,0.0
2016-01-13,11:55:00,38.94,38.96,38.9,38.93,7615.0,1.0,0.0,0.0
2016-01-13,11:58:00,38.94,38.98,38.91,38.955,16209.0,1.0,0.0,0.0
2016-01-13,12:01:00,38.94,38.95,38.9,38.9,7495.0,1.0,0.0,0.0
2016-01-13,12:04:00,38.9,38.93,38.89,38.91,10465.0,1.0,0.0,0.0
2016-01-13,12:07:00,38.91,38.92,38.85,38.9,7958.0,1.0,0.0,0.0
2016-01-13,12:10:00,38.91,38.91,38.86,38.89,2111.0,1.0,0.0,0.0
2016-01-13,12:13:00,38.89,38.94,38.85,38.91,3640.0,1.0,0.0,0.0
2016-01-13,12:16:00,38.93,38.93,38.88,38.88,3121.0,1.0,0.0,0.0
2016-01-13,12:19:00,38.88,38.88,38.83,38.84,2350.0,1.0,0.0,0.0
2016-01-13,12:22:00,38.86,38.91,38.85,38.91,4127.0,1.0,0.0,0.0
2016-01-13,12:25:00,38.9,38.93,38.88,38.93,2366.0,1.0,0.0,0.0
2016-01-13,12:28:00,38.92,38.95,38.864000000000004,38.9,3365.0,1.0,0.0,0.0
2016-01-13,12:31:00,38.89,38.97,38.86,38.88,5847.0,1.0,0.0,0.0
2016-01-13,12:34:00,38.88,38.88,38.79,38.79,3248.0,1.0,0.0,0.0
2016-01-13,12:37:00,38.79,38.79,38.72,38.74,4529.0,1.0,0.0,0.0
2016-01-13,12:40:00,38.76,38.76,38.66,38.68,4228.0,1.0,0.0,0.0
2016-01-13,12:43:00,38.66,38.68,38.65,38.67,3369.0,1.0,0.0,0.0
2016-01-13,12:46:00,38.67,38.67,38.62,38.66,2589.0,1.0,0.0,0.0
2016-01-13,12:49:00,38.68,38.68,38.6401,38.6401,2272.0,1.0,0.0,0.0
2016-01-13,12:52:00,38.64,38.64,38.57,38.57,3349.0,1.0,0.0,0.0
2016-01-13,12:56:00,38.5899,38.6,38.54,38.58,3155.0,1.0,0.0,0.0
2016-01-13,12:59:00,38.59,38.64,38.57,38.63,4467.0,1.0,0.0,0.0
2016-01-13,13:02:00,38.62,38.63,38.59,38.61,2069.0,1.0,0.0,0.0
2016-01-13,13:05:00,38.59,38.64,38.59,38.62,3445.0,1.0,0.0,0.0
2016-01-13,13:08:00,38.63,38.64,38.6,38.64,2957.0,1.0,0.0,0.0
2016-01-13,13:11:00,38.65,38.67,38.63,38.63,2904.0,1.0,0.0,0.0
2016-01-13,13:14:00,38.63,38.68,38.61,38.62,2575.0,1.0,0.0,0.0
2016-01-13,13:17:00,38.6,38.6,38.51,38.5101,2215.0,1.0,0.0,0.0
2016-01-13,13:20:00,38.52,38.54,38.51,38.51,2168.0,1.0,0.0,0.0
2016-01-13,13:23:00,38.49,38.53,38.47,38.5,5868.0,1.0,0.0,0.0
2016-01-13,13:26:00,38.51,38.52,38.46,38.46,2909.0,1.0,0.0,0.0
2016-01-13,13:29:00,38.46,38.47,38.43,38.44,2771.0,1.0,0.0,0.0
2016-01-13,13:32:00,38.45,38.48,38.42,38.43,6120.0,1.0,0.0,0.0
2016-01-13,13:35:00,38.43,38.45,38.39,38.4,6176.0,1.0,0.0,0.0
2016-01-13,13:38:00,38.39,38.39,38.33,38.35,5052.0,1.0,0.0,0.0
2016-01-13,13:41:00,38.34,38.34,38.28,38.28,9586.0,1.0,0.0,0.0
2016-01-13,13:45:00,38.28,38.29,38.22,38.23,5330.0,1.0,0.0,0.0
2016-01-13,13:48:00,38.24,38.25,38.22,38.25,3637.0,1.0,0.0,0.0
2016-01-13,13:51:00,38.27,38.31,38.22,38.31,4779.0,1.0,0.0,0.0
2016-01-13,13:54:00,38.33,38.39,38.33,38.37,9874.0,1.0,0.0,0.0
2016-01-13,13:57:00,38.37,38.42,38.36,38.36,4845.0,1.0,0.0,0.0
2016-01-13,14:00:00,38.35,38.35,38.28,38.29,3591.0,1.0,0.0,0.0
2016-01-13,14:03:00,38.3,38.39,38.29,38.3616,7094.0,1.0,0.0,0.0
2016-01-13,14:06:00,38.34,38.36,38.29,38.34,4239.0,1.0,0.0,0.0
2016-01-13,14:09:00,38.33,38.33,38.28,38.32,3587.0,1.0,0.0,0.0
2016-01-13,14:12:00,38.33,38.37,38.32,38.37,4485.0,1.0,0.0,0.0
2016-01-13,14:16:00,38.37,38.37,38.26,38.28,4627.0,1.0,0.0,0.0
2016-01-13,14:19:00,38.28,38.28,38.23,38.251,4581.0,1.0,0.0,0.0
2016-01-13,14:22:00,38.25,38.26,38.2,38.2,4914.0,1.0,0.0,0.0
2016-01-13,14:25:00,38.22,38.24,38.18,38.18,3180.0,1.0,0.0,0.0
2016-01-13,14:28:00,38.18,38.21,38.12,38.2,5666.0,1.0,0.0,0.0
2016-01-13,14:31:00,38.21,38.22,38.17,38.18,3905.0,1.0,0.0,0.0
2016-01-13,14:34:00,38.18,38.18,38.03,38.03,5816.0,1.0,0.0,0.0
2016-01-13,14:37:00,38.01,38.075,37.98,38.06,4532.0,1.0,0.0,0.0
2016-01-13,14:40:00,38.05,38.09,38.01,38.01,4510.0,1.0,0.0,0.0
2016-01-13,14:43:00,38.0,38.02,37.91,37.92,6173.0,1.0,0.0,0.0
2016-01-13,14:46:00,37.9,37.91,37.83,37.9,4049.0,1.0,0.0,0.0
2016-01-13,14:49:00,37.91,37.92,37.88,37.8901,4367.0,1.0,0.0,0.0
2016-01-13,14:52:00,37.911,37.99,37.911,37.98,8655.0,1.0,0.0,0.0
2016-01-13,14:55:00,37.96,38.05,37.96,38.05,3002.0,1.0,0.0,0.0
2016-01-13,14:58:00,38.0599,38.1,38.04,38.1,17658.0,1.0,0.0,0.0
2016-01-13,15:01:00,38.09,38.12,38.06,38.08,8440.0,1.0,0.0,0.0
2016-01-13,15:04:00,38.08,38.08,38.02,38.06,4627.0,1.0,0.0,0.0
2016-01-13,15:07:00,38.06,38.085,38.04,38.08,9571.0,1.0,0.0,0.0
2016-01-13,15:10:00,38.08,38.1119,38.04,38.07,34098.0,1.0,0.0,0.0
2016-01-13,15:13:00,38.08,38.1,38.07,38.09,8386.0,1.0,0.0,0.0
2016-01-13,15:16:00,38.09,38.2,38.07,38.18,11800.0,1.0,0.0,0.0
2016-01-13,15:19:00,38.18,38.27,38.1701,38.25,5538.0,1.0,0.0,0.0
2016-01-13,15:22:00,38.24,38.25,38.21,38.245,12359.0,1.0,0.0,0.0
2016-01-13,15:25:00,38.25,38.34,38.25,38.34,13139.0,1.0,0.0,0.0
2016-01-13,15:28:00,38.34,38.41,38.34,38.38,12120.0,1.0,0.0,0.0
2016-01-13,15:31:00,38.37,38.41,38.34,38.35,21817.0,1.0,0.0,0.0
2016-01-13,15:34:00,38.34,38.395,38.33,38.365,19516.0,1.0,0.0,0.0
2016-01-13,15:37:00,38.36,38.36,38.245,38.25,10919.0,1.0,0.0,0.0
2016-01-13,15:40:00,38.26,38.33,38.25,38.32,14116.0,1.0,0.0,0.0
2016-01-13,15:43:00,38.32,38.38,38.27,38.2701,12747.0,1.0,0.0,0.0
2016-01-13,15:46:00,38.26,38.29,38.16,38.16,17092.0,1.0,0.0,0.0
2016-01-13,15:49:00,38.16,38.19,38.07,38.0903,14769.0,1.0,0.0,0.0
2016-01-13,15:52:00,38.1,38.17,38.04,38.15,16449.0,1.0,0.0,0.0
2016-01-13,15:55:00,38.14,38.17,38.11,38.12,19829.0,1.0,0.0,0.0
2016-01-13,15:58:00,38.12,38.14,38.05,38.14,34209.0,1.0,0.0,0.0
2016-01-14,09:31:00,38.13,38.61,38.13,38.375,123061.0,1.0,0.0,0.0
2016-01-14,09:34:00,38.32,38.37,38.15,38.21,13862.0,1.0,0.0,0.0
2016-01-14,09:37:00,38.15,38.21,37.94,38.05,9798.0,1.0,0.0,0.0
2016-01-14,09:40:00,38.06,38.06,37.88,37.95,17750.0,1.0,0.0,0.0
2016-01-14,09:43:00,37.96,38.125,37.96,38.05,11716.0,1.0,0.0,0.0
2016-01-14,09:46:00,38.07,38.1,37.98,38.1,6266.0,1.0,0.0,0.0
2016-01-14,09:49:00,38.06,38.06,37.92,38.02,10940.0,1.0,0.0,0.0
2016-01-14,09:52:00,38.02,38.02,37.82,37.89,4754.0,1.0,0.0,0.0
2016-01-14,09:55:00,37.93,37.93,37.74,37.76,5515.0,1.0,0.0,0.0
2016-01-14,09:59:00,37.76,37.76,37.59,37.6199,5416.0,1.0,0.0,0.0
2016-01-14,10:02:00,37.62,37.67,37.61,37.66,3269.0,1.0,0.0,0.0
2016-01-14,10:05:00,37.69,37.85,37.65,37.85,5870.0,1.0,0.0,0.0
2016-01-14,10:08:00,37.86,37.87,37.79,37.85,5073.0,1.0,0.0,0.0
2016-01-14,10:11:00,37.82,37.87,37.76,37.87,4691.0,1.0,0.0,0.0
2016-01-14,10:14:00,37.885,38.06,37.86,38.03,4737.0,1.0,0.0,0.0
2016-01-14,10:17:00,38.01,38.1,37.97,38.1,3127.0,1.0,0.0,0.0
2016-01-14,10:20:00,38.11,38.18,38.07,38.14,4597.0,1.0,0.0,0.0
2016-01-14,10:23:00,38.1,38.2,38.1,38.2,3525.0,1.0,0.0,0.0
2016-01-14,10:26:00,38.26,38.38,38.26,38.36,2544.0,1.0,0.0,0.0
2016-01-14,10:29:00,38.33,38.51,38.32,38.51,5943.0,1.0,0.0,0.0
2016-01-14,10:32:00,38.48,38.56,38.4,38.46,4908.0,1.0,0.0,0.0
2016-01-14,10:35:00,38.4832,38.59,38.48,38.59,3607.0,1.0,0.0,0.0
2016-01-14,10:38:00,38.56,38.62,38.53,38.54,5388.0,1.0,0.0,0.0
2016-01-14,10:41:00,38.55,38.55,38.44,38.48,3837.0,1.0,0.0,0.0
2016-01-14,10:44:00,38.47,38.65,38.47,38.65,6820.0,1.0,0.0,0.0
2016-01-14,10:47:00,38.66,38.676,38.61,38.645,3397.0,1.0,0.0,0.0
2016-01-14,10:50:00,38.64,38.8099,38.64,38.74,3575.0,1.0,0.0,0.0
2016-01-14,10:53:00,38.77,38.77,38.68,38.7,4684.0,1.0,0.0,0.0
2016-01-14,10:56:00,38.7,38.7,38.615,38.63,6912.0,1.0,0.0,0.0
2016-01-14,10:59:00,38.64,38.65,38.57,38.57,2820.0,1.0,0.0,0.0
2016-01-14,11:02:00,38.57,38.635,38.5222,38.5222,5135.0,1.0,0.0,0.0
2016-01-14,11:05:00,38.53,38.6,38.51,38.6,6645.0,1.0,0.0,0.0
2016-01-14,11:08:00,38.58,38.62,38.49,38.49,4960.0,1.0,0.0,0.0
2016-01-14,11:11:00,38.47,38.55,38.46,38.55,4489.0,1.0,0.0,0.0
2016-01-14,11:14:00,38.5699,38.66,38.52,38.6298,8157.0,1.0,0.0,0.0
2016-01-14,11:17:00,38.61,38.65,38.58,38.65,7119.0,1.0,0.0,0.0
2016-01-14,11:20:00,38.67,38.67,38.47,38.5,4605.0,1.0,0.0,0.0
2016-01-14,11:23:00,38.47,38.49,38.4,38.43,3298.0,1.0,0.0,0.0
2016-01-14,11:26:00,38.39,38.45,38.36,38.37,7162.0,1.0,0.0,0.0
2016-01-14,11:29:00,38.35,38.44,38.33,38.41,5039.0,1.0,0.0,0.0
2016-01-14,11:32:00,38.41,38.43,38.36,38.38,5868.0,1.0,0.0,0.0
2016-01-14,11:35:00,38.36,38.41,38.332,38.35,2888.0,1.0,0.0,0.0
2016-01-14,11:38:00,38.37,38.4094,38.32,38.36,1905.0,1.0,0.0,0.0
2016-01-14,11:41:00,38.36,38.41,38.34,38.41,1971.0,1.0,0.0,0.0
2016-01-14,11:44:00,38.39,38.49,38.39,38.47,2326.0,1.0,0.0,0.0
2016-01-14,11:47:00,38.47,38.535,38.47,38.49,1685.0,1.0,0.0,0.0
2016-01-14,11:50:00,38.48,38.53,38.47,38.53,1310.0,1.0,0.0,0.0
2016-01-14,11:54:00,38.53,38.53,38.4501,38.48,2607.0,1.0,0.0,0.0
2016-01-14,11:58:00,38.51,38.53,38.49,38.52,3731.0,1.0,0.0,0.0
2016-01-14,12:01:00,38.52,38.56,38.51,38.56,3315.0,1.0,0.0,0.0
2016-01-14,12:04:00,38.57,38.61,38.53,38.5765,4631.0,1.0,0.0,0.0
2016-01-14,12:07:00,38.54,38.58,38.5,38.5,2292.0,1.0,0.0,0.0
2016-01-14,12:10:00,38.48,38.49,38.43,38.47,2632.0,1.0,0.0,0.0
2016-01-14,12:13:00,38.45,38.47,38.4,38.41,9402.0,1.0,0.0,0.0
2016-01-14,12:16:00,38.41,38.5421,38.41,38.5421,2421.0,1.0,0.0,0.0
2016-01-14,12:19:00,38.53,38.54,38.46,38.47,2093.0,1.0,0.0,0.0
2016-01-14,12:22:00,38.47,38.5,38.45,38.46,3182.0,1.0,0.0,0.0
2016-01-14,12:25:00,38.46,38.55,38.46,38.53,2560.0,1.0,0.0,0.0
2016-01-14,12:28:00,38.51,38.52,38.48,38.49,2201.0,1.0,0.0,0.0
2016-01-14,12:31:00,38.5,38.54,38.49,38.51,3493.0,1.0,0.0,0.0
2016-01-14,12:34:00,38.52,38.55,38.52,38.55,2632.0,1.0,0.0,0.0
2016-01-14,12:37:00,38.559,38.58,38.53,38.57,3871.0,1.0,0.0,0.0
2016-01-14,12:40:00,38.5701,38.68,38.5701,38.65,3662.0,1.0,0.0,0.0
2016-01-14,12:43:00,38.65,38.66,38.61,38.61,2470.0,1.0,0.0,0.0
2016-01-14,12:46:00,38.6199,38.62,38.58,38.62,2914.0,1.0,0.0,0.0
2016-01-14,12:49:00,38.64,38.67,38.59,38.59,5632.0,1.0,0.0,0.0
2016-01-14,12:52:00,38.57,38.58,38.51,38.54,2257.0,1.0,0.0,0.0
2016-01-14,12:55:00,38.55,38.61,38.55,38.61,2880.0,1.0,0.0,0.0
2016-01-14,12:58:00,38.59,38.59,38.54,38.55,9116.0,1.0,0.0,0.0
2016-01-14,13:01:00,38.56,38.57,38.5,38.57,3083.0,1.0,0.0,0.0
2016-01-14,13:04:00,38.57,38.58,38.51,38.57,5062.0,1.0,0.0,0.0
2016-01-14,13:07:00,38.57,38.64,38.55,38.628,5336.0,1.0,0.0,0.0
2016-01-14,13:10:00,38.64,38.66,38.61,38.62,1787.0,1.0,0.0,0.0
2016-01-14,13:13:00,38.62,38.64,38.56,38.62,3613.0,1.0,0.0,0.0
2016-01-14,13:16:00,38.61,38.61,38.58,38.58,3504.0,1.0,0.0,0.0
2016-01-14,13:19:00,38.57,38.61,38.56,38.61,1310.0,1.0,0.0,0.0
2016-01-14,13:22:00,38.62,38.69,38.58,38.68,4427.0,1.0,0.0,0.0
2016-01-14,13:25:00,38.67,38.68,38.64,38.68,2575.0,1.0,0.0,0.0
2016-01-14,13:28:00,38.68,38.68,38.6,38.6,1158.0,1.0,0.0,0.0
2016-01-14,13:31:00,38.58,38.67,38.58,38.66,2643.0,1.0,0.0,0.0
2016-01-14,13:34:00,38.64,38.64,38.625,38.63,1000.0,1.0,0.0,0.0
2016-01-14,13:37:00,38.6459,38.71,38.59,38.66,3771.0,1.0,0.0,0.0
2016-01-14,13:40:00,38.69,38.69,38.65,38.65,3116.0,1.0,0.0,0.0
2016-01-14,13:43:00,38.65,38.67,38.61,38.61,3369.0,1.0,0.0,0.0
2016-01-14,13:46:00,38.58,38.61,38.55,38.55,3079.0,1.0,0.0,0.0
2016-01-14,13:49:00,38.56,38.59,38.53,38.53,2757.0,1.0,0.0,0.0
2016-01-14,13:52:00,38.52,38.55,38.505,38.55,3313.0,1.0,0.0,0.0
2016-01-14,13:55:00,38.5499,38.56,38.52,38.55,3662.0,1.0,0.0,0.0
2016-01-14,13:58:00,38.54,38.57,38.52,38.52,2753.0,1.0,0.0,0.0
2016-01-14,14:01:00,38.52,38.54,38.47,38.48,6070.0,1.0,0.0,0.0
2016-01-14,14:04:00,38.48,38.5,38.43,38.46,2715.0,1.0,0.0,0.0
2016-01-14,14:07:00,38.47,38.52,38.46,38.51,2563.0,1.0,0.0,0.0
2016-01-14,14:10:00,38.5,38.5,38.46,38.47,3199.0,1.0,0.0,0.0
2016-01-14,14:13:00,38.46,38.5,38.43,38.5,5421.0,1.0,0.0,0.0
2016-01-14,14:16:00,38.51,38.55,38.47,38.54,5792.0,1.0,0.0,0.0
2016-01-14,14:19:00,38.53,38.53,38.45,38.45,3452.0,1.0,0.0,0.0
2016-01-14,14:22:00,38.423,38.49,38.423,38.48,2080.0,1.0,0.0,0.0
2016-01-14,14:25:00,38.48,38.51,38.46,38.47,3381.0,1.0,0.0,0.0
2016-01-14,14:28:00,38.48,38.5,38.44,38.45,3908.0,1.0,0.0,0.0
2016-01-14,14:31:00,38.46,38.54,38.46,38.51,2831.0,1.0,0.0,0.0
2016-01-14,14:34:00,38.5,38.51,38.47,38.49,4471.0,1.0,0.0,0.0
2016-01-14,14:37:00,38.49,38.498000000000005,38.46,38.47,3074.0,1.0,0.0,0.0
2016-01-14,14:40:00,38.4701,38.48,38.4,38.43,8579.0,1.0,0.0,0.0
2016-01-14,14:43:00,38.42,38.43,38.37,38.42,7722.0,1.0,0.0,0.0
2016-01-14,14:46:00,38.41,38.41,38.33,38.37,13499.0,1.0,0.0,0.0
2016-01-14,14:49:00,38.35,38.4,38.35,38.38,4647.0,1.0,0.0,0.0
2016-01-14,14:52:00,38.383,38.44,38.383,38.43,3824.0,1.0,0.0,0.0
2016-01-14,14:55:00,38.43,38.46,38.42,38.454,4242.0,1.0,0.0,0.0
2016-01-14,14:58:00,38.4301,38.54,38.4301,38.51,4716.0,1.0,0.0,0.0
2016-01-14,15:01:00,38.5001,38.53,38.49,38.5144,4781.0,1.0,0.0,0.0
2016-01-14,15:04:00,38.52,38.53,38.51,38.53,3678.0,1.0,0.0,0.0
2016-01-14,15:07:00,38.53,38.58,38.52,38.58,4280.0,1.0,0.0,0.0
2016-01-14,15:10:00,38.5699,38.58,38.55,38.56,3731.0,1.0,0.0,0.0
2016-01-14,15:13:00,38.57,38.59,38.56,38.59,3862.0,1.0,0.0,0.0
2016-01-14,15:16:00,38.57,38.6,38.56,38.6,6830.0,1.0,0.0,0.0
2016-01-14,15:19:00,38.58,38.58,38.54,38.57,3899.0,1.0,0.0,0.0
2016-01-14,15:22:00,38.56,38.6,38.53,38.56,11355.0,1.0,0.0,0.0
2016-01-14,15:25:00,38.56,38.57,38.52,38.57,4839.0,1.0,0.0,0.0
2016-01-14,15:28:00,38.57,38.57,38.48,38.5,16642.0,1.0,0.0,0.0
2016-01-14,15:31:00,38.47,38.48,38.41,38.42,5112.0,1.0,0.0,0.0
2016-01-14,15:34:00,38.43,38.43,38.33,38.33,3919.0,1.0,0.0,0.0
2016-01-14,15:37:00,38.34,38.398,38.32,38.36,9738.0,1.0,0.0,0.0
2016-01-14,15:40:00,38.35,38.36,38.28,38.34,14649.0,1.0,0.0,0.0
2016-01-14,15:43:00,38.34,38.36,38.3,38.35,6385.0,1.0,0.0,0.0
2016-01-14,15:46:00,38.35,38.42,38.35,38.41,11860.0,1.0,0.0,0.0
2016-01-14,15:49:00,38.42,38.42,38.34,38.36,14463.0,1.0,0.0,0.0
2016-01-14,15:52:00,38.37,38.41,38.35,38.35,18993.0,1.0,0.0,0.0
2016-01-14,15:55:00,38.34,38.35,38.28,38.34,25620.0,1.0,0.0,0.0
2016-01-14,15:58:00,38.33,38.41,38.32,38.38,33311.0,1.0,0.0,0.0
2016-01-15,09:32:00,38.38,38.39,37.13,37.24,83211.0,1.0,0.0,0.0
2016-01-15,09:35:00,37.28,37.52,37.18,37.52,7889.0,1.0,0.0,0.0
2016-01-15,09:38:00,37.42,37.49,37.12,37.13,24120.0,1.0,0.0,0.0
2016-01-15,09:41:00,37.12,37.13,36.9182,36.9182,9988.0,1.0,0.0,0.0
2016-01-15,09:44:00,36.94,37.12,36.915,37.09,3567.0,1.0,0.0,0.0
2016-01-15,09:47:00,37.05,37.29,37.05,37.29,11650.0,1.0,0.0,0.0
2016-01-15,09:50:00,37.29,37.35,37.25,37.35,3019.0,1.0,0.0,0.0
2016-01-15,09:53:00,37.37,37.38,37.22,37.25,3541.0,1.0,0.0,0.0
2016-01-15,09:56:00,37.31,37.37,37.27,37.32,5499.0,1.0,0.0,0.0
2016-01-15,09:59:00,37.29,37.29,37.2,37.22,2036.0,1.0,0.0,0.0
2016-01-15,10:02:00,37.26,37.35,37.18,37.23,4950.0,1.0,0.0,0.0
2016-01-15,10:05:00,37.2361,37.29,37.16,37.28,5395.0,1.0,0.0,0.0
2016-01-15,10:08:00,37.3,37.43,37.29,37.42,9719.0,1.0,0.0,0.0
2016-01-15,10:11:00,37.4135,37.44,37.26,37.37,41088.0,1.0,0.0,0.0
2016-01-15,10:14:00,37.34,37.34,37.21,37.26,4812.0,1.0,0.0,0.0
2016-01-15,10:17:00,37.26,37.34,37.18,37.21,14385.0,1.0,0.0,0.0
2016-01-15,10:20:00,37.2,37.39,37.19,37.39,8482.0,1.0,0.0,0.0
2016-01-15,10:23:00,37.4,37.52,37.4,37.4,25425.0,1.0,0.0,0.0
2016-01-15,10:26:00,37.39,37.46,37.37,37.46,4482.0,1.0,0.0,0.0
2016-01-15,10:29:00,37.42,37.42,37.31,37.38,3614.0,1.0,0.0,0.0
2016-01-15,10:32:00,37.37,37.49,37.37,37.41,10396.0,1.0,0.0,0.0
2016-01-15,10:35:00,37.41,37.47,37.34,37.455,5135.0,1.0,0.0,0.0
2016-01-15,10:38:00,37.45,37.49,37.35,37.44,5148.0,1.0,0.0,0.0
2016-01-15,10:41:00,37.46,37.46,37.34,37.34,3289.0,1.0,0.0,0.0
2016-01-15,10:44:00,37.36,37.42,37.32,37.34,3274.0,1.0,0.0,0.0
2016-01-15,10:47:00,37.34,37.44,37.34,37.4,3376.0,1.0,0.0,0.0
2016-01-15,10:50:00,37.44,37.48,37.42,37.44,2563.0,1.0,0.0,0.0
2016-01-15,10:53:00,37.4,37.4,37.24,37.34,11317.0,1.0,0.0,0.0
2016-01-15,10:57:00,37.3,37.32,37.23,37.23,7276.0,1.0,0.0,0.0
2016-01-15,11:00:00,37.23,37.31,37.16,37.31,3444.0,1.0,0.0,0.0
2016-01-15,11:03:00,37.28,37.28,37.15,37.19,4776.0,1.0,0.0,0.0
2016-01-15,11:06:00,37.17,37.25,37.17,37.25,2628.0,1.0,0.0,0.0
2016-01-15,11:09:00,37.27,37.3,37.2,37.2,4082.0,1.0,0.0,0.0
2016-01-15,11:12:00,37.18,37.18,37.11,37.16,4625.0,1.0,0.0,0.0
2016-01-15,11:15:00,37.16,37.39,37.15,37.34,3774.0,1.0,0.0,0.0
2016-01-15,11:18:00,37.36,37.38,37.24,37.24,3968.0,1.0,0.0,0.0
2016-01-15,11:21:00,37.23,37.27,37.21,37.25,2492.0,1.0,0.0,0.0
2016-01-15,11:24:00,37.25,37.26,37.18,37.25,1977.0,1.0,0.0,0.0
2016-01-15,11:27:00,37.28,37.33,37.22,37.22,6641.0,1.0,0.0,0.0
2016-01-15,11:30:00,37.24,37.28,37.22,37.28,3244.0,1.0,0.0,0.0
2016-01-15,11:33:00,37.27,37.32,37.26,37.32,2241.0,1.0,0.0,0.0
2016-01-15,11:36:00,37.33,37.33,37.23,37.23,1780.0,1.0,0.0,0.0
2016-01-15,11:39:00,37.23,37.26,37.14,37.16,3458.0,1.0,0.0,0.0
2016-01-15,11:42:00,37.16,37.22,37.12,37.12,3660.0,1.0,0.0,0.0
2016-01-15,11:45:00,37.17,37.19,37.14,37.15,1623.0,1.0,0.0,0.0
2016-01-15,11:48:00,37.13,37.21,37.13,37.15,13786.0,1.0,0.0,0.0
2016-01-15,11:51:00,37.15,37.18,37.15,37.15,1860.0,1.0,0.0,0.0
2016-01-15,11:54:00,37.15,37.15,37.03,37.03,3891.0,1.0,0.0,0.0
2016-01-15,11:57:00,37.05,37.07,36.98,37.06,7650.0,1.0,0.0,0.0
2016-01-15,12:00:00,37.05,37.1,36.9901,37.02,7252.0,1.0,0.0,0.0
2016-01-15,12:03:00,37.0399,37.0399,36.94,36.97,4283.0,1.0,0.0,0.0
2016-01-15,12:06:00,36.95,36.99,36.93,36.9501,3601.0,1.0,0.0,0.0
2016-01-15,12:09:00,36.95,37.015,36.93,37.015,3206.0,1.0,0.0,0.0
2016-01-15,12:12:00,37.03,37.07,37.01,37.02,3363.0,1.0,0.0,0.0
2016-01-15,12:15:00,37.02,37.0216,36.98,37.01,4806.0,1.0,0.0,0.0
2016-01-15,12:18:00,37.0,37.0,36.94,36.97,3217.0,1.0,0.0,0.0
2016-01-15,12:21:00,36.97,36.98,36.9,36.92,4906.0,1.0,0.0,0.0
2016-01-15,12:24:00,36.91,36.91,36.84,36.84,6147.0,1.0,0.0,0.0
2016-01-15,12:27:00,36.84,36.86,36.81,36.86,4503.0,1.0,0.0,0.0
2016-01-15,12:30:00,36.85,36.91,36.84,36.875,2642.0,1.0,0.0,0.0
2016-01-15,12:33:00,36.86,36.89,36.7901,36.8,7843.0,1.0,0.0,0.0
2016-01-15,12:36:00,36.805,36.82,36.765,36.78,3775.0,1.0,0.0,0.0
2016-01-15,12:39:00,36.78,36.83,36.75,36.78,3516.0,1.0,0.0,0.0
2016-01-15,12:42:00,36.77,36.84,36.75,36.84,3995.0,1.0,0.0,0.0
2016-01-15,12:45:00,36.84,36.91,36.84,36.91,5562.0,1.0,0.0,0.0
2016-01-15,12:48:00,36.9199,36.95,36.89,36.9201,1622.0,1.0,0.0,0.0
2016-01-15,12:51:00,36.93,36.96,36.885,36.96,7525.0,1.0,0.0,0.0
2016-01-15,12:54:00,36.97,36.97,36.84,36.8883,27894.0,1.0,0.0,0.0
2016-01-15,12:57:00,36.89,36.95,36.88,36.9,9012.0,1.0,0.0,0.0
2016-01-15,13:00:00,36.9,36.96,36.88,36.91,10112.0,1.0,0.0,0.0
2016-01-15,13:03:00,36.9142,36.94,36.88,36.9,6604.0,1.0,0.0,0.0
2016-01-15,13:06:00,36.89,36.95,36.83,36.83,4240.0,1.0,0.0,0.0
2016-01-15,13:09:00,36.83,36.83,36.77,36.77,3607.0,1.0,0.0,0.0
2016-01-15,13:12:00,36.78,36.88,36.78,36.88,6208.0,1.0,0.0,0.0
2016-01-15,13:15:00,36.88,36.97,36.88,36.91,3865.0,1.0,0.0,0.0
2016-01-15,13:18:00,36.93,37.0,36.91,37.0,2638.0,1.0,0.0,0.0
2016-01-15,13:21:00,36.99,37.05,36.99,37.05,3342.0,1.0,0.0,0.0
2016-01-15,13:24:00,37.06,37.07,37.01,37.06,4261.0,1.0,0.0,0.0
2016-01-15,13:27:00,37.09,37.1044,37.07,37.08,2134.0,1.0,0.0,0.0
2016-01-15,13:30:00,37.09,37.09,37.05,37.09,3999.0,1.0,0.0,0.0
2016-01-15,13:33:00,37.07,37.09,36.95,37.0,38894.0,1.0,0.0,0.0
2016-01-15,13:36:00,37.0,37.0401,36.99,37.04,23360.0,1.0,0.0,0.0
2016-01-15,13:39:00,37.04,37.04,36.97,36.99,4407.0,1.0,0.0,0.0
2016-01-15,13:42:00,37.0,37.09,36.99,37.08,6214.0,1.0,0.0,0.0
2016-01-15,13:45:00,37.07,37.12,37.05,37.08,8172.0,1.0,0.0,0.0
2016-01-15,13:48:00,37.08,37.14,37.08,37.14,4300.0,1.0,0.0,0.0
2016-01-15,13:51:00,37.1408,37.1408,37.07,37.07,3924.0,1.0,0.0,0.0
2016-01-15,13:54:00,37.09,37.22,37.09,37.22,3333.0,1.0,0.0,0.0
2016-01-15,13:57:00,37.21,37.21,37.14,37.16,4676.0,1.0,0.0,0.0
2016-01-15,14:00:00,37.15,37.19,37.14,37.175,5374.0,1.0,0.0,0.0
2016-01-15,14:03:00,37.16,37.17,37.11,37.11,7733.0,1.0,0.0,0.0
2016-01-15,14:06:00,37.11,37.12,37.08,37.08,2638.0,1.0,0.0,0.0
2016-01-15,14:09:00,37.09,37.16,37.09,37.15,5123.0,1.0,0.0,0.0
2016-01-15,14:12:00,37.15,37.21,37.15,37.18,7378.0,1.0,0.0,0.0
2016-01-15,14:15:00,37.17,37.21,37.16,37.1799,2523.0,1.0,0.0,0.0
2016-01-15,14:18:00,37.16,37.2,37.13,37.17,4507.0,1.0,0.0,0.0
2016-01-15,14:21:00,37.17,37.19,37.15,37.15,2952.0,1.0,0.0,0.0
2016-01-15,14:24:00,37.14,37.14,37.06,37.0601,2854.0,1.0,0.0,0.0
2016-01-15,14:27:00,37.09,37.14,37.0775,37.12,5801.0,1.0,0.0,0.0
2016-01-15,14:30:00,37.1,37.1147,37.06,37.06,4153.0,1.0,0.0,0.0
2016-01-15,14:33:00,37.05,37.1106,37.0375,37.1106,7063.0,1.0,0.0,0.0
2016-01-15,14:36:00,37.09,37.1,37.07,37.08,4822.0,1.0,0.0,0.0
2016-01-15,14:39:00,37.09,37.13,37.0874,37.13,3013.0,1.0,0.0,0.0
2016-01-15,14:42:00,37.14,37.21,37.14,37.21,6026.0,1.0,0.0,0.0
2016-01-15,14:45:00,37.21,37.23,37.17,37.199,4583.0,1.0,0.0,0.0
2016-01-15,14:48:00,37.18,37.24,37.15,37.23,4548.0,1.0,0.0,0.0
2016-01-15,14:51:00,37.2278,37.24,37.2,37.2217,3513.0,1.0,0.0,0.0
2016-01-15,14:54:00,37.23,37.4,37.23,37.389,39510.0,1.0,0.0,0.0
2016-01-15,14:57:00,37.41,37.486999999999995,37.41,37.464,4484.0,1.0,0.0,0.0
2016-01-15,15:00:00,37.47,37.54,37.45,37.5,5382.0,1.0,0.0,0.0
2016-01-15,15:03:00,37.4865,37.54,37.45,37.51,5526.0,1.0,0.0,0.0
2016-01-15,15:06:00,37.52,37.58,37.52,37.55,5593.0,1.0,0.0,0.0
2016-01-15,15:09:00,37.54,37.6,37.48,37.57,25970.0,1.0,0.0,0.0
2016-01-15,15:12:00,37.58,37.61,37.55,37.59,52839.0,1.0,0.0,0.0
2016-01-15,15:15:00,37.58,37.7,37.58,37.65,22087.0,1.0,0.0,0.0
2016-01-15,15:18:00,37.66,37.66,37.58,37.59,15772.0,1.0,0.0,0.0
2016-01-15,15:21:00,37.6,37.6618,37.6,37.64,15147.0,1.0,0.0,0.0
2016-01-15,15:24:00,37.64,37.74,37.62,37.74,7796.0,1.0,0.0,0.0
2016-01-15,15:27:00,37.73,37.79,37.72,37.75,9002.0,1.0,0.0,0.0
2016-01-15,15:30:00,37.75,37.77,37.7,37.7,6494.0,1.0,0.0,0.0
2016-01-15,15:33:00,37.69,37.71,37.61,37.71,22035.0,1.0,0.0,0.0
2016-01-15,15:36:00,37.72,37.748000000000005,37.63,37.69,13209.0,1.0,0.0,0.0
2016-01-15,15:39:00,37.69,37.76,37.67,37.67,7775.0,1.0,0.0,0.0
2016-01-15,15:42:00,37.66,37.67,37.6,37.6,13077.0,1.0,0.0,0.0
2016-01-15,15:45:00,37.6,37.7,37.58,37.67,23056.0,1.0,0.0,0.0
2016-01-15,15:48:00,37.68,37.7,37.63,37.67,26803.0,1.0,0.0,0.0
2016-01-15,15:51:00,37.66,37.67,37.64,37.64,25584.0,1.0,0.0,0.0
2016-01-15,15:54:00,37.64,37.65,37.63,37.65,23706.0,1.0,0.0,0.0
2016-01-15,15:57:00,37.65,37.68,37.64,37.65,46980.0,1.0,0.0,0.0
2016-01-19,09:31:00,37.65,38.04,37.63,38.0,130354.0,1.0,0.0,0.0
2016-01-19,09:34:00,37.91,37.91,37.37,37.59,11693.0,1.0,0.0,0.0
2016-01-19,09:37:00,37.63,37.69,37.41,37.5,12925.0,1.0,0.0,0.0
2016-01-19,09:40:00,37.44,37.44,37.14,37.14,3196.0,1.0,0.0,0.0
2016-01-19,09:43:00,37.1,37.1,36.93,36.93,2990.0,1.0,0.0,0.0
2016-01-19,09:46:00,36.99,37.07,36.96,37.04,3128.0,1.0,0.0,0.0
2016-01-19,09:49:00,37.05,37.05,36.9,36.96,3130.0,1.0,0.0,0.0
2016-01-19,09:52:00,36.95,36.95,36.79,36.83,3890.0,1.0,0.0,0.0
2016-01-19,09:55:00,36.83,37.03,36.83,37.0,6791.0,1.0,0.0,0.0
2016-01-19,09:58:00,36.99,37.15,36.98,37.1,2998.0,1.0,0.0,0.0
2016-01-19,10:01:00,37.11,37.31,37.1,37.31,4177.0,1.0,0.0,0.0
2016-01-19,10:04:00,37.29,37.29,37.17,37.23,4286.0,1.0,0.0,0.0
2016-01-19,10:07:00,37.24,37.39,37.24,37.33,5170.0,1.0,0.0,0.0
2016-01-19,10:10:00,37.31,37.38,37.2,37.23,3363.0,1.0,0.0,0.0
2016-01-19,10:13:00,37.235,37.31,37.1,37.26,12867.0,1.0,0.0,0.0
2016-01-19,10:16:00,37.28,37.32,37.19,37.3,2948.0,1.0,0.0,0.0
2016-01-19,10:19:00,37.302,37.31,37.21,37.24,4885.0,1.0,0.0,0.0
2016-01-19,10:22:00,37.23,37.32,37.2,37.23,3942.0,1.0,0.0,0.0
2016-01-19,10:25:00,37.26,37.36,37.1641,37.36,5361.0,1.0,0.0,0.0
2016-01-19,10:28:00,37.341,37.405,37.31,37.405,1915.0,1.0,0.0,0.0
2016-01-19,10:31:00,37.39,37.49,37.39,37.44,4409.0,1.0,0.0,0.0
2016-01-19,10:34:00,37.42,37.48,37.33,37.33,4690.0,1.0,0.0,0.0
2016-01-19,10:37:00,37.32,37.37,37.29,37.29,4623.0,1.0,0.0,0.0
2016-01-19,10:40:00,37.285,37.2899,37.15,37.19,5765.0,1.0,0.0,0.0
2016-01-19,10:43:00,37.19,37.23,37.16,37.17,1520.0,1.0,0.0,0.0
2016-01-19,10:46:00,37.19,37.25,37.16,37.2,5065.0,1.0,0.0,0.0
2016-01-19,10:49:00,37.22,37.3,37.21,37.3,3097.0,1.0,0.0,0.0
2016-01-19,10:52:00,37.32,37.34,37.146,37.17,3877.0,1.0,0.0,0.0
2016-01-19,10:55:00,37.185,37.185,37.12,37.12,972.0,1.0,0.0,0.0
2016-01-19,10:58:00,37.11,37.13,37.07,37.08,10144.0,1.0,0.0,0.0
2016-01-19,11:01:00,37.06,37.09,37.01,37.06,5214.0,1.0,0.0,0.0
2016-01-19,11:04:00,37.07,37.12,37.06,37.06,5635.0,1.0,0.0,0.0
2016-01-19,11:07:00,37.08,37.08,37.01,37.02,4033.0,1.0,0.0,0.0
2016-01-19,11:10:00,37.03,37.1,37.01,37.03,11483.0,1.0,0.0,0.0
2016-01-19,11:13:00,37.05,37.05,36.97,36.97,8495.0,1.0,0.0,0.0
2016-01-19,11:16:00,37.0,37.04,36.98,37.0,4643.0,1.0,0.0,0.0
2016-01-19,11:19:00,36.99,37.0,36.92,36.92,11056.0,1.0,0.0,0.0
2016-01-19,11:22:00,36.95,37.01,36.94,37.0,8294.0,1.0,0.0,0.0
2016-01-19,11:25:00,36.9816,37.03,36.94,37.02,3269.0,1.0,0.0,0.0
2016-01-19,11:28:00,37.03,37.11,37.03,37.11,3857.0,1.0,0.0,0.0
2016-01-19,11:31:00,37.13,37.21,37.13,37.19,4767.0,1.0,0.0,0.0
2016-01-19,11:34:00,37.21,37.24,37.16,37.18,2848.0,1.0,0.0,0.0
2016-01-19,11:37:00,37.16,37.18,37.11,37.13,4090.0,1.0,0.0,0.0
2016-01-19,11:40:00,37.12,37.19,37.12,37.16,7489.0,1.0,0.0,0.0
2016-01-19,11:43:00,37.15,37.19,37.15,37.19,2372.0,1.0,0.0,0.0
2016-01-19,11:46:00,37.2,37.26,37.18,37.24,5157.0,1.0,0.0,0.0
2016-01-19,11:49:00,37.23,37.23,37.12,37.1247,1683.0,1.0,0.0,0.0
2016-01-19,11:52:00,37.12,37.16,37.09,37.12,3750.0,1.0,0.0,0.0
2016-01-19,11:55:00,37.12,37.16,37.11,37.16,5718.0,1.0,0.0,0.0
2016-01-19,11:58:00,37.18,37.24,37.16,37.17,8436.0,1.0,0.0,0.0
2016-01-19,12:01:00,37.18,37.2,37.14,37.2,16955.0,1.0,0.0,0.0
2016-01-19,12:04:00,37.1928,37.2,37.11,37.14,11738.0,1.0,0.0,0.0
2016-01-19,12:07:00,37.14,37.15,37.06,37.08,11764.0,1.0,0.0,0.0
2016-01-19,12:10:00,37.07,37.07,36.99,37.0,3890.0,1.0,0.0,0.0
2016-01-19,12:13:00,37.01,37.05,37.0,37.05,1214.0,1.0,0.0,0.0
2016-01-19,12:16:00,37.07,37.08,37.04,37.04,1287.0,1.0,0.0,0.0
2016-01-19,12:19:00,37.03,37.05,36.93,36.94,3744.0,1.0,0.0,0.0
2016-01-19,12:22:00,36.94,36.97,36.9,36.9,1935.0,1.0,0.0,0.0
2016-01-19,12:26:00,36.91,36.95,36.89,36.89,2521.0,1.0,0.0,0.0
2016-01-19,12:29:00,36.89,37.03,36.89,37.03,3289.0,1.0,0.0,0.0
2016-01-19,12:32:00,37.02,37.1,37.01,37.07,9617.0,1.0,0.0,0.0
2016-01-19,12:35:00,37.07,37.08,37.05,37.07,2769.0,1.0,0.0,0.0
2016-01-19,12:38:00,37.06,37.1228,37.03,37.03,3627.0,1.0,0.0,0.0
2016-01-19,12:41:00,37.0,37.05,37.0,37.05,1454.0,1.0,0.0,0.0
2016-01-19,12:44:00,37.05,37.08,37.0,37.0,6500.0,1.0,0.0,0.0
2016-01-19,12:47:00,37.0,37.03,36.95,36.95,4807.0,1.0,0.0,0.0
2016-01-19,12:50:00,36.95,36.98,36.93,36.96,4119.0,1.0,0.0,0.0
2016-01-19,12:53:00,36.98,36.98,36.89,36.9,1223.0,1.0,0.0,0.0
2016-01-19,12:56:00,36.9099,36.93,36.89,36.91,2602.0,1.0,0.0,0.0
2016-01-19,12:59:00,36.9,36.96,36.9,36.96,3592.0,1.0,0.0,0.0
2016-01-19,13:02:00,36.97,37.03,36.96,37.02,5521.0,1.0,0.0,0.0
2016-01-19,13:05:00,37.01,37.03,36.96,36.97,2474.0,1.0,0.0,0.0
2016-01-19,13:08:00,36.95,37.03,36.92,37.01,3374.0,1.0,0.0,0.0
2016-01-19,13:11:00,37.0,37.03,36.97,37.03,2157.0,1.0,0.0,0.0
2016-01-19,13:14:00,37.04,37.04,36.94,36.94,3217.0,1.0,0.0,0.0
2016-01-19,13:17:00,36.9699,36.98,36.94,36.96,2549.0,1.0,0.0,0.0
2016-01-19,13:20:00,36.97,37.11,36.97,37.09,4125.0,1.0,0.0,0.0
2016-01-19,13:23:00,37.1,37.11,37.03,37.03,2063.0,1.0,0.0,0.0
2016-01-19,13:26:00,37.02,37.05,36.94,36.9501,2294.0,1.0,0.0,0.0
2016-01-19,13:29:00,36.95,36.955999999999996,36.86,36.86,5759.0,1.0,0.0,0.0
2016-01-19,13:32:00,36.91,36.92,36.84,36.85,2959.0,1.0,0.0,0.0
2016-01-19,13:35:00,36.86,36.88,36.82,36.84,3050.0,1.0,0.0,0.0
2016-01-19,13:38:00,36.86,36.91,36.85,36.87,2160.0,1.0,0.0,0.0
2016-01-19,13:41:00,36.88,36.97,36.88,36.95,9198.0,1.0,0.0,0.0
2016-01-19,13:44:00,36.93,36.93,36.84,36.86,4779.0,1.0,0.0,0.0
2016-01-19,13:47:00,36.87,36.9,36.82,36.85,7841.0,1.0,0.0,0.0
2016-01-19,13:50:00,36.85,36.89,36.84,36.85,6769.0,1.0,0.0,0.0
2016-01-19,13:53:00,36.86,36.88,36.78,36.78,9363.0,1.0,0.0,0.0
2016-01-19,13:56:00,36.81,36.86,36.8,36.8331,7152.0,1.0,0.0,0.0
2016-01-19,13:59:00,36.84,36.88,36.82,36.82,8086.0,1.0,0.0,0.0
2016-01-19,14:02:00,36.82,36.83,36.79,36.8082,2711.0,1.0,0.0,0.0
2016-01-19,14:05:00,36.8,36.83,36.7594,36.7594,4747.0,1.0,0.0,0.0
2016-01-19,14:08:00,36.76,36.76,36.6,36.6,15696.0,1.0,0.0,0.0
2016-01-19,14:11:00,36.59,36.62,36.51,36.54,9746.0,1.0,0.0,0.0
2016-01-19,14:14:00,36.5599,36.56,36.5,36.5,9856.0,1.0,0.0,0.0
2016-01-19,14:17:00,36.49,36.49,36.43,36.4799,7808.0,1.0,0.0,0.0
2016-01-19,14:20:00,36.46,36.5,36.455,36.46,8817.0,1.0,0.0,0.0
2016-01-19,14:23:00,36.45,36.52,36.42,36.49,9505.0,1.0,0.0,0.0
2016-01-19,14:26:00,36.52,36.55,36.51,36.52,5677.0,1.0,0.0,0.0
2016-01-19,14:29:00,36.52,36.53,36.5,36.52,4925.0,1.0,0.0,0.0
2016-01-19,14:32:00,36.52,36.57,36.52,36.55,4076.0,1.0,0.0,0.0
2016-01-19,14:35:00,36.55,36.57,36.55,36.56,3009.0,1.0,0.0,0.0
2016-01-19,14:38:00,36.55,36.55,36.48,36.5,5776.0,1.0,0.0,0.0
2016-01-19,14:41:00,36.49,36.53,36.49,36.5,3158.0,1.0,0.0,0.0
2016-01-19,14:44:00,36.49,36.49,36.37,36.37,28452.0,1.0,0.0,0.0
2016-01-19,14:47:00,36.36,36.36,36.28,36.29,6305.0,1.0,0.0,0.0
2016-01-19,14:50:00,36.28,36.3,36.26,36.27,4682.0,1.0,0.0,0.0
2016-01-19,14:53:00,36.28,36.35,36.28,36.34,7109.0,1.0,0.0,0.0
2016-01-19,14:56:00,36.35,36.41,36.35,36.38,4845.0,1.0,0.0,0.0
2016-01-19,14:59:00,36.39,36.39,36.35,36.38,4003.0,1.0,0.0,0.0
2016-01-19,15:02:00,36.38,36.42,36.36,36.42,7764.0,1.0,0.0,0.0
2016-01-19,15:05:00,36.43,36.53,36.411,36.53,6670.0,1.0,0.0,0.0
2016-01-19,15:08:00,36.51,36.54,36.5,36.53,4597.0,1.0,0.0,0.0
2016-01-19,15:11:00,36.52,36.55,36.47,36.47,4733.0,1.0,0.0,0.0
2016-01-19,15:14:00,36.48,36.51,36.47,36.47,3350.0,1.0,0.0,0.0
2016-01-19,15:17:00,36.46,36.47,36.41,36.46,6124.0,1.0,0.0,0.0
2016-01-19,15:20:00,36.47,36.52,36.41,36.47,16052.0,1.0,0.0,0.0
2016-01-19,15:23:00,36.47,36.53,36.46,36.53,8855.0,1.0,0.0,0.0
2016-01-19,15:26:00,36.5201,36.59,36.51,36.55,40029.0,1.0,0.0,0.0
2016-01-19,15:29:00,36.56,36.63,36.545,36.6175,26888.0,1.0,0.0,0.0
2016-01-19,15:32:00,36.62,36.67,36.55,36.575,38524.0,1.0,0.0,0.0
2016-01-19,15:35:00,36.58,36.61,36.545,36.55,24104.0,1.0,0.0,0.0
2016-01-19,15:38:00,36.56,36.6,36.49,36.49,14263.0,1.0,0.0,0.0
2016-01-19,15:41:00,36.49,36.54,36.47,36.53,19293.0,1.0,0.0,0.0
2016-01-19,15:44:00,36.54,36.61,36.53,36.5742,20005.0,1.0,0.0,0.0
2016-01-19,15:47:00,36.59,36.65,36.5,36.62,52848.0,1.0,0.0,0.0
2016-01-19,15:50:00,36.63,36.67,36.56,36.56,48247.0,1.0,0.0,0.0
2016-01-19,15:53:00,36.57,36.61,36.52,36.54,70140.0,1.0,0.0,0.0
2016-01-19,15:56:00,36.54,36.59,36.515,36.53,41207.0,1.0,0.0,0.0
2016-01-19,15:59:00,36.54,36.54,36.46,36.48,56260.0,1.0,0.0,0.0
2016-01-20,09:32:00,35.87,35.87,35.45,35.45,36414.0,1.0,0.0,0.0
2016-01-20,09:35:00,35.45,35.52,35.31,35.41,13792.0,1.0,0.0,0.0
2016-01-20,09:38:00,35.39,35.43,35.31,35.34,12678.0,1.0,0.0,0.0
2016-01-20,09:41:00,35.34,35.45,35.3,35.335,6924.0,1.0,0.0,0.0
2016-01-20,09:44:00,35.335,35.6,35.31,35.54,8714.0,1.0,0.0,0.0
2016-01-20,09:47:00,35.53,35.75,35.48,35.67,15224.0,1.0,0.0,0.0
2016-01-20,09:50:00,35.68,35.7,35.51,35.61,6239.0,1.0,0.0,0.0
2016-01-20,09:53:00,35.63,35.67,35.46,35.525,10420.0,1.0,0.0,0.0
2016-01-20,09:56:00,35.49,35.55,35.4,35.42,17669.0,1.0,0.0,0.0
2016-01-20,09:59:00,35.4,35.41,35.33,35.4,12020.0,1.0,0.0,0.0
2016-01-20,10:02:00,35.4,35.43,35.32,35.32,12937.0,1.0,0.0,0.0
2016-01-20,10:05:00,35.32,35.36,35.22,35.29,22455.0,1.0,0.0,0.0
2016-01-20,10:08:00,35.32,35.37,35.26,35.31,32276.0,1.0,0.0,0.0
2016-01-20,10:11:00,35.31,35.325,35.26,35.27,11850.0,1.0,0.0,0.0
2016-01-20,10:14:00,35.29,35.36,35.26,35.33,28781.0,1.0,0.0,0.0
2016-01-20,10:17:00,35.33,35.34,35.27,35.275,28720.0,1.0,0.0,0.0
2016-01-20,10:20:00,35.28,35.31,35.23,35.28,13022.0,1.0,0.0,0.0
2016-01-20,10:23:00,35.28,35.32,35.24,35.29,11725.0,1.0,0.0,0.0
2016-01-20,10:26:00,35.28,35.33,35.26,35.33,53948.0,1.0,0.0,0.0
2016-01-20,10:29:00,35.33,35.41,35.295,35.32,61245.0,1.0,0.0,0.0
2016-01-20,10:32:00,35.32,35.4,35.31,35.33,6707.0,1.0,0.0,0.0
2016-01-20,10:35:00,35.33,35.34,35.23,35.23,10082.0,1.0,0.0,0.0
2016-01-20,10:38:00,35.23,35.26,35.2,35.23,8352.0,1.0,0.0,0.0
2016-01-20,10:41:00,35.26,35.27,35.21,35.27,8324.0,1.0,0.0,0.0
2016-01-20,10:44:00,35.29,35.445,35.29,35.44,10887.0,1.0,0.0,0.0
2016-01-20,10:47:00,35.44,35.46,35.35,35.39,20764.0,1.0,0.0,0.0
2016-01-20,10:50:00,35.39,35.46,35.361,35.42,8082.0,1.0,0.0,0.0
2016-01-20,10:53:00,35.41,35.47,35.39,35.41,13429.0,1.0,0.0,0.0
2016-01-20,10:56:00,35.41,35.45,35.37,35.39,9937.0,1.0,0.0,0.0
2016-01-20,10:59:00,35.38,35.425,35.36,35.38,14964.0,1.0,0.0,0.0
2016-01-20,11:02:00,35.39,35.54,35.39,35.49,14025.0,1.0,0.0,0.0
2016-01-20,11:05:00,35.49,35.67,35.49,35.67,10524.0,1.0,0.0,0.0
2016-01-20,11:08:00,35.66,35.71,35.64,35.665,12374.0,1.0,0.0,0.0
2016-01-20,11:11:00,35.65,35.76,35.59,35.74,23917.0,1.0,0.0,0.0
2016-01-20,11:14:00,35.7401,35.81,35.7,35.76,8246.0,1.0,0.0,0.0
2016-01-20,11:17:00,35.745,35.76,35.69,35.75,6137.0,1.0,0.0,0.0
2016-01-20,11:20:00,35.75,35.83,35.75,35.8,19368.0,1.0,0.0,0.0
2016-01-20,11:23:00,35.78,35.85,35.78,35.78,6170.0,1.0,0.0,0.0
2016-01-20,11:26:00,35.79,35.83,35.76,35.83,6479.0,1.0,0.0,0.0
2016-01-20,11:29:00,35.8201,35.8201,35.76,35.794000000000004,10799.0,1.0,0.0,0.0
2016-01-20,11:32:00,35.8,35.85,35.76,35.79,9989.0,1.0,0.0,0.0
2016-01-20,11:35:00,35.79,35.84,35.78,35.81,7089.0,1.0,0.0,0.0
2016-01-20,11:38:00,35.84,35.91,35.81,35.83,10543.0,1.0,0.0,0.0
2016-01-20,11:41:00,35.84,35.86,35.78,35.83,5136.0,1.0,0.0,0.0
2016-01-20,11:44:00,35.85,35.85,35.74,35.74,4912.0,1.0,0.0,0.0
2016-01-20,11:47:00,35.75,35.77,35.73,35.74,1575.0,1.0,0.0,0.0
2016-01-20,11:50:00,35.72,35.72,35.6201,35.65,4196.0,1.0,0.0,0.0
2016-01-20,11:53:00,35.63,35.63,35.58,35.58,3338.0,1.0,0.0,0.0
2016-01-20,11:56:00,35.5702,35.5702,35.52,35.56,3680.0,1.0,0.0,0.0
2016-01-20,11:59:00,35.55,35.62,35.53,35.6,3853.0,1.0,0.0,0.0
2016-01-20,12:02:00,35.6,35.65,35.59,35.6,4076.0,1.0,0.0,0.0
2016-01-20,12:05:00,35.6,35.62,35.54,35.56,7892.0,1.0,0.0,0.0
2016-01-20,12:08:00,35.55,35.55,35.47,35.47,5557.0,1.0,0.0,0.0
2016-01-20,12:11:00,35.49,35.56,35.47,35.56,7477.0,1.0,0.0,0.0
2016-01-20,12:14:00,35.55,35.6,35.54,35.57,4433.0,1.0,0.0,0.0
2016-01-20,12:17:00,35.56,35.59,35.54,35.58,6477.0,1.0,0.0,0.0
2016-01-20,12:20:00,35.57,35.59,35.53,35.54,6375.0,1.0,0.0,0.0
2016-01-20,12:23:00,35.53,35.54,35.41,35.44,12198.0,1.0,0.0,0.0
2016-01-20,12:26:00,35.43,35.45,35.4,35.43,4851.0,1.0,0.0,0.0
2016-01-20,12:29:00,35.43,35.43,35.34,35.41,8027.0,1.0,0.0,0.0
2016-01-20,12:32:00,35.4,35.47,35.4,35.47,6657.0,1.0,0.0,0.0
2016-01-20,12:35:00,35.47,35.49,35.45,35.47,4230.0,1.0,0.0,0.0
2016-01-20,12:38:00,35.47,35.48,35.4101,35.42,10219.0,1.0,0.0,0.0
2016-01-20,12:41:00,35.43,35.49,35.43,35.48,3768.0,1.0,0.0,0.0
2016-01-20,12:44:00,35.49,35.5,35.44,35.47,6788.0,1.0,0.0,0.0
2016-01-20,12:47:00,35.46,35.48,35.42,35.445,7234.0,1.0,0.0,0.0
2016-01-20,12:50:00,35.44,35.51,35.43,35.51,9336.0,1.0,0.0,0.0
2016-01-20,12:53:00,35.52,35.57,35.5,35.52,21863.0,1.0,0.0,0.0
2016-01-20,12:56:00,35.52,35.65,35.52,35.65,39832.0,1.0,0.0,0.0
2016-01-20,12:59:00,35.66,35.69,35.61,35.655,44470.0,1.0,0.0,0.0
2016-01-20,13:02:00,35.69,35.69,35.58,35.58,33245.0,1.0,0.0,0.0
2016-01-20,13:05:00,35.57,35.68,35.57,35.61,23995.0,1.0,0.0,0.0
2016-01-20,13:08:00,35.61,35.63,35.53,35.56,17902.0,1.0,0.0,0.0
2016-01-20,13:11:00,35.56,35.59,35.53,35.5565,9183.0,1.0,0.0,0.0
2016-01-20,13:14:00,35.58,35.69,35.54,35.64,39962.0,1.0,0.0,0.0
2016-01-20,13:17:00,35.66,35.66,35.57,35.59,11200.0,1.0,0.0,0.0
2016-01-20,13:20:00,35.59,35.64,35.59,35.6199,7692.0,1.0,0.0,0.0
2016-01-20,13:23:00,35.6,35.71,35.6,35.71,6064.0,1.0,0.0,0.0
2016-01-20,13:26:00,35.75,35.76,35.69,35.71,7529.0,1.0,0.0,0.0
2016-01-20,13:29:00,35.7,35.8,35.7,35.79,11130.0,1.0,0.0,0.0
2016-01-20,13:32:00,35.83,35.91,35.8,35.8721,5857.0,1.0,0.0,0.0
2016-01-20,13:35:00,35.89,35.95,35.87,35.87,7027.0,1.0,0.0,0.0
2016-01-20,13:38:00,35.88,35.96,35.86,35.93,7144.0,1.0,0.0,0.0
2016-01-20,13:41:00,35.96,36.03,35.94,36.03,6187.0,1.0,0.0,0.0
2016-01-20,13:44:00,36.03,36.15,36.01,36.15,6038.0,1.0,0.0,0.0
2016-01-20,13:47:00,36.16,36.21,36.13,36.13,9892.0,1.0,0.0,0.0
2016-01-20,13:50:00,36.16,36.19,36.1,36.12,19720.0,1.0,0.0,0.0
2016-01-20,13:53:00,36.14,36.14,36.1,36.11,18116.0,1.0,0.0,0.0
2016-01-20,13:56:00,36.113,36.13,36.06,36.08,6196.0,1.0,0.0,0.0
2016-01-20,13:59:00,36.06,36.1,36.04,36.07,8688.0,1.0,0.0,0.0
2016-01-20,14:02:00,36.08,36.11,35.97,35.98,9294.0,1.0,0.0,0.0
2016-01-20,14:05:00,35.97,35.97,35.88,35.94,8034.0,1.0,0.0,0.0
2016-01-20,14:08:00,35.965,35.99,35.915,35.94,37455.0,1.0,0.0,0.0
2016-01-20,14:11:00,35.94,36.07,35.9101,36.06,10856.0,1.0,0.0,0.0
2016-01-20,14:14:00,36.09,36.14,36.09,36.137,30887.0,1.0,0.0,0.0
2016-01-20,14:17:00,36.11,36.16,36.1,36.135,17986.0,1.0,0.0,0.0
2016-01-20,14:20:00,36.13,36.2,36.12,36.2,12708.0,1.0,0.0,0.0
2016-01-20,14:23:00,36.19,36.2,36.12,36.2,7687.0,1.0,0.0,0.0
2016-01-20,14:26:00,36.19,36.23,36.159,36.16,11983.0,1.0,0.0,0.0
2016-01-20,14:29:00,36.16,36.23,36.16,36.19,8575.0,1.0,0.0,0.0
2016-01-20,14:32:00,36.21,36.21,36.09,36.12,9671.0,1.0,0.0,0.0
2016-01-20,14:35:00,36.11,36.165,36.09,36.15,9439.0,1.0,0.0,0.0
2016-01-20,14:38:00,36.15,36.19,36.1,36.19,5698.0,1.0,0.0,0.0
2016-01-20,14:41:00,36.19,36.27,36.19,36.26,12120.0,1.0,0.0,0.0
2016-01-20,14:44:00,36.26,36.28,36.23,36.25,6125.0,1.0,0.0,0.0
2016-01-20,14:47:00,36.25,36.31,36.24,36.26,6588.0,1.0,0.0,0.0
2016-01-20,14:50:00,36.27,36.29,36.25,36.27,4739.0,1.0,0.0,0.0
2016-01-20,14:53:00,36.29,36.39,36.28,36.37,9390.0,1.0,0.0,0.0
2016-01-20,14:56:00,36.36,36.46,36.36,36.44,8668.0,1.0,0.0,0.0
2016-01-20,14:59:00,36.45,36.52,36.445,36.46,6035.0,1.0,0.0,0.0
2016-01-20,15:02:00,36.46,36.48,36.407,36.46,10330.0,1.0,0.0,0.0
2016-01-20,15:05:00,36.46,36.59,36.45,36.59,7311.0,1.0,0.0,0.0
2016-01-20,15:08:00,36.59,36.69,36.59,36.65,11688.0,1.0,0.0,0.0
2016-01-20,15:11:00,36.64,36.71,36.63,36.71,28124.0,1.0,0.0,0.0
2016-01-20,15:14:00,36.71,36.76,36.7,36.76,6720.0,1.0,0.0,0.0
2016-01-20,15:17:00,36.78,36.95,36.78,36.95,11459.0,1.0,0.0,0.0
2016-01-20,15:20:00,36.96,37.15,36.95,37.15,15053.0,1.0,0.0,0.0
2016-01-20,15:23:00,37.15,37.19,37.07,37.11,15491.0,1.0,0.0,0.0
2016-01-20,15:26:00,37.11,37.16,37.09,37.115,14823.0,1.0,0.0,0.0
2016-01-20,15:29:00,37.11,37.15,37.06,37.12,12473.0,1.0,0.0,0.0
2016-01-20,15:32:00,37.12,37.17,37.08,37.16,20741.0,1.0,0.0,0.0
2016-01-20,15:35:00,37.16,37.16,36.97,36.98,18178.0,1.0,0.0,0.0
2016-01-20,15:38:00,37.02,37.07,36.98,37.03,12199.0,1.0,0.0,0.0
2016-01-20,15:41:00,37.05,37.11,36.91,36.98,21880.0,1.0,0.0,0.0
2016-01-20,15:44:00,36.98,37.05,36.94,37.03,21504.0,1.0,0.0,0.0
2016-01-20,15:47:00,37.04,37.04,36.83,36.86,98910.0,1.0,0.0,0.0
2016-01-20,15:50:00,36.85,36.95,36.85,36.89,35466.0,1.0,0.0,0.0
2016-01-20,15:53:00,36.9,36.96,36.86,36.94,63646.0,1.0,0.0,0.0
2016-01-20,15:56:00,36.94,36.95,36.76,36.78,50103.0,1.0,0.0,0.0
2016-01-20,15:59:00,36.79,36.83,36.77,36.78,75219.0,1.0,0.0,0.0
2016-01-21,09:32:00,36.87,36.96,36.63,36.77,23697.0,1.0,0.0,0.0
2016-01-21,09:35:00,36.74,37.16,36.65,37.14,28745.0,1.0,0.0,0.0
2016-01-21,09:38:00,37.12,37.26,37.02,37.11,16353.0,1.0,0.0,0.0
2016-01-21,09:41:00,37.06,37.16,37.05,37.07,3503.0,1.0,0.0,0.0
2016-01-21,09:44:00,37.12,37.12,36.96,36.96,4260.0,1.0,0.0,0.0
2016-01-21,09:47:00,36.88,36.89,36.64,36.64,2949.0,1.0,0.0,0.0
2016-01-21,09:50:00,36.63,36.755,36.63,36.755,3135.0,1.0,0.0,0.0
2016-01-21,09:53:00,36.71,36.78,36.62,36.76,7435.0,1.0,0.0,0.0
2016-01-21,09:56:00,36.74,36.92,36.74,36.88,3514.0,1.0,0.0,0.0
2016-01-21,09:59:00,36.842,36.87,36.72,36.72,2094.0,1.0,0.0,0.0
2016-01-21,10:02:00,36.71,36.95,36.7,36.87,6172.0,1.0,0.0,0.0
2016-01-21,10:05:00,36.93,36.99,36.86,36.94,16949.0,1.0,0.0,0.0
2016-01-21,10:08:00,36.95,37.02,36.92,37.01,3875.0,1.0,0.0,0.0
2016-01-21,10:11:00,37.03,37.08,36.94,37.07,5294.0,1.0,0.0,0.0
2016-01-21,10:14:00,37.09,37.12,37.03,37.06,3120.0,1.0,0.0,0.0
2016-01-21,10:17:00,37.03,37.1,36.93,36.99,7746.0,1.0,0.0,0.0
2016-01-21,10:20:00,36.97,36.98,36.84,36.92,5678.0,1.0,0.0,0.0
2016-01-21,10:23:00,36.93,36.93,36.76,36.76,5887.0,1.0,0.0,0.0
2016-01-21,10:26:00,36.76,36.79,36.73,36.74,8497.0,1.0,0.0,0.0
2016-01-21,10:29:00,36.745,36.85,36.745,36.82,3536.0,1.0,0.0,0.0
2016-01-21,10:32:00,36.82,36.82,36.7,36.79,7080.0,1.0,0.0,0.0
2016-01-21,10:35:00,36.81,37.01,36.81,36.94,4495.0,1.0,0.0,0.0
2016-01-21,10:38:00,36.95,36.95,36.85,36.88,4464.0,1.0,0.0,0.0
2016-01-21,10:41:00,36.9,36.9899,36.9,36.95,2518.0,1.0,0.0,0.0
2016-01-21,10:44:00,36.98,37.09,36.98,37.03,2715.0,1.0,0.0,0.0
2016-01-21,10:47:00,37.04,37.1,37.04,37.1,3793.0,1.0,0.0,0.0
2016-01-21,10:50:00,37.09,37.1,36.86,36.93,19455.0,1.0,0.0,0.0
2016-01-21,10:53:00,36.92,36.92,36.73,36.8,12775.0,1.0,0.0,0.0
2016-01-21,10:56:00,36.82,36.89,36.8,36.81,3126.0,1.0,0.0,0.0
2016-01-21,10:59:00,36.82,36.82,36.72,36.72,9467.0,1.0,0.0,0.0
2016-01-21,11:02:00,36.74,36.92,36.67,36.92,19431.0,1.0,0.0,0.0
2016-01-21,11:05:00,36.88,36.95,36.82,36.95,4005.0,1.0,0.0,0.0
2016-01-21,11:08:00,36.96,37.13,36.96,37.1,3930.0,1.0,0.0,0.0
2016-01-21,11:11:00,37.08,37.09,36.98,37.05,4949.0,1.0,0.0,0.0
2016-01-21,11:14:00,37.04,37.07,37.01,37.06,6416.0,1.0,0.0,0.0
2016-01-21,11:17:00,37.07,37.07,36.98,37.02,4063.0,1.0,0.0,0.0
2016-01-21,11:20:00,37.04,37.13,36.98,36.99,3354.0,1.0,0.0,0.0
2016-01-21,11:23:00,37.02,37.02,36.96,36.98,2994.0,1.0,0.0,0.0
2016-01-21,11:26:00,36.94,36.94,36.86,36.88,3416.0,1.0,0.0,0.0
2016-01-21,11:29:00,36.87,36.89,36.79,36.83,3164.0,1.0,0.0,0.0
2016-01-21,11:32:00,36.81,36.91,36.81,36.89,4171.0,1.0,0.0,0.0
2016-01-21,11:35:00,36.88,36.9,36.82,36.9,3125.0,1.0,0.0,0.0
2016-01-21,11:38:00,36.92,37.07,36.91,37.015,5087.0,1.0,0.0,0.0
2016-01-21,11:41:00,37.0,37.02,36.96,36.96,1363.0,1.0,0.0,0.0
2016-01-21,11:44:00,36.94,36.95,36.83,36.87,4135.0,1.0,0.0,0.0
2016-01-21,11:47:00,36.87,36.97,36.8541,36.97,2759.0,1.0,0.0,0.0
2016-01-21,11:50:00,36.97,37.18,36.96,37.18,8134.0,1.0,0.0,0.0
2016-01-21,11:53:00,37.14,37.18,37.12,37.16,2102.0,1.0,0.0,0.0
2016-01-21,11:56:00,37.13,37.22,37.07,37.22,2346.0,1.0,0.0,0.0
2016-01-21,11:59:00,37.2,37.22,37.17,37.17,6044.0,1.0,0.0,0.0
2016-01-21,12:02:00,37.21,37.36,37.21,37.36,5462.0,1.0,0.0,0.0
2016-01-21,12:05:00,37.36,37.37,37.31,37.31,3087.0,1.0,0.0,0.0
2016-01-21,12:08:00,37.33,37.44,37.33,37.42,2989.0,1.0,0.0,0.0
2016-01-21,12:11:00,37.41,37.42,37.32,37.32,1969.0,1.0,0.0,0.0
2016-01-21,12:14:00,37.29,37.29,37.23,37.23,2044.0,1.0,0.0,0.0
2016-01-21,12:17:00,37.27,37.35,37.27,37.35,8543.0,1.0,0.0,0.0
2016-01-21,12:20:00,37.37,37.39,37.3,37.31,6801.0,1.0,0.0,0.0
2016-01-21,12:23:00,37.3,37.303000000000004,37.18,37.18,5369.0,1.0,0.0,0.0
2016-01-21,12:26:00,37.18,37.23,37.17,37.23,3183.0,1.0,0.0,0.0
2016-01-21,12:29:00,37.24,37.29,37.24,37.29,1860.0,1.0,0.0,0.0
2016-01-21,12:32:00,37.29,37.303000000000004,37.26,37.27,2072.0,1.0,0.0,0.0
2016-01-21,12:35:00,37.26,37.29,37.23,37.26,2297.0,1.0,0.0,0.0
2016-01-21,12:39:00,37.26,37.29,37.23,37.25,4543.0,1.0,0.0,0.0
2016-01-21,12:43:00,37.26,37.31,37.25,37.25,5396.0,1.0,0.0,0.0
2016-01-21,12:46:00,37.24,37.26,37.19,37.19,2138.0,1.0,0.0,0.0
2016-01-21,12:49:00,37.17,37.18,37.15,37.16,4055.0,1.0,0.0,0.0
2016-01-21,12:52:00,37.15,37.16,37.09,37.09,3851.0,1.0,0.0,0.0
2016-01-21,12:55:00,37.09,37.1,37.04,37.05,5264.0,1.0,0.0,0.0
2016-01-21,12:58:00,37.06,37.11,37.05,37.1,6873.0,1.0,0.0,0.0
2016-01-21,13:01:00,37.12,37.17,37.12,37.1675,1951.0,1.0,0.0,0.0
2016-01-21,13:04:00,37.18,37.21,37.17,37.21,3476.0,1.0,0.0,0.0
2016-01-21,13:07:00,37.21,37.27,37.21,37.27,1786.0,1.0,0.0,0.0
2016-01-21,13:10:00,37.27,37.38,37.27,37.36,1870.0,1.0,0.0,0.0
2016-01-21,13:13:00,37.35,37.35,37.26,37.26,3622.0,1.0,0.0,0.0
2016-01-21,13:16:00,37.23,37.23,37.12,37.19,2973.0,1.0,0.0,0.0
2016-01-21,13:19:00,37.17,37.17,37.1,37.12,959.0,1.0,0.0,0.0
2016-01-21,13:22:00,37.08,37.08,36.91,36.91,5128.0,1.0,0.0,0.0
2016-01-21,13:25:00,36.91,36.91,36.87,36.882,5080.0,1.0,0.0,0.0
2016-01-21,13:28:00,36.8725,36.94,36.85,36.85,2269.0,1.0,0.0,0.0
2016-01-21,13:31:00,36.86,36.88,36.8,36.84,4409.0,1.0,0.0,0.0
2016-01-21,13:34:00,36.83,36.84,36.71,36.73,5102.0,1.0,0.0,0.0
2016-01-21,13:37:00,36.75,36.81,36.71,36.78,5589.0,1.0,0.0,0.0
2016-01-21,13:40:00,36.8,36.87,36.8,36.86,4580.0,1.0,0.0,0.0
2016-01-21,13:43:00,36.861,36.91,36.86,36.87,4155.0,1.0,0.0,0.0
2016-01-21,13:46:00,36.86,36.8999,36.82,36.85,4802.0,1.0,0.0,0.0
2016-01-21,13:49:00,36.86,36.9,36.84,36.89,8230.0,1.0,0.0,0.0
2016-01-21,13:52:00,36.87,36.87,36.71,36.72,5492.0,1.0,0.0,0.0
2016-01-21,13:55:00,36.7,36.7899,36.67,36.7899,5439.0,1.0,0.0,0.0
2016-01-21,13:58:00,36.77,36.8,36.67,36.77,15710.0,1.0,0.0,0.0
2016-01-21,14:01:00,36.78,36.84,36.74,36.74,4344.0,1.0,0.0,0.0
2016-01-21,14:04:00,36.73,36.77,36.7,36.76,4049.0,1.0,0.0,0.0
2016-01-21,14:07:00,36.74,36.8111,36.72,36.7602,3277.0,1.0,0.0,0.0
2016-01-21,14:10:00,36.78,36.78,36.62,36.62,4008.0,1.0,0.0,0.0
2016-01-21,14:13:00,36.63,36.63,36.5,36.5,2255.0,1.0,0.0,0.0
2016-01-21,14:16:00,36.5,36.54,36.46,36.46,3325.0,1.0,0.0,0.0
2016-01-21,14:19:00,36.44,36.49,36.43,36.43,2702.0,1.0,0.0,0.0
2016-01-21,14:22:00,36.44,36.51,36.43,36.49,4278.0,1.0,0.0,0.0
2016-01-21,14:25:00,36.5,36.52,36.4,36.41,3888.0,1.0,0.0,0.0
2016-01-21,14:28:00,36.4,36.57,36.37,36.56,5018.0,1.0,0.0,0.0
2016-01-21,14:31:00,36.54,36.66,36.53,36.66,5461.0,1.0,0.0,0.0
2016-01-21,14:34:00,36.69,36.71,36.6,36.61,5040.0,1.0,0.0,0.0
2016-01-21,14:37:00,36.61,36.66,36.55,36.64,5500.0,1.0,0.0,0.0
2016-01-21,14:40:00,36.64,36.64,36.5801,36.63,2528.0,1.0,0.0,0.0
2016-01-21,14:43:00,36.64,36.71,36.61,36.67,3273.0,1.0,0.0,0.0
2016-01-21,14:46:00,36.65,36.67,36.57,36.57,3456.0,1.0,0.0,0.0
2016-01-21,14:49:00,36.56,36.56,36.49,36.49,4668.0,1.0,0.0,0.0
2016-01-21,14:52:00,36.51,36.63,36.5036,36.63,13754.0,1.0,0.0,0.0
2016-01-21,14:55:00,36.62,36.82,36.59,36.82,27098.0,1.0,0.0,0.0
2016-01-21,14:58:00,36.82,36.99,36.82,36.95,10353.0,1.0,0.0,0.0
2016-01-21,15:01:00,36.9301,36.95,36.85,36.85,7501.0,1.0,0.0,0.0
2016-01-21,15:04:00,36.84,36.86,36.79,36.81,10894.0,1.0,0.0,0.0
2016-01-21,15:07:00,36.82,36.85,36.68,36.68,15177.0,1.0,0.0,0.0
2016-01-21,15:10:00,36.68,36.73,36.63,36.73,8235.0,1.0,0.0,0.0
2016-01-21,15:13:00,36.71,36.84,36.71,36.82,8002.0,1.0,0.0,0.0
2016-01-21,15:16:00,36.8119,36.8499,36.73,36.79,5179.0,1.0,0.0,0.0
2016-01-21,15:19:00,36.78,36.82,36.73,36.8,4050.0,1.0,0.0,0.0
2016-01-21,15:22:00,36.79,36.81,36.71,36.73,5887.0,1.0,0.0,0.0
2016-01-21,15:25:00,36.75,36.82,36.72,36.79,5588.0,1.0,0.0,0.0
2016-01-21,15:28:00,36.81,36.821999999999996,36.71,36.72,5162.0,1.0,0.0,0.0
2016-01-21,15:31:00,36.71,36.85,36.69,36.85,6809.0,1.0,0.0,0.0
2016-01-21,15:34:00,36.86,36.88,36.8,36.85,11025.0,1.0,0.0,0.0
2016-01-21,15:37:00,36.84,36.87,36.8,36.8,8885.0,1.0,0.0,0.0
2016-01-21,15:40:00,36.8,36.82,36.75,36.77,9511.0,1.0,0.0,0.0
2016-01-21,15:43:00,36.77,36.87,36.76,36.86,8477.0,1.0,0.0,0.0
2016-01-21,15:46:00,36.85,36.85,36.7,36.7,16259.0,1.0,0.0,0.0
2016-01-21,15:49:00,36.72,36.73,36.67,36.68,13070.0,1.0,0.0,0.0
2016-01-21,15:52:00,36.68,36.74,36.68,36.74,11458.0,1.0,0.0,0.0
2016-01-21,15:55:00,36.75,36.75,36.69,36.7,16096.0,1.0,0.0,0.0
2016-01-21,15:58:00,36.71,36.71,36.67,36.67,36574.0,1.0,0.0,0.0
2016-01-22,09:31:00,36.675,37.42,36.62,37.37,28912.0,1.0,0.0,0.0
2016-01-22,09:35:00,37.25,37.5499,37.21,37.42,16701.0,1.0,0.0,0.0
2016-01-22,09:39:00,37.38,37.743,37.38,37.6,4599.0,1.0,0.0,0.0
2016-01-22,09:42:00,37.6,37.8,37.5,37.7,4255.0,1.0,0.0,0.0
2016-01-22,09:45:00,37.77,37.88,37.67,37.69,9280.0,1.0,0.0,0.0
2016-01-22,09:48:00,37.65,37.73,37.56,37.73,7914.0,1.0,0.0,0.0
2016-01-22,09:51:00,37.65,37.82,37.65,37.7999,5842.0,1.0,0.0,0.0
2016-01-22,09:54:00,37.77,37.95,37.77,37.81,7632.0,1.0,0.0,0.0
2016-01-22,09:57:00,37.83,37.99,37.83,37.99,4825.0,1.0,0.0,0.0
2016-01-22,10:01:00,38.02,38.27,38.02,38.2,20547.0,1.0,0.0,0.0
2016-01-22,10:04:00,38.19,38.28,38.15,38.24,22495.0,1.0,0.0,0.0
2016-01-22,10:07:00,38.27,38.3,38.15,38.2,7194.0,1.0,0.0,0.0
2016-01-22,10:10:00,38.23,38.37,38.13,38.34,24470.0,1.0,0.0,0.0
2016-01-22,10:13:00,38.37,38.41,38.25,38.31,5348.0,1.0,0.0,0.0
2016-01-22,10:16:00,38.33,38.38,38.275999999999996,38.31,3574.0,1.0,0.0,0.0
2016-01-22,10:19:00,38.31,38.31,38.12,38.15,12102.0,1.0,0.0,0.0
2016-01-22,10:22:00,38.1,38.1,37.86,38.02,6768.0,1.0,0.0,0.0
2016-01-22,10:25:00,38.03,38.05,37.89,37.96,4918.0,1.0,0.0,0.0
2016-01-22,10:28:00,37.93,37.97,37.8,37.88,10206.0,1.0,0.0,0.0
2016-01-22,10:31:00,37.86,37.86,37.75,37.78,8651.0,1.0,0.0,0.0
2016-01-22,10:34:00,37.75,37.79,37.66,37.69,4676.0,1.0,0.0,0.0
2016-01-22,10:37:00,37.66,37.75,37.58,37.59,5424.0,1.0,0.0,0.0
2016-01-22,10:40:00,37.63,37.76,37.61,37.69,7284.0,1.0,0.0,0.0
2016-01-22,10:43:00,37.7,37.7,37.55,37.55,9070.0,1.0,0.0,0.0
2016-01-22,10:46:00,37.5,37.56,37.46,37.53,6713.0,1.0,0.0,0.0
2016-01-22,10:49:00,37.54,37.565,37.47,37.49,3176.0,1.0,0.0,0.0
2016-01-22,10:52:00,37.49,37.54,37.42,37.45,4069.0,1.0,0.0,0.0
2016-01-22,10:55:00,37.45,37.48,37.38,37.41,8080.0,1.0,0.0,0.0
2016-01-22,10:58:00,37.385,37.475,37.385,37.45,18513.0,1.0,0.0,0.0
2016-01-22,11:01:00,37.43,37.48,37.4,37.42,8424.0,1.0,0.0,0.0
2016-01-22,11:04:00,37.417,37.49,37.385,37.42,8359.0,1.0,0.0,0.0
2016-01-22,11:07:00,37.4,37.46,37.37,37.37,6774.0,1.0,0.0,0.0
2016-01-22,11:10:00,37.38,37.42,37.29,37.3,6266.0,1.0,0.0,0.0
2016-01-22,11:13:00,37.29,37.33,37.26,37.3,4439.0,1.0,0.0,0.0
2016-01-22,11:16:00,37.29,37.29,37.18,37.27,5836.0,1.0,0.0,0.0
2016-01-22,11:19:00,37.25,37.37,37.2401,37.33,5736.0,1.0,0.0,0.0
2016-01-22,11:22:00,37.3599,37.39,37.29,37.39,6184.0,1.0,0.0,0.0
2016-01-22,11:25:00,37.41,37.41,37.23,37.28,4954.0,1.0,0.0,0.0
2016-01-22,11:28:00,37.29,37.31,37.19,37.31,3295.0,1.0,0.0,0.0
2016-01-22,11:31:00,37.29,37.33,37.25,37.25,3239.0,1.0,0.0,0.0
2016-01-22,11:34:00,37.24,37.28,37.18,37.2,3168.0,1.0,0.0,0.0
2016-01-22,11:37:00,37.17,37.21,37.13,37.21,1666.0,1.0,0.0,0.0
2016-01-22,11:40:00,37.16,37.16,37.11,37.13,1425.0,1.0,0.0,0.0
2016-01-22,11:43:00,37.14,37.15,37.06,37.08,3603.0,1.0,0.0,0.0
2016-01-22,11:46:00,37.06,37.09,37.04,37.04,3479.0,1.0,0.0,0.0
2016-01-22,11:49:00,37.03,37.06,36.93,36.93,10550.0,1.0,0.0,0.0
2016-01-22,11:52:00,36.94,36.99,36.9,36.99,4844.0,1.0,0.0,0.0
2016-01-22,11:55:00,36.99,37.06,36.975,36.975,3056.0,1.0,0.0,0.0
2016-01-22,11:58:00,36.9545,37.03,36.95,37.03,2209.0,1.0,0.0,0.0
2016-01-22,12:01:00,37.03,37.04,37.0,37.01,3343.0,1.0,0.0,0.0
2016-01-22,12:04:00,37.0,37.02,36.96,36.99,2285.0,1.0,0.0,0.0
2016-01-22,12:07:00,36.96,36.995,36.94,36.995,1400.0,1.0,0.0,0.0
2016-01-22,12:10:00,37.02,37.03,36.99,37.01,3130.0,1.0,0.0,0.0
2016-01-22,12:14:00,36.99,37.1,36.97,37.053000000000004,2732.0,1.0,0.0,0.0
2016-01-22,12:17:00,37.05,37.06,37.01,37.04,2065.0,1.0,0.0,0.0
2016-01-22,12:20:00,37.05,37.13,37.05,37.13,5688.0,1.0,0.0,0.0
2016-01-22,12:23:00,37.13,37.14,37.13,37.13,800.0,1.0,0.0,0.0
2016-01-22,12:26:00,37.13,37.17,37.12,37.123000000000005,3425.0,1.0,0.0,0.0
2016-01-22,12:29:00,37.12,37.12,37.065,37.085,3258.0,1.0,0.0,0.0
2016-01-22,12:32:00,37.07,37.14,37.07,37.11,3231.0,1.0,0.0,0.0
2016-01-22,12:35:00,37.1,37.14,37.1,37.12,6145.0,1.0,0.0,0.0
2016-01-22,12:38:00,37.1,37.17,37.1,37.17,2932.0,1.0,0.0,0.0
2016-01-22,12:41:00,37.19,37.23,37.18,37.2,4918.0,1.0,0.0,0.0
2016-01-22,12:44:00,37.2,37.2,37.12,37.13,3156.0,1.0,0.0,0.0
2016-01-22,12:47:00,37.14,37.14,37.11,37.11,2620.0,1.0,0.0,0.0
2016-01-22,12:51:00,37.12,37.15,37.11,37.13,2991.0,1.0,0.0,0.0
2016-01-22,12:54:00,37.14,37.17,37.13,37.15,3002.0,1.0,0.0,0.0
2016-01-22,12:57:00,37.14,37.2,37.14,37.185,1513.0,1.0,0.0,0.0
2016-01-22,13:00:00,37.2,37.23,37.17,37.19,4443.0,1.0,0.0,0.0
2016-01-22,13:03:00,37.18,37.21,37.16,37.16,3259.0,1.0,0.0,0.0
2016-01-22,13:07:00,37.15,37.15,37.09,37.09,3227.0,1.0,0.0,0.0
2016-01-22,13:10:00,37.1,37.11,37.05,37.11,2274.0,1.0,0.0,0.0
2016-01-22,13:13:00,37.11,37.12,37.08,37.12,1636.0,1.0,0.0,0.0
2016-01-22,13:16:00,37.15,37.17,37.15,37.17,2393.0,1.0,0.0,0.0
2016-01-22,13:19:00,37.18,37.2,37.17,37.18,2969.0,1.0,0.0,0.0
2016-01-22,13:22:00,37.19,37.24,37.16,37.218,5672.0,1.0,0.0,0.0
2016-01-22,13:25:00,37.201,37.2275,37.19,37.22,5058.0,1.0,0.0,0.0
2016-01-22,13:28:00,37.23,37.25,37.1863,37.19,10517.0,1.0,0.0,0.0
2016-01-22,13:31:00,37.2,37.21,37.15,37.2,5528.0,1.0,0.0,0.0
2016-01-22,13:34:00,37.19,37.22,37.14,37.14,3682.0,1.0,0.0,0.0
2016-01-22,13:37:00,37.14,37.16,37.14,37.16,2708.0,1.0,0.0,0.0
2016-01-22,13:42:00,37.19,37.28,37.19,37.26,4553.0,1.0,0.0,0.0
2016-01-22,13:45:00,37.26,37.31,37.26,37.31,5105.0,1.0,0.0,0.0
2016-01-22,13:48:00,37.3077,37.41,37.3077,37.37,4084.0,1.0,0.0,0.0
2016-01-22,13:52:00,37.37,37.41,37.355,37.36,5220.0,1.0,0.0,0.0
2016-01-22,13:55:00,37.35,37.355,37.305,37.305,8842.0,1.0,0.0,0.0
2016-01-22,13:58:00,37.3,37.335,37.28,37.32,7850.0,1.0,0.0,0.0
2016-01-22,14:01:00,37.32,37.34,37.26,37.26,6094.0,1.0,0.0,0.0
2016-01-22,14:04:00,37.25,37.26,37.19,37.19,3404.0,1.0,0.0,0.0
2016-01-22,14:07:00,37.2,37.22,37.15,37.22,5869.0,1.0,0.0,0.0
2016-01-22,14:10:00,37.22,37.29,37.22,37.29,4357.0,1.0,0.0,0.0
2016-01-22,14:13:00,37.3,37.32,37.27,37.31,7082.0,1.0,0.0,0.0
2016-01-22,14:16:00,37.29,37.3101,37.26,37.29,6013.0,1.0,0.0,0.0
2016-01-22,14:19:00,37.31,37.33,37.279,37.29,8824.0,1.0,0.0,0.0
2016-01-22,14:22:00,37.3,37.32,37.16,37.16,10757.0,1.0,0.0,0.0
2016-01-22,14:25:00,37.17,37.21,37.148,37.21,3371.0,1.0,0.0,0.0
2016-01-22,14:28:00,37.19,37.22,37.1701,37.1701,3071.0,1.0,0.0,0.0
2016-01-22,14:31:00,37.19,37.21,37.14,37.16,9033.0,1.0,0.0,0.0
2016-01-22,14:34:00,37.15,37.2,37.135,37.1699,6705.0,1.0,0.0,0.0
2016-01-22,14:37:00,37.16,37.19,37.155,37.16,4402.0,1.0,0.0,0.0
2016-01-22,14:40:00,37.1699,37.17,37.075,37.09,12405.0,1.0,0.0,0.0
2016-01-22,14:43:00,37.09,37.12,37.07,37.11,4847.0,1.0,0.0,0.0
2016-01-22,14:46:00,37.11,37.11,37.05,37.05,12103.0,1.0,0.0,0.0
2016-01-22,14:49:00,37.03,37.07,37.03,37.05,7816.0,1.0,0.0,0.0
2016-01-22,14:52:00,37.05,37.11,37.02,37.105,4274.0,1.0,0.0,0.0
2016-01-22,14:55:00,37.103,37.15,37.1,37.14,4849.0,1.0,0.0,0.0
2016-01-22,14:58:00,37.1364,37.16,37.13,37.14,3101.0,1.0,0.0,0.0
2016-01-22,15:01:00,37.14,37.18,37.14,37.15,5548.0,1.0,0.0,0.0
2016-01-22,15:04:00,37.14,37.14,37.1,37.11,2484.0,1.0,0.0,0.0
2016-01-22,15:08:00,37.1,37.1,37.01,37.02,4308.0,1.0,0.0,0.0
2016-01-22,15:11:00,37.04,37.05,37.02,37.02,3380.0,1.0,0.0,0.0
2016-01-22,15:14:00,37.03,37.11,37.03,37.1,4801.0,1.0,0.0,0.0
2016-01-22,15:17:00,37.1045,37.15,37.1045,37.14,6735.0,1.0,0.0,0.0
2016-01-22,15:20:00,37.1473,37.18,37.146,37.17,6438.0,1.0,0.0,0.0
2016-01-22,15:23:00,37.17,37.2,37.15,37.19,4216.0,1.0,0.0,0.0
2016-01-22,15:26:00,37.18,37.2,37.163000000000004,37.18,4142.0,1.0,0.0,0.0
2016-01-22,15:29:00,37.18,37.26,37.18,37.24,6469.0,1.0,0.0,0.0
2016-01-22,15:32:00,37.24,37.27,37.18,37.26,22015.0,1.0,0.0,0.0
2016-01-22,15:35:00,37.27,37.29,37.25,37.26,5129.0,1.0,0.0,0.0
2016-01-22,15:38:00,37.2799,37.32,37.25,37.32,6973.0,1.0,0.0,0.0
2016-01-22,15:41:00,37.32,37.335,37.29,37.33,9612.0,1.0,0.0,0.0
2016-01-22,15:44:00,37.3361,37.42,37.33,37.4,21670.0,1.0,0.0,0.0
2016-01-22,15:47:00,37.4,37.445,37.4,37.43,16013.0,1.0,0.0,0.0
2016-01-22,15:50:00,37.43,37.49,37.42,37.44,33323.0,1.0,0.0,0.0
2016-01-22,15:53:00,37.44,37.47,37.43,37.45,16330.0,1.0,0.0,0.0
2016-01-22,15:56:00,37.45,37.48,37.4,37.43,29006.0,1.0,0.0,0.0
2016-01-22,15:59:00,37.42,37.43,37.4,37.405,46731.0,1.0,0.0,0.0
2016-01-25,09:32:00,37.12,37.37,37.02,37.28,17014.0,1.0,0.0,0.0
2016-01-25,09:36:00,37.31,37.31,37.066,37.13,1658.0,1.0,0.0,0.0
2016-01-25,09:39:00,37.1,37.28,36.96,37.28,10251.0,1.0,0.0,0.0
2016-01-25,09:42:00,37.31,37.31,37.12,37.24,3982.0,1.0,0.0,0.0
2016-01-25,09:45:00,37.2,37.24,37.0588,37.13,11478.0,1.0,0.0,0.0
2016-01-25,09:48:00,37.11,37.12,37.03,37.12,5092.0,1.0,0.0,0.0
2016-01-25,09:51:00,37.11,37.32,37.1,37.3061,4021.0,1.0,0.0,0.0
2016-01-25,09:54:00,37.31,37.49,37.3,37.49,3046.0,1.0,0.0,0.0
2016-01-25,09:57:00,37.53,37.56,37.405,37.42,3775.0,1.0,0.0,0.0
2016-01-25,10:00:00,37.43,37.51,37.36,37.48,6356.0,1.0,0.0,0.0
2016-01-25,10:03:00,37.51,37.59,37.49,37.57,5700.0,1.0,0.0,0.0
2016-01-25,10:06:00,37.57,37.7,37.57,37.68,4072.0,1.0,0.0,0.0
2016-01-25,10:09:00,37.71,37.71,37.57,37.64,4580.0,1.0,0.0,0.0
2016-01-25,10:12:00,37.64,37.65,37.415,37.46,28308.0,1.0,0.0,0.0
2016-01-25,10:15:00,37.43,37.43,37.31,37.34,2750.0,1.0,0.0,0.0
2016-01-25,10:18:00,37.3,37.48,37.24,37.45,12947.0,1.0,0.0,0.0
2016-01-25,10:21:00,37.43,37.49,37.23,37.37,6214.0,1.0,0.0,0.0
2016-01-25,10:24:00,37.36,37.37,37.31,37.35,5236.0,1.0,0.0,0.0
2016-01-25,10:27:00,37.36,37.36,37.2,37.2,2544.0,1.0,0.0,0.0
2016-01-25,10:30:00,37.22,37.31,37.19,37.19,6663.0,1.0,0.0,0.0
2016-01-25,10:33:00,37.19,37.38,37.19,37.31,5727.0,1.0,0.0,0.0
2016-01-25,10:36:00,37.28,37.31,37.22,37.22,10084.0,1.0,0.0,0.0
2016-01-25,10:39:00,37.25,37.32,37.21,37.22,3716.0,1.0,0.0,0.0
2016-01-25,10:42:00,37.21,37.23,37.1,37.1,5379.0,1.0,0.0,0.0
2016-01-25,10:45:00,37.12,37.26,37.12,37.23,8552.0,1.0,0.0,0.0
2016-01-25,10:48:00,37.25,37.35,37.25,37.33,3703.0,1.0,0.0,0.0
2016-01-25,10:51:00,37.3,37.3,37.25,37.26,2314.0,1.0,0.0,0.0
2016-01-25,10:54:00,37.23,37.23,37.17,37.21,2097.0,1.0,0.0,0.0
2016-01-25,10:57:00,37.2,37.29,37.2,37.27,1301.0,1.0,0.0,0.0
2016-01-25,11:00:00,37.27,37.27,37.12,37.12,2009.0,1.0,0.0,0.0
2016-01-25,11:03:00,37.1,37.13,37.03,37.1,2944.0,1.0,0.0,0.0
2016-01-25,11:06:00,37.0935,37.14,37.08,37.08,7455.0,1.0,0.0,0.0
2016-01-25,11:09:00,37.05,37.05,36.94,36.97,3270.0,1.0,0.0,0.0
2016-01-25,11:12:00,36.97,36.98,36.93,36.98,2067.0,1.0,0.0,0.0
2016-01-25,11:15:00,36.97,37.03,36.95,37.01,5018.0,1.0,0.0,0.0
2016-01-25,11:18:00,37.01,37.06,36.97,37.02,3448.0,1.0,0.0,0.0
2016-01-25,11:21:00,37.01,37.16,36.99,37.16,9422.0,1.0,0.0,0.0
2016-01-25,11:24:00,37.15,37.21,37.13,37.19,7369.0,1.0,0.0,0.0
2016-01-25,11:27:00,37.2,37.24,37.165,37.22,2737.0,1.0,0.0,0.0
2016-01-25,11:30:00,37.24,37.28,37.22,37.22,5691.0,1.0,0.0,0.0
2016-01-25,11:33:00,37.22,37.22,37.15,37.15,4771.0,1.0,0.0,0.0
2016-01-25,11:36:00,37.14,37.17,37.11,37.11,2552.0,1.0,0.0,0.0
2016-01-25,11:39:00,37.11,37.13,37.07,37.07,4726.0,1.0,0.0,0.0
2016-01-25,11:42:00,37.1,37.1,37.04,37.056,4678.0,1.0,0.0,0.0
2016-01-25,11:45:00,37.024,37.07,36.93,36.95,5579.0,1.0,0.0,0.0
2016-01-25,11:48:00,37.0,37.0,36.97,36.985,1060.0,1.0,0.0,0.0
2016-01-25,11:51:00,36.98,37.14,36.96,37.13,6029.0,1.0,0.0,0.0
2016-01-25,11:54:00,37.16,37.19,37.09,37.09,4862.0,1.0,0.0,0.0
2016-01-25,11:57:00,37.1,37.13,37.07,37.13,1449.0,1.0,0.0,0.0
2016-01-25,12:00:00,37.13,37.13,37.06,37.09,2208.0,1.0,0.0,0.0
2016-01-25,12:03:00,37.12,37.14,37.04,37.06,4600.0,1.0,0.0,0.0
2016-01-25,12:06:00,37.07,37.1,37.02,37.03,2149.0,1.0,0.0,0.0
2016-01-25,12:09:00,37.05,37.11,37.02,37.06,2170.0,1.0,0.0,0.0
2016-01-25,12:12:00,37.09,37.11,37.05,37.05,2876.0,1.0,0.0,0.0
2016-01-25,12:15:00,37.06,37.06,37.0,37.01,2179.0,1.0,0.0,0.0
2016-01-25,12:18:00,36.99,37.1,36.99,37.09,2500.0,1.0,0.0,0.0
2016-01-25,12:21:00,37.09,37.09,37.02,37.05,2493.0,1.0,0.0,0.0
2016-01-25,12:24:00,37.06,37.15,37.05,37.11,5516.0,1.0,0.0,0.0
2016-01-25,12:27:00,37.12,37.14,37.08,37.08,2849.0,1.0,0.0,0.0
2016-01-25,12:30:00,37.09,37.1,37.043,37.06,1319.0,1.0,0.0,0.0
2016-01-25,12:33:00,37.05,37.07,37.0,37.07,4228.0,1.0,0.0,0.0
2016-01-25,12:36:00,37.07,37.12,37.0425,37.1,3998.0,1.0,0.0,0.0
2016-01-25,12:39:00,37.09,37.14,37.08,37.14,2147.0,1.0,0.0,0.0
2016-01-25,12:42:00,37.16,37.1836,37.13,37.15,2670.0,1.0,0.0,0.0
2016-01-25,12:45:00,37.16,37.16,37.066,37.09,2061.0,1.0,0.0,0.0
2016-01-25,12:48:00,37.06,37.06,37.0,37.0,1900.0,1.0,0.0,0.0
2016-01-25,12:51:00,36.99,37.02,36.99,37.01,1106.0,1.0,0.0,0.0
2016-01-25,12:54:00,36.98,36.99,36.9,36.93,5424.0,1.0,0.0,0.0
2016-01-25,12:57:00,36.91,36.94,36.91,36.93,4185.0,1.0,0.0,0.0
2016-01-25,13:00:00,36.93,37.04,36.92,37.01,5860.0,1.0,0.0,0.0
2016-01-25,13:03:00,37.01,37.01,36.98,37.01,2229.0,1.0,0.0,0.0
2016-01-25,13:06:00,37.02,37.13,37.02,37.07,3954.0,1.0,0.0,0.0
2016-01-25,13:10:00,37.05,37.08,37.01,37.01,8112.0,1.0,0.0,0.0
2016-01-25,13:13:00,37.01,37.02,36.97,37.01,2808.0,1.0,0.0,0.0
2016-01-25,13:16:00,37.02,37.05,36.96,36.96,3744.0,1.0,0.0,0.0
2016-01-25,13:19:00,36.97,37.06,36.97,37.06,2459.0,1.0,0.0,0.0
2016-01-25,13:23:00,37.06,37.11,37.06,37.1,2829.0,1.0,0.0,0.0
2016-01-25,13:26:00,37.09,37.09,37.01,37.01,7968.0,1.0,0.0,0.0
2016-01-25,13:29:00,36.9956,37.03,36.9901,37.03,2035.0,1.0,0.0,0.0
2016-01-25,13:32:00,37.03,37.09,37.03,37.08,2910.0,1.0,0.0,0.0
2016-01-25,13:35:00,37.08,37.08,36.98,37.04,8169.0,1.0,0.0,0.0
2016-01-25,13:38:00,37.03,37.03,36.97,36.99,2597.0,1.0,0.0,0.0
2016-01-25,13:41:00,37.0,37.03,36.97,36.98,2331.0,1.0,0.0,0.0
2016-01-25,13:44:00,36.99,37.03,36.97,36.98,2759.0,1.0,0.0,0.0
2016-01-25,13:47:00,36.96,36.97,36.95,36.97,3301.0,1.0,0.0,0.0
2016-01-25,13:50:00,36.96,36.96,36.84,36.84,7005.0,1.0,0.0,0.0
2016-01-25,13:53:00,36.87,36.87,36.85,36.87,2622.0,1.0,0.0,0.0
2016-01-25,13:56:00,36.87,36.88,36.86,36.88,2281.0,1.0,0.0,0.0
2016-01-25,13:59:00,36.88,36.88,36.84,36.86,5423.0,1.0,0.0,0.0
2016-01-25,14:02:00,36.84,36.85,36.81,36.83,4079.0,1.0,0.0,0.0
2016-01-25,14:05:00,36.84,36.88,36.84,36.87,4079.0,1.0,0.0,0.0
2016-01-25,14:08:00,36.9,36.95,36.89,36.95,6367.0,1.0,0.0,0.0
2016-01-25,14:11:00,36.96,36.9899,36.95,36.95,4058.0,1.0,0.0,0.0
2016-01-25,14:14:00,36.9201,37.01,36.92,36.98,2842.0,1.0,0.0,0.0
2016-01-25,14:17:00,36.985,37.03,36.946999999999996,36.97,5063.0,1.0,0.0,0.0
2016-01-25,14:20:00,36.98,37.02,36.98,36.99,1514.0,1.0,0.0,0.0
2016-01-25,14:23:00,36.99,37.01,36.97,36.98,3783.0,1.0,0.0,0.0
2016-01-25,14:26:00,36.97,36.99,36.93,36.93,4965.0,1.0,0.0,0.0
2016-01-25,14:29:00,36.93,36.99,36.88,36.98,5047.0,1.0,0.0,0.0
2016-01-25,14:32:00,36.97,36.97,36.9,36.9,3229.0,1.0,0.0,0.0
2016-01-25,14:35:00,36.9,36.96,36.89,36.93,8786.0,1.0,0.0,0.0
2016-01-25,14:38:00,36.9499,36.99,36.92,36.97,2980.0,1.0,0.0,0.0
2016-01-25,14:41:00,36.99,36.99,36.92,36.93,2165.0,1.0,0.0,0.0
2016-01-25,14:44:00,36.92,36.92,36.82,36.82,2747.0,1.0,0.0,0.0
2016-01-25,14:47:00,36.81,36.88,36.81,36.84,3870.0,1.0,0.0,0.0
2016-01-25,14:51:00,36.84,36.86,36.79,36.8,2846.0,1.0,0.0,0.0
2016-01-25,14:54:00,36.8,36.9,36.8,36.8928,5153.0,1.0,0.0,0.0
2016-01-25,14:57:00,36.895,36.96,36.89,36.93,11658.0,1.0,0.0,0.0
2016-01-25,15:00:00,36.93,37.04,36.93,37.04,6095.0,1.0,0.0,0.0
2016-01-25,15:03:00,37.0299,37.05,37.005,37.005,5014.0,1.0,0.0,0.0
2016-01-25,15:06:00,37.0032,37.01,36.97,37.0,13766.0,1.0,0.0,0.0
2016-01-25,15:09:00,37.0014,37.0073,36.98,36.98,17095.0,1.0,0.0,0.0
2016-01-25,15:12:00,36.97,36.97,36.91,36.93,7150.0,1.0,0.0,0.0
2016-01-25,15:15:00,36.92,36.92,36.89,36.89,3530.0,1.0,0.0,0.0
2016-01-25,15:18:00,36.88,36.91,36.86,36.91,5670.0,1.0,0.0,0.0
2016-01-25,15:21:00,36.9,36.92,36.87,36.87,4550.0,1.0,0.0,0.0
2016-01-25,15:24:00,36.87,36.87,36.82,36.84,7499.0,1.0,0.0,0.0
2016-01-25,15:27:00,36.81,36.85,36.8,36.85,7286.0,1.0,0.0,0.0
2016-01-25,15:30:00,36.84,36.86,36.79,36.83,8879.0,1.0,0.0,0.0
2016-01-25,15:33:00,36.82,36.82,36.76,36.805,11335.0,1.0,0.0,0.0
2016-01-25,15:36:00,36.8,36.8,36.75,36.77,10732.0,1.0,0.0,0.0
2016-01-25,15:39:00,36.78,36.78,36.71,36.71,11226.0,1.0,0.0,0.0
2016-01-25,15:42:00,36.71,36.73,36.6601,36.73,14301.0,1.0,0.0,0.0
2016-01-25,15:45:00,36.73,36.76,36.69,36.74,11478.0,1.0,0.0,0.0
2016-01-25,15:48:00,36.7302,36.78,36.72,36.77,9524.0,1.0,0.0,0.0
2016-01-25,15:51:00,36.77,36.81,36.73,36.76,13719.0,1.0,0.0,0.0
2016-01-25,15:54:00,36.76,36.81,36.75,36.76,16281.0,1.0,0.0,0.0
2016-01-25,15:57:00,36.76,36.76,36.65,36.71,48409.0,1.0,0.0,0.0
2016-01-26,09:30:00,36.72,37.07,36.69,37.05,64873.0,1.0,0.0,0.0
2016-01-26,09:33:00,37.03,37.04,36.9,36.95,3749.0,1.0,0.0,0.0
2016-01-26,09:36:00,36.93,37.14,36.9,36.9,7629.0,1.0,0.0,0.0
2016-01-26,09:39:00,36.93,37.08,36.86,36.9299,36046.0,1.0,0.0,0.0
2016-01-26,09:42:00,36.93,36.96,36.59,36.69,54423.0,1.0,0.0,0.0
2016-01-26,09:45:00,36.65,36.81,36.65,36.79,42512.0,1.0,0.0,0.0
2016-01-26,09:48:00,36.79,36.79,36.66,36.71,13611.0,1.0,0.0,0.0
2016-01-26,09:51:00,36.69,36.76,36.59,36.62,21495.0,1.0,0.0,0.0
2016-01-26,09:54:00,36.64,36.75,36.58,36.63,25800.0,1.0,0.0,0.0
2016-01-26,09:57:00,36.64,36.69,36.54,36.6,11714.0,1.0,0.0,0.0
2016-01-26,10:00:00,36.6,36.74,36.57,36.68,18460.0,1.0,0.0,0.0
2016-01-26,10:03:00,36.69,36.81,36.61,36.81,30689.0,1.0,0.0,0.0
2016-01-26,10:06:00,36.78,36.89,36.75,36.82,17268.0,1.0,0.0,0.0
2016-01-26,10:09:00,36.84,36.96,36.815,36.94,12290.0,1.0,0.0,0.0
2016-01-26,10:12:00,36.96,37.19,36.96,37.075,14608.0,1.0,0.0,0.0
2016-01-26,10:15:00,37.09,37.09,36.92,37.02,10334.0,1.0,0.0,0.0
2016-01-26,10:18:00,37.025,37.07,36.96,36.96,15355.0,1.0,0.0,0.0
2016-01-26,10:21:00,36.99,36.99,36.9001,36.95,8131.0,1.0,0.0,0.0
2016-01-26,10:24:00,36.95,37.06,36.85,36.99,8815.0,1.0,0.0,0.0
2016-01-26,10:27:00,37.02,37.12,37.005,37.07,3249.0,1.0,0.0,0.0
2016-01-26,10:30:00,37.09,37.1,37.02,37.05,2978.0,1.0,0.0,0.0
2016-01-26,10:33:00,37.07,37.11,37.0,37.0,7149.0,1.0,0.0,0.0
2016-01-26,10:36:00,37.03,37.09,37.0,37.09,11027.0,1.0,0.0,0.0
2016-01-26,10:39:00,37.09,37.09,36.99,36.99,3885.0,1.0,0.0,0.0
2016-01-26,10:42:00,37.0,37.05,36.98,37.02,8420.0,1.0,0.0,0.0
2016-01-26,10:45:00,36.97,37.02,36.91,36.98,8991.0,1.0,0.0,0.0
2016-01-26,10:48:00,36.99,36.99,36.9,36.92,27733.0,1.0,0.0,0.0
2016-01-26,10:51:00,36.92,36.92,36.79,36.79,31221.0,1.0,0.0,0.0
2016-01-26,10:54:00,36.79,36.79,36.74,36.77,4531.0,1.0,0.0,0.0
2016-01-26,10:57:00,36.76,36.8,36.74,36.75,4816.0,1.0,0.0,0.0
2016-01-26,11:00:00,36.76,36.91,36.76,36.91,9027.0,1.0,0.0,0.0
2016-01-26,11:03:00,36.91,37.02,36.9,37.02,4829.0,1.0,0.0,0.0
2016-01-26,11:06:00,37.04,37.06,36.98,36.98,5293.0,1.0,0.0,0.0
2016-01-26,11:09:00,36.955,37.02,36.895,36.92,8639.0,1.0,0.0,0.0
2016-01-26,11:12:00,36.91,36.93,36.905,36.93,1203.0,1.0,0.0,0.0
2016-01-26,11:15:00,36.97,37.1,36.97,37.04,8219.0,1.0,0.0,0.0
2016-01-26,11:18:00,37.05,37.134,37.05,37.12,2255.0,1.0,0.0,0.0
2016-01-26,11:21:00,37.14,37.16,37.07,37.075,9079.0,1.0,0.0,0.0
2016-01-26,11:24:00,37.06,37.1,36.96,36.98,42586.0,1.0,0.0,0.0
2016-01-26,11:27:00,36.97,36.98,36.86,36.87,36106.0,1.0,0.0,0.0
2016-01-26,11:30:00,36.89,37.0201,36.87,36.99,13564.0,1.0,0.0,0.0
2016-01-26,11:33:00,36.99,36.99,36.86,36.92,3352.0,1.0,0.0,0.0
2016-01-26,11:36:00,36.9,36.9,36.7901,36.83,5294.0,1.0,0.0,0.0
2016-01-26,11:39:00,36.82,36.93,36.8,36.93,12557.0,1.0,0.0,0.0
2016-01-26,11:42:00,36.91,36.98,36.9,36.96,1910.0,1.0,0.0,0.0
2016-01-26,11:45:00,36.95,36.99,36.95,36.97,2660.0,1.0,0.0,0.0
2016-01-26,11:48:00,36.98,36.99,36.93,36.97,11077.0,1.0,0.0,0.0
2016-01-26,11:51:00,36.99,37.12,36.99,37.1,5569.0,1.0,0.0,0.0
2016-01-26,11:54:00,37.09,37.11,37.07,37.08,3719.0,1.0,0.0,0.0
2016-01-26,11:57:00,37.09,37.12,37.06,37.09,2438.0,1.0,0.0,0.0
2016-01-26,12:00:00,37.069,37.08,37.05,37.07,2884.0,1.0,0.0,0.0
2016-01-26,12:03:00,37.08,37.16,37.06,37.16,4447.0,1.0,0.0,0.0
2016-01-26,12:06:00,37.16,37.16,37.14,37.16,2092.0,1.0,0.0,0.0
2016-01-26,12:09:00,37.17,37.19,37.08,37.08,6330.0,1.0,0.0,0.0
2016-01-26,12:12:00,37.1,37.16,37.08,37.1101,6698.0,1.0,0.0,0.0
2016-01-26,12:15:00,37.16,37.27,37.16,37.25,3784.0,1.0,0.0,0.0
2016-01-26,12:18:00,37.27,37.32,37.25,37.25,2070.0,1.0,0.0,0.0
2016-01-26,12:21:00,37.27,37.3,37.22,37.22,3547.0,1.0,0.0,0.0
2016-01-26,12:24:00,37.2,37.21,37.15,37.15,20336.0,1.0,0.0,0.0
2016-01-26,12:27:00,37.19,37.19,37.01,37.03,57315.0,1.0,0.0,0.0
2016-01-26,12:30:00,37.02,37.03,36.94,37.0,38042.0,1.0,0.0,0.0
2016-01-26,12:33:00,37.0,37.02,36.91,36.94,27774.0,1.0,0.0,0.0
2016-01-26,12:36:00,36.95,37.05,36.91,37.03,24775.0,1.0,0.0,0.0
2016-01-26,12:39:00,37.03,37.06,36.98,36.98,13463.0,1.0,0.0,0.0
2016-01-26,12:42:00,36.97,37.01,36.93,36.94,7865.0,1.0,0.0,0.0
2016-01-26,12:45:00,36.95,36.97,36.9,36.95,11357.0,1.0,0.0,0.0
2016-01-26,12:48:00,36.95,37.0,36.94,36.99,4428.0,1.0,0.0,0.0
2016-01-26,12:51:00,36.985,36.985,36.96,36.96,4285.0,1.0,0.0,0.0
2016-01-26,12:54:00,36.95,36.96,36.93,36.93,2789.0,1.0,0.0,0.0
2016-01-26,12:57:00,36.94,36.94,36.91,36.93,4419.0,1.0,0.0,0.0
2016-01-26,13:00:00,36.93,36.94,36.9,36.9375,5684.0,1.0,0.0,0.0
2016-01-26,13:03:00,36.935,36.95,36.915,36.95,7971.0,1.0,0.0,0.0
2016-01-26,13:06:00,36.96,36.96,36.865,36.9,34532.0,1.0,0.0,0.0
2016-01-26,13:09:00,36.9,36.93,36.82,36.82,20263.0,1.0,0.0,0.0
2016-01-26,13:12:00,36.82,36.99,36.81,36.98,30012.0,1.0,0.0,0.0
2016-01-26,13:15:00,36.98,36.98,36.87,36.89,17490.0,1.0,0.0,0.0
2016-01-26,13:18:00,36.885,36.95,36.86,36.95,27786.0,1.0,0.0,0.0
2016-01-26,13:21:00,36.95,36.97,36.91,36.96,5160.0,1.0,0.0,0.0
2016-01-26,13:24:00,36.95,36.97,36.92,36.93,11435.0,1.0,0.0,0.0
2016-01-26,13:27:00,36.94,37.03,36.91,37.03,8008.0,1.0,0.0,0.0
2016-01-26,13:30:00,37.03,37.03,36.98,36.99,4492.0,1.0,0.0,0.0
2016-01-26,13:33:00,36.98,37.05,36.98,37.04,4755.0,1.0,0.0,0.0
2016-01-26,13:36:00,37.05,37.07,37.03,37.05,5413.0,1.0,0.0,0.0
2016-01-26,13:39:00,37.04,37.04,36.94,36.94,22961.0,1.0,0.0,0.0
2016-01-26,13:42:00,36.95,37.02,36.94,37.01,5490.0,1.0,0.0,0.0
2016-01-26,13:45:00,37.01,37.04,36.99,37.04,3399.0,1.0,0.0,0.0
2016-01-26,13:48:00,37.04,37.101,37.04,37.08,5054.0,1.0,0.0,0.0
2016-01-26,13:51:00,37.09,37.14,37.05,37.07,19516.0,1.0,0.0,0.0
2016-01-26,13:54:00,37.07,37.07,37.01,37.01,3864.0,1.0,0.0,0.0
2016-01-26,13:57:00,37.01,37.05,36.991,37.02,3770.0,1.0,0.0,0.0
2016-01-26,14:00:00,37.03,37.05,36.99,37.05,10541.0,1.0,0.0,0.0
2016-01-26,14:03:00,37.06,37.07,37.03,37.06,4648.0,1.0,0.0,0.0
2016-01-26,14:06:00,37.06,37.06,36.985,37.02,8973.0,1.0,0.0,0.0
2016-01-26,14:09:00,37.025999999999996,37.08,37.025999999999996,37.08,4352.0,1.0,0.0,0.0
2016-01-26,14:12:00,37.07,37.08,37.05,37.08,9075.0,1.0,0.0,0.0
2016-01-26,14:15:00,37.08,37.13,37.06,37.12,14532.0,1.0,0.0,0.0
2016-01-26,14:18:00,37.13,37.22,37.13,37.1601,16926.0,1.0,0.0,0.0
2016-01-26,14:21:00,37.17,37.24,37.17,37.2198,10199.0,1.0,0.0,0.0
2016-01-26,14:24:00,37.2176,37.27,37.2176,37.24,4431.0,1.0,0.0,0.0
2016-01-26,14:27:00,37.23,37.2348,37.1901,37.21,5673.0,1.0,0.0,0.0
2016-01-26,14:30:00,37.2,37.2,37.14,37.14,5064.0,1.0,0.0,0.0
2016-01-26,14:33:00,37.14,37.21,37.14,37.18,3123.0,1.0,0.0,0.0
2016-01-26,14:36:00,37.17,37.18,37.13,37.14,7529.0,1.0,0.0,0.0
2016-01-26,14:39:00,37.16,37.19,37.15,37.17,12033.0,1.0,0.0,0.0
2016-01-26,14:42:00,37.17,37.25,37.16,37.24,6712.0,1.0,0.0,0.0
2016-01-26,14:45:00,37.245,37.27,37.22,37.23,6354.0,1.0,0.0,0.0
2016-01-26,14:48:00,37.24,37.24,37.21,37.22,2124.0,1.0,0.0,0.0
2016-01-26,14:51:00,37.21,37.29,37.2,37.29,2762.0,1.0,0.0,0.0
2016-01-26,14:54:00,37.27,37.29,37.25,37.29,8312.0,1.0,0.0,0.0
2016-01-26,14:57:00,37.28,37.28,37.2328,37.2328,3520.0,1.0,0.0,0.0
2016-01-26,15:00:00,37.23,37.25,37.21,37.25,4825.0,1.0,0.0,0.0
2016-01-26,15:03:00,37.24,37.24,37.17,37.19,7405.0,1.0,0.0,0.0
2016-01-26,15:06:00,37.19,37.19,37.13,37.16,3690.0,1.0,0.0,0.0
2016-01-26,15:09:00,37.15,37.23,37.15,37.19,4914.0,1.0,0.0,0.0
2016-01-26,15:12:00,37.19,37.25,37.17,37.23,6772.0,1.0,0.0,0.0
2016-01-26,15:15:00,37.23,37.2999,37.23,37.29,12599.0,1.0,0.0,0.0
2016-01-26,15:18:00,37.29,37.31,37.275,37.28,10687.0,1.0,0.0,0.0
2016-01-26,15:21:00,37.28,37.28,37.126,37.2,9275.0,1.0,0.0,0.0
2016-01-26,15:24:00,37.21,37.28,37.2,37.25,15397.0,1.0,0.0,0.0
2016-01-26,15:27:00,37.24,37.26,37.19,37.24,7218.0,1.0,0.0,0.0
2016-01-26,15:30:00,37.25,37.26,37.21,37.24,11620.0,1.0,0.0,0.0
2016-01-26,15:33:00,37.24,37.25,37.225,37.24,7291.0,1.0,0.0,0.0
2016-01-26,15:36:00,37.24,37.26,37.21,37.21,10777.0,1.0,0.0,0.0
2016-01-26,15:39:00,37.22,37.34,37.22,37.33,16411.0,1.0,0.0,0.0
2016-01-26,15:42:00,37.34,37.425,37.33,37.42,11947.0,1.0,0.0,0.0
2016-01-26,15:45:00,37.42,37.47,37.39,37.41,18936.0,1.0,0.0,0.0
2016-01-26,15:48:00,37.41,37.42,37.37,37.37,9187.0,1.0,0.0,0.0
2016-01-26,15:51:00,37.37,37.39,37.32,37.36,15368.0,1.0,0.0,0.0
2016-01-26,15:54:00,37.36,37.41,37.35,37.39,12109.0,1.0,0.0,0.0
2016-01-26,15:57:00,37.4,37.41,37.35,37.4,18650.0,1.0,0.0,0.0
2016-01-27,09:30:00,37.4,37.4701,37.22,37.465,67734.0,1.0,0.0,0.0
2016-01-27,09:33:00,37.42,37.45,37.31,37.45,1377.0,1.0,0.0,0.0
2016-01-27,09:36:00,37.42,37.42,37.28,37.29,2775.0,1.0,0.0,0.0
2016-01-27,09:39:00,37.23,37.4,37.2,37.3,6596.0,1.0,0.0,0.0
2016-01-27,09:42:00,37.32,37.51,37.26,37.37,15394.0,1.0,0.0,0.0
2016-01-27,09:45:00,37.37,37.51,37.37,37.45,1149.0,1.0,0.0,0.0
2016-01-27,09:49:00,37.53,37.59,37.41,37.43,3150.0,1.0,0.0,0.0
2016-01-27,09:52:00,37.42,37.42,37.27,37.29,7212.0,1.0,0.0,0.0
2016-01-27,09:55:00,37.28,37.38,37.22,37.22,14269.0,1.0,0.0,0.0
2016-01-27,10:00:00,37.245,37.28,37.16,37.24,4635.0,1.0,0.0,0.0
2016-01-27,10:03:00,37.23,37.23,37.12,37.15,4438.0,1.0,0.0,0.0
2016-01-27,10:06:00,37.12,37.12,37.02,37.08,6253.0,1.0,0.0,0.0
2016-01-27,10:09:00,37.09,37.12,37.01,37.07,7833.0,1.0,0.0,0.0
2016-01-27,10:12:00,37.07,37.07,36.98,37.02,3700.0,1.0,0.0,0.0
2016-01-27,10:15:00,37.03,37.09,37.0,37.0,31388.0,1.0,0.0,0.0
2016-01-27,10:18:00,37.0,37.18,36.99,37.18,10628.0,1.0,0.0,0.0
2016-01-27,10:21:00,37.15,37.24,37.15,37.17,5011.0,1.0,0.0,0.0
2016-01-27,10:24:00,37.16,37.24,37.1,37.2,6932.0,1.0,0.0,0.0
2016-01-27,10:27:00,37.19,37.2,37.12,37.12,2967.0,1.0,0.0,0.0
2016-01-27,10:30:00,37.12,37.21,37.03,37.04,11255.0,1.0,0.0,0.0
2016-01-27,10:33:00,37.09,37.2,37.09,37.14,7212.0,1.0,0.0,0.0
2016-01-27,10:36:00,37.13,37.19,37.07,37.14,20121.0,1.0,0.0,0.0
2016-01-27,10:39:00,37.16,37.26,37.16,37.1801,9887.0,1.0,0.0,0.0
2016-01-27,10:42:00,37.18,37.31,37.1741,37.27,5308.0,1.0,0.0,0.0
2016-01-27,10:45:00,37.33,37.38,37.3,37.37,10673.0,1.0,0.0,0.0
2016-01-27,10:48:00,37.35,37.35,37.25,37.28,2810.0,1.0,0.0,0.0
2016-01-27,10:51:00,37.28,37.29,37.2,37.21,3289.0,1.0,0.0,0.0
2016-01-27,10:54:00,37.22,37.24,37.07,37.17,10337.0,1.0,0.0,0.0
2016-01-27,10:57:00,37.2,37.2,37.07,37.07,6244.0,1.0,0.0,0.0
2016-01-27,11:00:00,37.1,37.2,37.1,37.17,2120.0,1.0,0.0,0.0
2016-01-27,11:03:00,37.18,37.22,37.15,37.18,1740.0,1.0,0.0,0.0
2016-01-27,11:06:00,37.17,37.34,37.17,37.34,7700.0,1.0,0.0,0.0
2016-01-27,11:09:00,37.32,37.37,37.3,37.32,17332.0,1.0,0.0,0.0
2016-01-27,11:12:00,37.32,37.3799,37.29,37.36,10055.0,1.0,0.0,0.0
2016-01-27,11:15:00,37.35,37.38,37.29,37.32,5180.0,1.0,0.0,0.0
2016-01-27,11:18:00,37.35,37.47,37.34,37.43,5917.0,1.0,0.0,0.0
2016-01-27,11:21:00,37.45,37.5499,37.44,37.53,5886.0,1.0,0.0,0.0
2016-01-27,11:24:00,37.55,37.6,37.54,37.57,2305.0,1.0,0.0,0.0
2016-01-27,11:27:00,37.55,37.6,37.54,37.6,2963.0,1.0,0.0,0.0
2016-01-27,11:30:00,37.6,37.63,37.57,37.61,3680.0,1.0,0.0,0.0
2016-01-27,11:33:00,37.63,37.66,37.62,37.65,4630.0,1.0,0.0,0.0
2016-01-27,11:36:00,37.65,37.84,37.65,37.82,8708.0,1.0,0.0,0.0
2016-01-27,11:39:00,37.81,37.85,37.81,37.84,4020.0,1.0,0.0,0.0
2016-01-27,11:42:00,37.84,37.85,37.81,37.84,16356.0,1.0,0.0,0.0
2016-01-27,11:45:00,37.84,37.95,37.84,37.94,2819.0,1.0,0.0,0.0
2016-01-27,11:48:00,37.95,37.95,37.8479,37.8479,2209.0,1.0,0.0,0.0
2016-01-27,11:51:00,37.85,37.87,37.81,37.8183,6395.0,1.0,0.0,0.0
2016-01-27,11:54:00,37.81,37.83,37.79,37.79,12135.0,1.0,0.0,0.0
2016-01-27,11:57:00,37.82,37.91,37.82,37.9,4409.0,1.0,0.0,0.0
2016-01-27,12:00:00,37.9,37.907,37.82,37.84,5681.0,1.0,0.0,0.0
2016-01-27,12:03:00,37.82,37.875,37.7901,37.7901,4869.0,1.0,0.0,0.0
2016-01-27,12:06:00,37.79,37.82,37.78,37.8,3272.0,1.0,0.0,0.0
2016-01-27,12:09:00,37.82,37.83,37.72,37.72,4599.0,1.0,0.0,0.0
2016-01-27,12:12:00,37.73,37.84,37.71,37.83,3200.0,1.0,0.0,0.0
2016-01-27,12:15:00,37.82,37.87,37.81,37.87,1922.0,1.0,0.0,0.0
2016-01-27,12:18:00,37.91,37.935,37.91,37.93,2200.0,1.0,0.0,0.0
2016-01-27,12:21:00,37.94,37.95,37.9,37.9,5145.0,1.0,0.0,0.0
2016-01-27,12:24:00,37.9,37.91,37.85,37.9,6756.0,1.0,0.0,0.0
2016-01-27,12:27:00,37.9,37.9601,37.9,37.93,6235.0,1.0,0.0,0.0
2016-01-27,12:30:00,37.92,37.94,37.89,37.92,7157.0,1.0,0.0,0.0
2016-01-27,12:33:00,37.91,37.92,37.84,37.84,3964.0,1.0,0.0,0.0
2016-01-27,12:36:00,37.84,37.85,37.71,37.78,7381.0,1.0,0.0,0.0
2016-01-27,12:39:00,37.77,37.85,37.76,37.82,6599.0,1.0,0.0,0.0
2016-01-27,12:42:00,37.82,37.86,37.81,37.81,3896.0,1.0,0.0,0.0
2016-01-27,12:45:00,37.81,37.85,37.8,37.85,3173.0,1.0,0.0,0.0
2016-01-27,12:48:00,37.84,37.89,37.84,37.88,3752.0,1.0,0.0,0.0
2016-01-27,12:51:00,37.87,37.9,37.85,37.885,3602.0,1.0,0.0,0.0
2016-01-27,12:54:00,37.89,37.89,37.84,37.861,2571.0,1.0,0.0,0.0
2016-01-27,12:57:00,37.86,37.89,37.82,37.86,7839.0,1.0,0.0,0.0
2016-01-27,13:00:00,37.86,37.86,37.81,37.83,5833.0,1.0,0.0,0.0
2016-01-27,13:03:00,37.84,37.89,37.83,37.89,7384.0,1.0,0.0,0.0
2016-01-27,13:06:00,37.89,37.8958,37.87,37.8925,4622.0,1.0,0.0,0.0
2016-01-27,13:09:00,37.9,37.97,37.9,37.96,7224.0,1.0,0.0,0.0
2016-01-27,13:12:00,37.96,38.02,37.96,38.0,6502.0,1.0,0.0,0.0
2016-01-27,13:15:00,38.0,38.0,37.89,37.93,2248.0,1.0,0.0,0.0
2016-01-27,13:18:00,37.93,37.96,37.9,37.92,5963.0,1.0,0.0,0.0
2016-01-27,13:21:00,37.93,37.995,37.93,37.97,14124.0,1.0,0.0,0.0
2016-01-27,13:24:00,37.99,38.01,37.96,37.97,3610.0,1.0,0.0,0.0
2016-01-27,13:27:00,37.97,37.9937,37.96,37.99,4361.0,1.0,0.0,0.0
2016-01-27,13:30:00,37.98,37.98,37.91,37.96,5574.0,1.0,0.0,0.0
2016-01-27,13:33:00,37.97,38.03,37.97,38.0,7777.0,1.0,0.0,0.0
2016-01-27,13:36:00,37.98,38.001999999999995,37.96,37.98,5284.0,1.0,0.0,0.0
2016-01-27,13:39:00,37.99,38.02,37.98,37.98,3830.0,1.0,0.0,0.0
2016-01-27,13:42:00,37.9766,37.9766,37.94,37.97,3759.0,1.0,0.0,0.0
2016-01-27,13:45:00,37.97,38.01,37.96,37.96,3064.0,1.0,0.0,0.0
2016-01-27,13:48:00,37.94,38.04,37.92,38.02,8025.0,1.0,0.0,0.0
2016-01-27,13:51:00,38.01,38.06,37.98,38.06,3845.0,1.0,0.0,0.0
2016-01-27,13:54:00,38.065,38.065,37.91,37.96,4207.0,1.0,0.0,0.0
2016-01-27,13:57:00,37.95,38.1,37.95,38.08,3780.0,1.0,0.0,0.0
2016-01-27,14:00:00,38.06,38.2,38.05,38.11,6473.0,1.0,0.0,0.0
2016-01-27,14:03:00,38.19,38.33,37.89,38.16,9234.0,1.0,0.0,0.0
2016-01-27,14:06:00,38.13,38.16,37.89,37.96,6601.0,1.0,0.0,0.0
2016-01-27,14:09:00,37.95,37.95,37.74,37.74,8548.0,1.0,0.0,0.0
2016-01-27,14:12:00,37.71,37.83,37.64,37.66,7293.0,1.0,0.0,0.0
2016-01-27,14:15:00,37.65,37.79,37.63,37.77,6193.0,1.0,0.0,0.0
2016-01-27,14:18:00,37.78,37.945,37.7688,37.93,7193.0,1.0,0.0,0.0
2016-01-27,14:21:00,37.9,38.01,37.86,38.01,9551.0,1.0,0.0,0.0
2016-01-27,14:24:00,38.02,38.07,37.88,37.88,12479.0,1.0,0.0,0.0
2016-01-27,14:27:00,37.88,37.94,37.82,37.87,7832.0,1.0,0.0,0.0
2016-01-27,14:30:00,37.8501,37.92,37.84,37.86,5141.0,1.0,0.0,0.0
2016-01-27,14:33:00,37.86,37.94,37.86,37.93,7170.0,1.0,0.0,0.0
2016-01-27,14:36:00,37.92,37.93,37.84,37.85,4190.0,1.0,0.0,0.0
2016-01-27,14:39:00,37.83,37.84,37.63,37.65,9829.0,1.0,0.0,0.0
2016-01-27,14:42:00,37.65,37.73,37.61,37.73,3951.0,1.0,0.0,0.0
2016-01-27,14:45:00,37.72,37.735,37.65,37.65,3638.0,1.0,0.0,0.0
2016-01-27,14:48:00,37.62,37.77,37.62,37.75,12007.0,1.0,0.0,0.0
2016-01-27,14:51:00,37.73,37.74,37.64,37.7,19095.0,1.0,0.0,0.0
2016-01-27,14:54:00,37.73,37.8016,37.7,37.73,22622.0,1.0,0.0,0.0
2016-01-27,14:57:00,37.73,37.79,37.7,37.71,39618.0,1.0,0.0,0.0
2016-01-27,15:00:00,37.73,37.8,37.71,37.76,29598.0,1.0,0.0,0.0
2016-01-27,15:03:00,37.76,37.765,37.7,37.7,36683.0,1.0,0.0,0.0
2016-01-27,15:06:00,37.71,37.73,37.53,37.55,17858.0,1.0,0.0,0.0
2016-01-27,15:09:00,37.57,37.63,37.54,37.62,6451.0,1.0,0.0,0.0
2016-01-27,15:12:00,37.61,37.615,37.43,37.43,10679.0,1.0,0.0,0.0
2016-01-27,15:15:00,37.44,37.445,37.36,37.38,7864.0,1.0,0.0,0.0
2016-01-27,15:18:00,37.4,37.4,37.32,37.36,8222.0,1.0,0.0,0.0
2016-01-27,15:21:00,37.35,37.38,37.26,37.33,10254.0,1.0,0.0,0.0
2016-01-27,15:24:00,37.34,37.5,37.335,37.45,11694.0,1.0,0.0,0.0
2016-01-27,15:27:00,37.44,37.52,37.43,37.475,9433.0,1.0,0.0,0.0
2016-01-27,15:30:00,37.47,37.47,37.35,37.43,12605.0,1.0,0.0,0.0
2016-01-27,15:33:00,37.42,37.48,37.4,37.41,12075.0,1.0,0.0,0.0
2016-01-27,15:36:00,37.42,37.51,37.37,37.5,13510.0,1.0,0.0,0.0
2016-01-27,15:39:00,37.49,37.56,37.4,37.4,18174.0,1.0,0.0,0.0
2016-01-27,15:42:00,37.4,37.455,37.35,37.45,10163.0,1.0,0.0,0.0
2016-01-27,15:45:00,37.45,37.4847,37.35,37.45,42059.0,1.0,0.0,0.0
2016-01-27,15:48:00,37.46,37.5,37.42,37.43,17882.0,1.0,0.0,0.0
2016-01-27,15:51:00,37.43,37.47,37.4,37.43,18921.0,1.0,0.0,0.0
2016-01-27,15:54:00,37.44,37.44,37.38,37.429,21364.0,1.0,0.0,0.0
2016-01-27,15:57:00,37.42,37.44,37.39,37.43,17270.0,1.0,0.0,0.0
2016-01-28,09:30:00,37.43,37.94,37.41,37.925,48659.0,1.0,0.0,0.0
2016-01-28,09:35:00,38.08,38.08,37.85,37.85,761.0,1.0,0.0,0.0
2016-01-28,09:38:00,37.89,38.05,37.89,37.89,10964.0,1.0,0.0,0.0
2016-01-28,09:41:00,37.9,37.98,37.84,37.84,3764.0,1.0,0.0,0.0
2016-01-28,09:45:00,37.79,37.88,37.75,37.82,2578.0,1.0,0.0,0.0
2016-01-28,09:49:00,37.86,37.94,37.79,37.83,3247.0,1.0,0.0,0.0
2016-01-28,09:52:00,37.9,37.97,37.89,37.94,2046.0,1.0,0.0,0.0
2016-01-28,09:55:00,37.92,38.09,37.92,38.03,4480.0,1.0,0.0,0.0
2016-01-28,09:58:00,38.08,38.08,37.89,37.948,3363.0,1.0,0.0,0.0
2016-01-28,10:01:00,37.96,37.98,37.78,37.79,3925.0,1.0,0.0,0.0
2016-01-28,10:04:00,37.79,37.8699,37.74,37.8,22738.0,1.0,0.0,0.0
2016-01-28,10:07:00,37.79,37.855,37.72,37.8,14925.0,1.0,0.0,0.0
2016-01-28,10:10:00,37.77,37.85,37.74,37.82,10082.0,1.0,0.0,0.0
2016-01-28,10:13:00,37.85,37.98,37.85,37.94,9495.0,1.0,0.0,0.0
2016-01-28,10:16:00,37.92,38.02,37.92,37.96,20458.0,1.0,0.0,0.0
2016-01-28,10:19:00,37.96,37.97,37.89,37.91,16623.0,1.0,0.0,0.0
2016-01-28,10:22:00,37.88,37.9,37.82,37.89,14495.0,1.0,0.0,0.0
2016-01-28,10:25:00,37.88,37.95,37.87,37.94,5643.0,1.0,0.0,0.0
2016-01-28,10:28:00,37.95,37.95,37.6801,37.69,10802.0,1.0,0.0,0.0
2016-01-28,10:31:00,37.71,37.71,37.58,37.58,2060.0,1.0,0.0,0.0
2016-01-28,10:34:00,37.55,37.59,37.4701,37.56,2201.0,1.0,0.0,0.0
2016-01-28,10:38:00,37.57,37.65,37.55,37.6,1776.0,1.0,0.0,0.0
2016-01-28,10:41:00,37.62,37.76,37.61,37.75,5926.0,1.0,0.0,0.0
2016-01-28,10:44:00,37.76,37.78,37.66,37.66,1505.0,1.0,0.0,0.0
2016-01-28,10:47:00,37.62,37.64,37.495,37.495,2641.0,1.0,0.0,0.0
2016-01-28,10:50:00,37.48,37.58,37.48,37.58,2505.0,1.0,0.0,0.0
2016-01-28,10:53:00,37.56,37.56,37.48,37.48,1568.0,1.0,0.0,0.0
2016-01-28,10:56:00,37.41,37.47,37.39,37.41,2251.0,1.0,0.0,0.0
2016-01-28,11:00:00,37.45,37.61,37.44,37.59,3573.0,1.0,0.0,0.0
2016-01-28,11:03:00,37.605,37.66,37.6,37.64,1475.0,1.0,0.0,0.0
2016-01-28,11:06:00,37.61,37.683,37.58,37.67,4475.0,1.0,0.0,0.0
2016-01-28,11:09:00,37.68,37.7,37.6301,37.66,2436.0,1.0,0.0,0.0
2016-01-28,11:12:00,37.65,37.73,37.63,37.66,3757.0,1.0,0.0,0.0
2016-01-28,11:15:00,37.62,37.7,37.62,37.63,5066.0,1.0,0.0,0.0
2016-01-28,11:18:00,37.63,37.7,37.62,37.65,3862.0,1.0,0.0,0.0
2016-01-28,11:21:00,37.65,37.68,37.61,37.64,5116.0,1.0,0.0,0.0
2016-01-28,11:24:00,37.64,37.7,37.62,37.69,1854.0,1.0,0.0,0.0
2016-01-28,11:27:00,37.68,37.68,37.59,37.6,2531.0,1.0,0.0,0.0
2016-01-28,11:30:00,37.61,37.61,37.5,37.51,2536.0,1.0,0.0,0.0
2016-01-28,11:33:00,37.49,37.53,37.44,37.44,2294.0,1.0,0.0,0.0
2016-01-28,11:36:00,37.44,37.46,37.4,37.44,4056.0,1.0,0.0,0.0
2016-01-28,11:39:00,37.42,37.45,37.41,37.43,1573.0,1.0,0.0,0.0
2016-01-28,11:42:00,37.46,37.46,37.4,37.43,2249.0,1.0,0.0,0.0
2016-01-28,11:45:00,37.42,37.44,37.39,37.41,4870.0,1.0,0.0,0.0
2016-01-28,11:48:00,37.43,37.4842,37.385,37.4842,15617.0,1.0,0.0,0.0
2016-01-28,11:51:00,37.47,37.48,37.45,37.47,2223.0,1.0,0.0,0.0
2016-01-28,11:54:00,37.49,37.5475,37.49,37.52,2915.0,1.0,0.0,0.0
2016-01-28,11:57:00,37.545,37.545,37.45,37.49,1230.0,1.0,0.0,0.0
2016-01-28,12:00:00,37.48,37.49,37.42,37.46,2039.0,1.0,0.0,0.0
2016-01-28,12:03:00,37.48,37.58,37.48,37.58,1461.0,1.0,0.0,0.0
2016-01-28,12:06:00,37.61,37.61,37.55,37.55,2209.0,1.0,0.0,0.0
2016-01-28,12:09:00,37.53,37.55,37.52,37.52,1634.0,1.0,0.0,0.0
2016-01-28,12:12:00,37.49,37.56,37.45,37.53,2574.0,1.0,0.0,0.0
2016-01-28,12:15:00,37.54,37.57,37.5175,37.54,3370.0,1.0,0.0,0.0
2016-01-28,12:18:00,37.54,37.5899,37.53,37.58,4363.0,1.0,0.0,0.0
2016-01-28,12:21:00,37.59,37.65,37.54,37.65,1729.0,1.0,0.0,0.0
2016-01-28,12:24:00,37.66,37.66,37.63,37.64,1126.0,1.0,0.0,0.0
2016-01-28,12:27:00,37.63,37.63,37.6,37.6,1136.0,1.0,0.0,0.0
2016-01-28,12:30:00,37.62,37.6499,37.62,37.62,1804.0,1.0,0.0,0.0
2016-01-28,12:33:00,37.615,37.75,37.615,37.7,4655.0,1.0,0.0,0.0
2016-01-28,12:36:00,37.79,37.79,37.75,37.78,2390.0,1.0,0.0,0.0
2016-01-28,12:39:00,37.8,37.8,37.71,37.72,1308.0,1.0,0.0,0.0
2016-01-28,12:42:00,37.74,37.77,37.72,37.77,1681.0,1.0,0.0,0.0
2016-01-28,12:45:00,37.76,37.774,37.74,37.74,1604.0,1.0,0.0,0.0
2016-01-28,12:48:00,37.77,37.78,37.73,37.76,1971.0,1.0,0.0,0.0
2016-01-28,12:51:00,37.75,37.75,37.73,37.73,2438.0,1.0,0.0,0.0
2016-01-28,12:54:00,37.73,37.73,37.66,37.66,1920.0,1.0,0.0,0.0
2016-01-28,12:57:00,37.66,37.69,37.64,37.66,3203.0,1.0,0.0,0.0
2016-01-28,13:01:00,37.67,37.7,37.6,37.6,3022.0,1.0,0.0,0.0
2016-01-28,13:04:00,37.61,37.65,37.61,37.65,3428.0,1.0,0.0,0.0
2016-01-28,13:07:00,37.64,37.68,37.64,37.67,1841.0,1.0,0.0,0.0
2016-01-28,13:10:00,37.67,37.72,37.65,37.7,1816.0,1.0,0.0,0.0
2016-01-28,13:13:00,37.7,37.74,37.7,37.74,1030.0,1.0,0.0,0.0
2016-01-28,13:16:00,37.72,37.74,37.65,37.65,4430.0,1.0,0.0,0.0
2016-01-28,13:19:00,37.62,37.63,37.56,37.56,3147.0,1.0,0.0,0.0
2016-01-28,13:22:00,37.56,37.56,37.51,37.53,4152.0,1.0,0.0,0.0
2016-01-28,13:25:00,37.52,37.53,37.49,37.52,1932.0,1.0,0.0,0.0
2016-01-28,13:28:00,37.5,37.57,37.48,37.57,1721.0,1.0,0.0,0.0
2016-01-28,13:31:00,37.6,37.65,37.57,37.65,2137.0,1.0,0.0,0.0
2016-01-28,13:34:00,37.685,37.71,37.6625,37.68,2226.0,1.0,0.0,0.0
2016-01-28,13:38:00,37.66,37.67,37.64,37.64,1957.0,1.0,0.0,0.0
2016-01-28,13:41:00,37.63,37.69,37.63,37.64,7638.0,1.0,0.0,0.0
2016-01-28,13:44:00,37.66,37.67,37.644,37.66,1244.0,1.0,0.0,0.0
2016-01-28,13:47:00,37.677,37.7,37.635,37.65,3611.0,1.0,0.0,0.0
2016-01-28,13:50:00,37.63,37.67,37.63,37.65,1306.0,1.0,0.0,0.0
2016-01-28,13:53:00,37.63,37.65,37.61,37.61,1600.0,1.0,0.0,0.0
2016-01-28,13:56:00,37.63,37.64,37.6,37.6,3989.0,1.0,0.0,0.0
2016-01-28,13:59:00,37.58,37.64,37.51,37.52,7814.0,1.0,0.0,0.0
2016-01-28,14:02:00,37.5497,37.59,37.52,37.59,2302.0,1.0,0.0,0.0
2016-01-28,14:05:00,37.58,37.64,37.57,37.6,2799.0,1.0,0.0,0.0
2016-01-28,14:08:00,37.64,37.65,37.6,37.6,2821.0,1.0,0.0,0.0
2016-01-28,14:11:00,37.63,37.65,37.57,37.6099,1561.0,1.0,0.0,0.0
2016-01-28,14:14:00,37.6,37.61,37.588,37.595,1705.0,1.0,0.0,0.0
2016-01-28,14:17:00,37.61,37.63,37.5725,37.5725,2906.0,1.0,0.0,0.0
2016-01-28,14:20:00,37.57,37.57,37.51,37.55,4132.0,1.0,0.0,0.0
2016-01-28,14:23:00,37.56,37.58,37.53,37.57,2798.0,1.0,0.0,0.0
2016-01-28,14:26:00,37.58,37.58,37.51,37.53,2311.0,1.0,0.0,0.0
2016-01-28,14:29:00,37.51,37.57,37.51,37.56,3184.0,1.0,0.0,0.0
2016-01-28,14:32:00,37.58,37.6399,37.58,37.61,3265.0,1.0,0.0,0.0
2016-01-28,14:35:00,37.6109,37.62,37.6109,37.62,1492.0,1.0,0.0,0.0
2016-01-28,14:38:00,37.62,37.65,37.62,37.62,2949.0,1.0,0.0,0.0
2016-01-28,14:41:00,37.61,37.63,37.6,37.6,8534.0,1.0,0.0,0.0
2016-01-28,14:44:00,37.6,37.6,37.52,37.53,8248.0,1.0,0.0,0.0
2016-01-28,14:47:00,37.54,37.56,37.5201,37.56,2038.0,1.0,0.0,0.0
2016-01-28,14:50:00,37.55,37.58,37.5306,37.5744,2847.0,1.0,0.0,0.0
2016-01-28,14:53:00,37.5615,37.58,37.55,37.56,8827.0,1.0,0.0,0.0
2016-01-28,14:57:00,37.55,37.58,37.53,37.57,5226.0,1.0,0.0,0.0
2016-01-28,15:00:00,37.57,37.65,37.57,37.65,4250.0,1.0,0.0,0.0
2016-01-28,15:03:00,37.6401,37.65,37.57,37.5944,4445.0,1.0,0.0,0.0
2016-01-28,15:06:00,37.57,37.62,37.55,37.58,3201.0,1.0,0.0,0.0
2016-01-28,15:09:00,37.58,37.61,37.55,37.61,3543.0,1.0,0.0,0.0
2016-01-28,15:12:00,37.62,37.68,37.62,37.66,6015.0,1.0,0.0,0.0
2016-01-28,15:16:00,37.67,37.68,37.64,37.66,4000.0,1.0,0.0,0.0
2016-01-28,15:19:00,37.67,37.75,37.66,37.7,7731.0,1.0,0.0,0.0
2016-01-28,15:22:00,37.69,37.69,37.64,37.6446,2531.0,1.0,0.0,0.0
2016-01-28,15:25:00,37.66,37.68,37.66,37.67,2642.0,1.0,0.0,0.0
2016-01-28,15:28:00,37.65,37.7,37.65,37.68,4634.0,1.0,0.0,0.0
2016-01-28,15:31:00,37.68,37.71,37.64,37.7,7924.0,1.0,0.0,0.0
2016-01-28,15:34:00,37.71,37.73,37.66,37.67,10475.0,1.0,0.0,0.0
2016-01-28,15:37:00,37.68,37.74,37.68,37.72,12421.0,1.0,0.0,0.0
2016-01-28,15:40:00,37.715,37.74,37.7,37.72,10102.0,1.0,0.0,0.0
2016-01-28,15:43:00,37.72,37.74,37.69,37.7,11469.0,1.0,0.0,0.0
2016-01-28,15:46:00,37.7,37.7,37.61,37.65,25501.0,1.0,0.0,0.0
2016-01-28,15:49:00,37.65,37.74,37.65,37.7028,9946.0,1.0,0.0,0.0
2016-01-28,15:52:00,37.71,37.74,37.7,37.71,12819.0,1.0,0.0,0.0
2016-01-28,15:55:00,37.71,37.73,37.66,37.72,14361.0,1.0,0.0,0.0
2016-01-28,15:58:00,37.73,37.78,37.725,37.73,30396.0,1.0,0.0,0.0
2016-01-29,09:31:00,37.73,37.82,37.45,37.64,29693.0,1.0,0.0,0.0
2016-01-29,09:35:00,37.67,38.19,37.67,38.19,4392.0,1.0,0.0,0.0
2016-01-29,09:38:00,38.21,38.21,38.1,38.12,1464.0,1.0,0.0,0.0
2016-01-29,09:41:00,38.124,38.19,38.11,38.11,2216.0,1.0,0.0,0.0
2016-01-29,09:44:00,38.14,38.14,37.99,38.09,1706.0,1.0,0.0,0.0
2016-01-29,09:47:00,38.14,38.16,38.0,38.0,2229.0,1.0,0.0,0.0
2016-01-29,09:50:00,38.07,38.14,38.0,38.12,5229.0,1.0,0.0,0.0
2016-01-29,09:53:00,38.15,38.19,38.12,38.19,6392.0,1.0,0.0,0.0
2016-01-29,09:56:00,38.2,38.21,38.17,38.17,6675.0,1.0,0.0,0.0
2016-01-29,09:59:00,38.19,38.27,38.19,38.27,14702.0,1.0,0.0,0.0
2016-01-29,10:02:00,38.28,38.39,38.27,38.36,4288.0,1.0,0.0,0.0
2016-01-29,10:05:00,38.38,38.4,38.29,38.31,6152.0,1.0,0.0,0.0
2016-01-29,10:08:00,38.29,38.35,38.14,38.22,14495.0,1.0,0.0,0.0
2016-01-29,10:11:00,38.22,38.34,38.18,38.34,9917.0,1.0,0.0,0.0
2016-01-29,10:14:00,38.33,38.35,38.27,38.27,3326.0,1.0,0.0,0.0
2016-01-29,10:17:00,38.24,38.3236,38.22,38.3236,4802.0,1.0,0.0,0.0
2016-01-29,10:20:00,38.34,38.34,38.28,38.31,3268.0,1.0,0.0,0.0
2016-01-29,10:23:00,38.31,38.31,38.22,38.26,5377.0,1.0,0.0,0.0
2016-01-29,10:26:00,38.25,38.26,38.18,38.2,4148.0,1.0,0.0,0.0
2016-01-29,10:29:00,38.18,38.2,38.08,38.08,6336.0,1.0,0.0,0.0
2016-01-29,10:32:00,38.06,38.1,38.02,38.03,4264.0,1.0,0.0,0.0
2016-01-29,10:35:00,38.02,38.06,37.97,38.02,4703.0,1.0,0.0,0.0
2016-01-29,10:39:00,38.01,38.09,38.01,38.053000000000004,5631.0,1.0,0.0,0.0
2016-01-29,10:42:00,38.06,38.11,38.06,38.1,7514.0,1.0,0.0,0.0
2016-01-29,10:45:00,38.1,38.13,38.07,38.13,4366.0,1.0,0.0,0.0
2016-01-29,10:48:00,38.12,38.1799,38.08,38.1799,7855.0,1.0,0.0,0.0
2016-01-29,10:51:00,38.18,38.2399,38.17,38.17,4931.0,1.0,0.0,0.0
2016-01-29,10:54:00,38.15,38.19,38.11,38.18,7211.0,1.0,0.0,0.0
2016-01-29,10:57:00,38.18,38.22,38.13,38.16,22791.0,1.0,0.0,0.0
2016-01-29,11:00:00,38.17,38.25,38.145,38.23,11329.0,1.0,0.0,0.0
2016-01-29,11:03:00,38.26,38.3,38.25,38.255,3424.0,1.0,0.0,0.0
2016-01-29,11:06:00,38.28,38.32,38.28,38.28,2613.0,1.0,0.0,0.0
2016-01-29,11:09:00,38.2899,38.3,38.24,38.28,3042.0,1.0,0.0,0.0
2016-01-29,11:12:00,38.26,38.3,38.23,38.26,3094.0,1.0,0.0,0.0
2016-01-29,11:15:00,38.27,38.27,38.17,38.17,6429.0,1.0,0.0,0.0
2016-01-29,11:18:00,38.17,38.2,38.12,38.19,4905.0,1.0,0.0,0.0
2016-01-29,11:21:00,38.19,38.21,38.14,38.15,4522.0,1.0,0.0,0.0
2016-01-29,11:24:00,38.17,38.23,38.17,38.22,3391.0,1.0,0.0,0.0
2016-01-29,11:27:00,38.19,38.1925,38.11,38.13,3166.0,1.0,0.0,0.0
2016-01-29,11:30:00,38.15,38.21,38.14,38.18,9017.0,1.0,0.0,0.0
2016-01-29,11:33:00,38.2,38.2199,38.09,38.17,5581.0,1.0,0.0,0.0
2016-01-29,11:36:00,38.16,38.17,38.13,38.13,4120.0,1.0,0.0,0.0
2016-01-29,11:39:00,38.11,38.11,38.02,38.05,6000.0,1.0,0.0,0.0
2016-01-29,11:42:00,38.05,38.09,38.03,38.05,2966.0,1.0,0.0,0.0
2016-01-29,11:45:00,38.05,38.06,38.02,38.06,3277.0,1.0,0.0,0.0
2016-01-29,11:48:00,38.06,38.07,38.02,38.06,4221.0,1.0,0.0,0.0
2016-01-29,11:51:00,38.06,38.15,38.05,38.15,5029.0,1.0,0.0,0.0
2016-01-29,11:54:00,38.13,38.25,38.12,38.23,6637.0,1.0,0.0,0.0
2016-01-29,11:57:00,38.21,38.23,38.19,38.21,2480.0,1.0,0.0,0.0
2016-01-29,12:00:00,38.2037,38.2037,38.12,38.13,4093.0,1.0,0.0,0.0
2016-01-29,12:03:00,38.1325,38.17,38.12,38.17,3092.0,1.0,0.0,0.0
2016-01-29,12:06:00,38.16,38.19,38.16,38.18,1910.0,1.0,0.0,0.0
2016-01-29,12:09:00,38.19,38.24,38.19,38.2,3555.0,1.0,0.0,0.0
2016-01-29,12:12:00,38.2,38.26,38.2,38.26,4144.0,1.0,0.0,0.0
2016-01-29,12:15:00,38.27,38.32,38.27,38.3,1621.0,1.0,0.0,0.0
2016-01-29,12:18:00,38.32,38.36,38.32,38.35,1150.0,1.0,0.0,0.0
2016-01-29,12:21:00,38.36,38.37,38.34,38.36,1922.0,1.0,0.0,0.0
2016-01-29,12:24:00,38.36,38.39,38.35,38.37,3427.0,1.0,0.0,0.0
2016-01-29,12:27:00,38.37,38.4,38.37,38.4,1186.0,1.0,0.0,0.0
2016-01-29,12:30:00,38.39,38.4,38.38,38.39,1899.0,1.0,0.0,0.0
2016-01-29,12:33:00,38.38,38.39,38.34,38.36,3020.0,1.0,0.0,0.0
2016-01-29,12:36:00,38.36,38.4,38.36,38.4,2481.0,1.0,0.0,0.0
2016-01-29,12:39:00,38.41,38.46,38.41,38.46,3650.0,1.0,0.0,0.0
2016-01-29,12:42:00,38.47,38.52,38.47,38.52,6575.0,1.0,0.0,0.0
2016-01-29,12:45:00,38.5,38.5312,38.49,38.52,3179.0,1.0,0.0,0.0
2016-01-29,12:48:00,38.53,38.53,38.52,38.53,2144.0,1.0,0.0,0.0
2016-01-29,12:51:00,38.53,38.53,38.5,38.5,1892.0,1.0,0.0,0.0
2016-01-29,12:54:00,38.49,38.51,38.49,38.49,2464.0,1.0,0.0,0.0
2016-01-29,12:57:00,38.496,38.51,38.48,38.48,5802.0,1.0,0.0,0.0
2016-01-29,13:00:00,38.485,38.52,38.4801,38.52,2170.0,1.0,0.0,0.0
2016-01-29,13:03:00,38.52,38.55,38.52,38.52,3740.0,1.0,0.0,0.0
2016-01-29,13:06:00,38.49,38.53,38.48,38.52,2865.0,1.0,0.0,0.0
2016-01-29,13:09:00,38.51,38.51,38.49,38.5,1002.0,1.0,0.0,0.0
2016-01-29,13:12:00,38.5,38.55,38.5,38.55,2194.0,1.0,0.0,0.0
2016-01-29,13:16:00,38.54,38.55,38.5,38.53,3018.0,1.0,0.0,0.0
2016-01-29,13:19:00,38.53,38.57,38.5299,38.57,3363.0,1.0,0.0,0.0
2016-01-29,13:22:00,38.5601,38.5796,38.56,38.57,2294.0,1.0,0.0,0.0
2016-01-29,13:25:00,38.57,38.61,38.56,38.59,6136.0,1.0,0.0,0.0
2016-01-29,13:28:00,38.59,38.59,38.58,38.58,1665.0,1.0,0.0,0.0
2016-01-29,13:31:00,38.6,38.6116,38.59,38.6,2651.0,1.0,0.0,0.0
2016-01-29,13:34:00,38.59,38.6,38.56,38.59,3939.0,1.0,0.0,0.0
2016-01-29,13:37:00,38.6,38.61,38.58,38.6,2685.0,1.0,0.0,0.0
2016-01-29,13:40:00,38.6,38.6,38.54,38.5855,8817.0,1.0,0.0,0.0
2016-01-29,13:43:00,38.6,38.6337,38.6,38.63,6772.0,1.0,0.0,0.0
2016-01-29,13:46:00,38.61,38.65,38.6,38.63,2753.0,1.0,0.0,0.0
2016-01-29,13:49:00,38.63,38.65,38.63,38.64,2997.0,1.0,0.0,0.0
2016-01-29,13:52:00,38.65,38.65,38.59,38.6,2243.0,1.0,0.0,0.0
2016-01-29,13:55:00,38.61,38.62,38.59,38.61,3338.0,1.0,0.0,0.0
2016-01-29,13:58:00,38.6001,38.6001,38.57,38.6,4373.0,1.0,0.0,0.0
2016-01-29,14:01:00,38.6,38.61,38.58,38.6,3269.0,1.0,0.0,0.0
2016-01-29,14:04:00,38.59,38.59,38.55,38.59,3656.0,1.0,0.0,0.0
2016-01-29,14:07:00,38.6,38.62,38.58,38.62,2863.0,1.0,0.0,0.0
2016-01-29,14:10:00,38.62,38.63,38.59,38.59,3035.0,1.0,0.0,0.0
2016-01-29,14:13:00,38.61,38.61,38.58,38.6,3127.0,1.0,0.0,0.0
2016-01-29,14:16:00,38.6,38.69,38.6,38.688,3277.0,1.0,0.0,0.0
2016-01-29,14:19:00,38.67,38.73,38.67,38.728,2260.0,1.0,0.0,0.0
2016-01-29,14:22:00,38.73,38.768,38.72,38.76,4308.0,1.0,0.0,0.0
2016-01-29,14:25:00,38.76,38.83,38.755,38.83,3972.0,1.0,0.0,0.0
2016-01-29,14:28:00,38.83,38.84,38.81,38.84,3416.0,1.0,0.0,0.0
2016-01-29,14:31:00,38.84,38.86,38.82,38.82,2940.0,1.0,0.0,0.0
2016-01-29,14:34:00,38.83,38.84,38.82,38.82,2918.0,1.0,0.0,0.0
2016-01-29,14:37:00,38.82,38.83,38.8,38.81,5764.0,1.0,0.0,0.0
2016-01-29,14:40:00,38.8056,38.81,38.78,38.81,3929.0,1.0,0.0,0.0
2016-01-29,14:43:00,38.82,38.83,38.8,38.81,3811.0,1.0,0.0,0.0
2016-01-29,14:46:00,38.8099,38.84,38.8,38.84,2465.0,1.0,0.0,0.0
2016-01-29,14:49:00,38.84,38.86,38.84,38.845,1245.0,1.0,0.0,0.0
2016-01-29,14:52:00,38.85,38.86,38.82,38.82,4411.0,1.0,0.0,0.0
2016-01-29,14:55:00,38.815,38.825,38.79,38.79,3623.0,1.0,0.0,0.0
2016-01-29,14:58:00,38.79,38.81,38.77,38.78,6117.0,1.0,0.0,0.0
2016-01-29,15:01:00,38.79,38.82,38.78,38.8,2701.0,1.0,0.0,0.0
2016-01-29,15:04:00,38.8,38.84,38.8,38.83,4979.0,1.0,0.0,0.0
2016-01-29,15:07:00,38.85,38.85,38.8201,38.84,3474.0,1.0,0.0,0.0
2016-01-29,15:10:00,38.85,38.87,38.84,38.86,5390.0,1.0,0.0,0.0
2016-01-29,15:13:00,38.86,38.9,38.86,38.89,5200.0,1.0,0.0,0.0
2016-01-29,15:16:00,38.91,38.93,38.89,38.92,5597.0,1.0,0.0,0.0
2016-01-29,15:19:00,38.94,38.98,38.94,38.98,3402.0,1.0,0.0,0.0
2016-01-29,15:22:00,38.98,38.98,38.94,38.94,6006.0,1.0,0.0,0.0
2016-01-29,15:25:00,38.95,38.98,38.94,38.98,5298.0,1.0,0.0,0.0
2016-01-29,15:28:00,38.98,39.01,38.98,39.01,7328.0,1.0,0.0,0.0
2016-01-29,15:31:00,39.0,39.02,38.99,39.02,9801.0,1.0,0.0,0.0
2016-01-29,15:34:00,39.02,39.03,38.99,39.0,9734.0,1.0,0.0,0.0
2016-01-29,15:37:00,39.0,39.07,39.0,39.055,10623.0,1.0,0.0,0.0
2016-01-29,15:40:00,39.06,39.065,39.0,39.01,13812.0,1.0,0.0,0.0
2016-01-29,15:43:00,39.02,39.03,39.0,39.03,11500.0,1.0,0.0,0.0
2016-01-29,15:46:00,39.03,39.16,39.02,39.15,33447.0,1.0,0.0,0.0
2016-01-29,15:49:00,39.15,39.15,39.11,39.13,13574.0,1.0,0.0,0.0
2016-01-29,15:52:00,39.13,39.17,39.13,39.15,20918.0,1.0,0.0,0.0
2016-01-29,15:55:00,39.15,39.18,39.14,39.18,23473.0,1.0,0.0,0.0
2016-01-29,15:58:00,39.185,39.19,39.12,39.13,53245.0,1.0,0.0,0.0
2016-02-01,09:31:00,39.13,39.22,38.495,38.52,128394.0,1.0,0.0,0.0
2016-02-01,09:34:00,38.63,38.63,38.5,38.59,3607.0,1.0,0.0,0.0
2016-02-01,09:37:00,38.54,38.56,38.44,38.48,2861.0,1.0,0.0,0.0
2016-02-01,09:40:00,38.495,38.76,38.495,38.76,19931.0,1.0,0.0,0.0
2016-02-01,09:43:00,38.68,38.69,38.57,38.57,6921.0,1.0,0.0,0.0
2016-02-01,09:46:00,38.64,38.64,38.22,38.22,8398.0,1.0,0.0,0.0
2016-02-01,09:49:00,38.22,38.29,38.15,38.29,8030.0,1.0,0.0,0.0
2016-02-01,09:52:00,38.34,38.37,38.26,38.28,6114.0,1.0,0.0,0.0
2016-02-01,09:55:00,38.25,38.45,38.23,38.35,10383.0,1.0,0.0,0.0
2016-02-01,09:58:00,38.33,38.43,38.23,38.41,10306.0,1.0,0.0,0.0
2016-02-01,10:01:00,38.41,38.43,38.26,38.35,8329.0,1.0,0.0,0.0
2016-02-01,10:04:00,38.31,38.37,38.28,38.33,7607.0,1.0,0.0,0.0
2016-02-01,10:07:00,38.36,38.63,38.36,38.62,8968.0,1.0,0.0,0.0
2016-02-01,10:10:00,38.645,38.65,38.53,38.56,25008.0,1.0,0.0,0.0
2016-02-01,10:13:00,38.58,38.7,38.57,38.68,4437.0,1.0,0.0,0.0
2016-02-01,10:16:00,38.68,38.68,38.52,38.61,7359.0,1.0,0.0,0.0
2016-02-01,10:19:00,38.63,38.71,38.51,38.54,5037.0,1.0,0.0,0.0
2016-02-01,10:22:00,38.53,38.76,38.53,38.76,3264.0,1.0,0.0,0.0
2016-02-01,10:25:00,38.73,38.78,38.66,38.74,4572.0,1.0,0.0,0.0
2016-02-01,10:28:00,38.72,38.72,38.64,38.69,5623.0,1.0,0.0,0.0
2016-02-01,10:31:00,38.69,38.8299,38.68,38.75,10118.0,1.0,0.0,0.0
2016-02-01,10:34:00,38.74,38.82,38.71,38.71,5357.0,1.0,0.0,0.0
2016-02-01,10:37:00,38.73,38.85,38.73,38.805,4105.0,1.0,0.0,0.0
2016-02-01,10:40:00,38.77,38.8,38.73,38.77,2877.0,1.0,0.0,0.0
2016-02-01,10:43:00,38.76,38.87,38.74,38.87,3530.0,1.0,0.0,0.0
2016-02-01,10:46:00,38.86,38.9762,38.82,38.9,4275.0,1.0,0.0,0.0
2016-02-01,10:49:00,38.92,38.95,38.89,38.9,2489.0,1.0,0.0,0.0
2016-02-01,10:52:00,38.9,38.9,38.84,38.84,4227.0,1.0,0.0,0.0
2016-02-01,10:55:00,38.81,38.82,38.77,38.82,4221.0,1.0,0.0,0.0
2016-02-01,10:58:00,38.83,38.96,38.81,38.95,3425.0,1.0,0.0,0.0
2016-02-01,11:01:00,38.94,38.95,38.87,38.9,4386.0,1.0,0.0,0.0
2016-02-01,11:04:00,38.89,38.94,38.88,38.93,5274.0,1.0,0.0,0.0
2016-02-01,11:07:00,38.92,39.05,38.92,39.03,9803.0,1.0,0.0,0.0
2016-02-01,11:10:00,39.023,39.035,38.885,38.91,5676.0,1.0,0.0,0.0
2016-02-01,11:13:00,38.93,39.03,38.9,39.03,6439.0,1.0,0.0,0.0
2016-02-01,11:16:00,39.0599,39.19,39.0599,39.07,19975.0,1.0,0.0,0.0
2016-02-01,11:19:00,39.09,39.12,39.02,39.02,6018.0,1.0,0.0,0.0
2016-02-01,11:22:00,39.015,39.015,38.88,38.89,3552.0,1.0,0.0,0.0
2016-02-01,11:25:00,38.87,38.945,38.8501,38.91,3857.0,1.0,0.0,0.0
2016-02-01,11:28:00,38.91,39.02,38.9,39.01,4576.0,1.0,0.0,0.0
2016-02-01,11:31:00,39.0,39.03,38.97,38.98,5876.0,1.0,0.0,0.0
2016-02-01,11:34:00,39.0,39.01,38.96,39.01,3700.0,1.0,0.0,0.0
2016-02-01,11:37:00,39.03,39.12,39.03,39.1,6927.0,1.0,0.0,0.0
2016-02-01,11:40:00,39.11,39.11,39.01,39.01,5565.0,1.0,0.0,0.0
2016-02-01,11:43:00,39.01,39.05,39.0,39.03,4428.0,1.0,0.0,0.0
2016-02-01,11:46:00,39.05,39.08,39.03,39.03,4819.0,1.0,0.0,0.0
2016-02-01,11:49:00,39.03,39.085,39.02,39.03,10118.0,1.0,0.0,0.0
2016-02-01,11:52:00,39.02,39.02,38.96,38.98,6400.0,1.0,0.0,0.0
2016-02-01,11:55:00,38.99,38.9928,38.98,38.9825,3968.0,1.0,0.0,0.0
2016-02-01,11:58:00,38.97,38.97,38.915,38.915,3166.0,1.0,0.0,0.0
2016-02-01,12:01:00,38.91,39.0,38.91,38.98,5972.0,1.0,0.0,0.0
2016-02-01,12:04:00,38.97,38.97,38.89,38.89,4420.0,1.0,0.0,0.0
2016-02-01,12:07:00,38.88,38.895,38.85,38.85,3646.0,1.0,0.0,0.0
2016-02-01,12:10:00,38.84,38.8999,38.84,38.89,2439.0,1.0,0.0,0.0
2016-02-01,12:14:00,38.91,38.99,38.91,38.98,5309.0,1.0,0.0,0.0
2016-02-01,12:17:00,38.97,39.0,38.96,38.97,3659.0,1.0,0.0,0.0
2016-02-01,12:20:00,38.96,39.0,38.95,38.96,4107.0,1.0,0.0,0.0
2016-02-01,12:23:00,38.95,38.975,38.93,38.96,4898.0,1.0,0.0,0.0
2016-02-01,12:26:00,38.94,38.94,38.8801,38.905,4039.0,1.0,0.0,0.0
2016-02-01,12:29:00,38.89,38.9,38.84,38.89,3824.0,1.0,0.0,0.0
2016-02-01,12:33:00,38.89,38.91,38.89,38.89,2283.0,1.0,0.0,0.0
2016-02-01,12:36:00,38.905,38.905,38.87,38.89,5050.0,1.0,0.0,0.0
2016-02-01,12:39:00,38.9,38.925,38.865,38.915,6395.0,1.0,0.0,0.0
2016-02-01,12:42:00,38.93,38.975,38.93,38.955,5909.0,1.0,0.0,0.0
2016-02-01,12:45:00,38.95,38.97,38.92,38.94,7023.0,1.0,0.0,0.0
2016-02-01,12:48:00,38.94,38.985,38.94,38.985,4206.0,1.0,0.0,0.0
2016-02-01,12:51:00,38.985,38.99,38.93,38.93,7354.0,1.0,0.0,0.0
2016-02-01,12:54:00,38.93,38.93,38.85,38.85,3104.0,1.0,0.0,0.0
2016-02-01,12:57:00,38.85,38.86,38.77,38.79,4637.0,1.0,0.0,0.0
2016-02-01,13:00:00,38.78,38.83,38.756,38.81,4307.0,1.0,0.0,0.0
2016-02-01,13:03:00,38.82,38.9429,38.82,38.93,3852.0,1.0,0.0,0.0
2016-02-01,13:06:00,38.931999999999995,38.931999999999995,38.8,38.84,3191.0,1.0,0.0,0.0
2016-02-01,13:09:00,38.84,38.85,38.82,38.82,3512.0,1.0,0.0,0.0
2016-02-01,13:12:00,38.82,38.86,38.77,38.78,6024.0,1.0,0.0,0.0
2016-02-01,13:15:00,38.78,38.83,38.78,38.82,3166.0,1.0,0.0,0.0
2016-02-01,13:18:00,38.81,38.84,38.78,38.83,7016.0,1.0,0.0,0.0
2016-02-01,13:21:00,38.82,38.87,38.8,38.87,3784.0,1.0,0.0,0.0
2016-02-01,13:24:00,38.89,38.9499,38.89,38.92,2988.0,1.0,0.0,0.0
2016-02-01,13:27:00,38.92,38.93,38.88,38.91,3000.0,1.0,0.0,0.0
2016-02-01,13:31:00,38.9,38.93,38.89,38.89,2898.0,1.0,0.0,0.0
2016-02-01,13:34:00,38.9,38.9,38.83,38.83,1829.0,1.0,0.0,0.0
2016-02-01,13:37:00,38.8,38.84,38.8,38.8001,4501.0,1.0,0.0,0.0
2016-02-01,13:41:00,38.8,38.84,38.8,38.83,2280.0,1.0,0.0,0.0
2016-02-01,13:44:00,38.83,38.865,38.79,38.79,7926.0,1.0,0.0,0.0
2016-02-01,13:48:00,38.8,38.9,38.8,38.88,5121.0,1.0,0.0,0.0
2016-02-01,13:51:00,38.9,38.93,38.9,38.925,2700.0,1.0,0.0,0.0
2016-02-01,13:54:00,38.92,38.92,38.86,38.86,4278.0,1.0,0.0,0.0
2016-02-01,13:57:00,38.86,38.94,38.86,38.92,5716.0,1.0,0.0,0.0
2016-02-01,14:00:00,38.93,38.99,38.93,38.96,3704.0,1.0,0.0,0.0
2016-02-01,14:03:00,38.97,39.04,38.97,39.0,5459.0,1.0,0.0,0.0
2016-02-01,14:06:00,39.01,39.01,38.91,38.91,6422.0,1.0,0.0,0.0
2016-02-01,14:09:00,38.91,38.92,38.85,38.85,3970.0,1.0,0.0,0.0
2016-02-01,14:12:00,38.85,38.9,38.8401,38.86,4754.0,1.0,0.0,0.0
2016-02-01,14:15:00,38.85,38.85,38.81,38.84,2802.0,1.0,0.0,0.0
2016-02-01,14:18:00,38.84,38.92,38.8,38.89,5727.0,1.0,0.0,0.0
2016-02-01,14:21:00,38.91,38.94,38.8613,38.9,3887.0,1.0,0.0,0.0
2016-02-01,14:24:00,38.91,38.92,38.85,38.91,4292.0,1.0,0.0,0.0
2016-02-01,14:27:00,38.9062,38.96,38.89,38.92,6054.0,1.0,0.0,0.0
2016-02-01,14:30:00,38.93,38.97,38.92,38.95,4864.0,1.0,0.0,0.0
2016-02-01,14:33:00,38.95,38.98,38.93,38.98,6776.0,1.0,0.0,0.0
2016-02-01,14:36:00,38.98,39.03,38.98,38.98,6025.0,1.0,0.0,0.0
2016-02-01,14:39:00,38.98,39.01,38.98,39.01,3818.0,1.0,0.0,0.0
2016-02-01,14:42:00,39.02,39.1,39.02,39.1,7322.0,1.0,0.0,0.0
2016-02-01,14:45:00,39.1002,39.124,39.07,39.07,4933.0,1.0,0.0,0.0
2016-02-01,14:48:00,39.07,39.07,39.0,39.0,5349.0,1.0,0.0,0.0
2016-02-01,14:51:00,38.99,39.005,38.96,38.98,5713.0,1.0,0.0,0.0
2016-02-01,14:54:00,38.98,39.005,38.98,38.99,3971.0,1.0,0.0,0.0
2016-02-01,14:57:00,38.99,39.04,38.96,39.04,5876.0,1.0,0.0,0.0
2016-02-01,15:00:00,39.05,39.1099,39.05,39.07,11652.0,1.0,0.0,0.0
2016-02-01,15:03:00,39.06,39.07,39.04,39.04,15383.0,1.0,0.0,0.0
2016-02-01,15:06:00,39.04,39.04,38.97,38.98,7811.0,1.0,0.0,0.0
2016-02-01,15:09:00,38.99,39.03,38.97,39.0,23660.0,1.0,0.0,0.0
2016-02-01,15:12:00,39.001,39.03,38.97,38.97,7150.0,1.0,0.0,0.0
2016-02-01,15:15:00,38.96,39.005,38.95,38.98,15694.0,1.0,0.0,0.0
2016-02-01,15:18:00,38.98,39.09,38.98,39.08,6216.0,1.0,0.0,0.0
2016-02-01,15:21:00,39.08,39.17,39.06,39.17,9159.0,1.0,0.0,0.0
2016-02-01,15:24:00,39.16,39.16,39.12,39.15,4705.0,1.0,0.0,0.0
2016-02-01,15:27:00,39.15,39.15,39.11,39.13,5762.0,1.0,0.0,0.0
2016-02-01,15:30:00,39.14,39.15,39.12,39.1325,8253.0,1.0,0.0,0.0
2016-02-01,15:33:00,39.13,39.15,39.12,39.14,8574.0,1.0,0.0,0.0
2016-02-01,15:36:00,39.1401,39.2,39.14,39.14,15419.0,1.0,0.0,0.0
2016-02-01,15:39:00,39.14,39.17,39.12,39.14,19037.0,1.0,0.0,0.0
2016-02-01,15:42:00,39.145,39.205,39.13,39.185,13949.0,1.0,0.0,0.0
2016-02-01,15:45:00,39.19,39.22,39.16,39.16,15115.0,1.0,0.0,0.0
2016-02-01,15:48:00,39.17,39.195,39.15,39.17,24894.0,1.0,0.0,0.0
2016-02-01,15:51:00,39.1737,39.175,39.13,39.13,31579.0,1.0,0.0,0.0
2016-02-01,15:54:00,39.13,39.13,39.08,39.09,31518.0,1.0,0.0,0.0
2016-02-01,15:57:00,39.085,39.15,39.085,39.13,51643.0,1.0,0.0,0.0
2016-02-02,09:30:00,39.13,39.16,38.13,38.13,62547.0,1.0,0.0,0.0
2016-02-02,09:33:00,38.36,38.43,38.11,38.23,14389.0,1.0,0.0,0.0
2016-02-02,09:36:00,38.23,38.51,38.16,38.43,12457.0,1.0,0.0,0.0
2016-02-02,09:39:00,38.44,38.52,38.43,38.52,7770.0,1.0,0.0,0.0
2016-02-02,09:42:00,38.45,38.56,38.43,38.43,8900.0,1.0,0.0,0.0
2016-02-02,09:45:00,38.43,38.56,38.425,38.53,6066.0,1.0,0.0,0.0
2016-02-02,09:49:00,38.53,38.53,38.42,38.43,5874.0,1.0,0.0,0.0
2016-02-02,09:52:00,38.44,38.49,38.42,38.45,9417.0,1.0,0.0,0.0
2016-02-02,09:55:00,38.45,38.52,38.43,38.47,5776.0,1.0,0.0,0.0
2016-02-02,09:58:00,38.5,38.61,38.495,38.55,4199.0,1.0,0.0,0.0
2016-02-02,10:01:00,38.55,38.59,38.51,38.59,3165.0,1.0,0.0,0.0
2016-02-02,10:04:00,38.57,38.69,38.52,38.69,9361.0,1.0,0.0,0.0
2016-02-02,10:07:00,38.68,38.75,38.66,38.686,11426.0,1.0,0.0,0.0
2016-02-02,10:10:00,38.71,38.76,38.66,38.72,5576.0,1.0,0.0,0.0
2016-02-02,10:13:00,38.69,38.69,38.58,38.62,6222.0,1.0,0.0,0.0
2016-02-02,10:16:00,38.66,38.68,38.5,38.59,9372.0,1.0,0.0,0.0
2016-02-02,10:19:00,38.58,38.59,38.49,38.49,5525.0,1.0,0.0,0.0
2016-02-02,10:22:00,38.46,38.515,38.435,38.48,9779.0,1.0,0.0,0.0
2016-02-02,10:25:00,38.47,38.51,38.46,38.46,3905.0,1.0,0.0,0.0
2016-02-02,10:28:00,38.45,38.6,38.41,38.59,9825.0,1.0,0.0,0.0
2016-02-02,10:31:00,38.59,38.63,38.55,38.55,5043.0,1.0,0.0,0.0
2016-02-02,10:34:00,38.57,38.62,38.51,38.51,7881.0,1.0,0.0,0.0
2016-02-02,10:37:00,38.5,38.575,38.5,38.57,5058.0,1.0,0.0,0.0
2016-02-02,10:40:00,38.58,38.63,38.56,38.57,3194.0,1.0,0.0,0.0
2016-02-02,10:43:00,38.57,38.58,38.52,38.58,5639.0,1.0,0.0,0.0
2016-02-02,10:46:00,38.59,38.59,38.48,38.48,4535.0,1.0,0.0,0.0
2016-02-02,10:49:00,38.51,38.52,38.48,38.52,3136.0,1.0,0.0,0.0
2016-02-02,10:52:00,38.51,38.55,38.51,38.54,6948.0,1.0,0.0,0.0
2016-02-02,10:55:00,38.52,38.52,38.46,38.5,5087.0,1.0,0.0,0.0
2016-02-02,10:58:00,38.5,38.505,38.45,38.47,7212.0,1.0,0.0,0.0
2016-02-02,11:01:00,38.47,38.47,38.44,38.46,3865.0,1.0,0.0,0.0
2016-02-02,11:04:00,38.46,38.515,38.455,38.48,5905.0,1.0,0.0,0.0
2016-02-02,11:07:00,38.45,38.5,38.44,38.49,8850.0,1.0,0.0,0.0
2016-02-02,11:10:00,38.49,38.51,38.47,38.49,7905.0,1.0,0.0,0.0
2016-02-02,11:13:00,38.48,38.5636,38.48,38.5636,7447.0,1.0,0.0,0.0
2016-02-02,11:16:00,38.56,38.675,38.56,38.66,10427.0,1.0,0.0,0.0
2016-02-02,11:19:00,38.67,38.68,38.62,38.62,4606.0,1.0,0.0,0.0
2016-02-02,11:22:00,38.62,38.68,38.61,38.675,7603.0,1.0,0.0,0.0
2016-02-02,11:25:00,38.67,38.76,38.65,38.75,16258.0,1.0,0.0,0.0
2016-02-02,11:28:00,38.75,38.75,38.71,38.74,8655.0,1.0,0.0,0.0
2016-02-02,11:31:00,38.76,38.84,38.76,38.82,10925.0,1.0,0.0,0.0
2016-02-02,11:34:00,38.82,38.88,38.81,38.83,7990.0,1.0,0.0,0.0
2016-02-02,11:37:00,38.83,38.84,38.79,38.84,8271.0,1.0,0.0,0.0
2016-02-02,11:40:00,38.86,38.86,38.81,38.84,7213.0,1.0,0.0,0.0
2016-02-02,11:43:00,38.83,38.91,38.81,38.8399,8072.0,1.0,0.0,0.0
2016-02-02,11:46:00,38.84,38.87,38.81,38.87,6659.0,1.0,0.0,0.0
2016-02-02,11:49:00,38.87,38.875,38.77,38.81,5159.0,1.0,0.0,0.0
2016-02-02,11:52:00,38.8,38.805,38.75,38.79,5266.0,1.0,0.0,0.0
2016-02-02,11:55:00,38.82,38.82,38.77,38.77,3967.0,1.0,0.0,0.0
2016-02-02,11:58:00,38.79,38.79,38.67,38.7,19818.0,1.0,0.0,0.0
2016-02-02,12:01:00,38.68,38.71,38.67,38.695,6084.0,1.0,0.0,0.0
2016-02-02,12:04:00,38.7,38.73,38.59,38.59,6724.0,1.0,0.0,0.0
2016-02-02,12:07:00,38.57,38.57,38.52,38.55,5579.0,1.0,0.0,0.0
2016-02-02,12:10:00,38.5699,38.5699,38.53,38.54,3361.0,1.0,0.0,0.0
2016-02-02,12:13:00,38.53,38.56,38.5,38.53,4603.0,1.0,0.0,0.0
2016-02-02,12:16:00,38.53,38.545,38.5,38.5,4261.0,1.0,0.0,0.0
2016-02-02,12:19:00,38.47,38.58,38.46,38.57,5968.0,1.0,0.0,0.0
2016-02-02,12:22:00,38.57,38.61,38.56,38.6,3717.0,1.0,0.0,0.0
2016-02-02,12:25:00,38.62,38.65,38.62,38.62,2988.0,1.0,0.0,0.0
2016-02-02,12:28:00,38.63,38.64,38.55,38.57,4867.0,1.0,0.0,0.0
2016-02-02,12:31:00,38.58,38.6,38.5,38.53,5242.0,1.0,0.0,0.0
2016-02-02,12:34:00,38.53,38.53,38.47,38.5,4375.0,1.0,0.0,0.0
2016-02-02,12:38:00,38.51,38.56,38.505,38.54,5372.0,1.0,0.0,0.0
2016-02-02,12:41:00,38.56,38.57,38.54,38.57,3402.0,1.0,0.0,0.0
2016-02-02,12:44:00,38.56,38.57,38.53,38.54,4083.0,1.0,0.0,0.0
2016-02-02,12:47:00,38.54,38.55,38.51,38.52,4254.0,1.0,0.0,0.0
2016-02-02,12:50:00,38.53,38.53,38.47,38.48,6943.0,1.0,0.0,0.0
2016-02-02,12:53:00,38.485,38.51,38.48,38.51,8243.0,1.0,0.0,0.0
2016-02-02,12:56:00,38.51,38.51,38.47,38.47,3983.0,1.0,0.0,0.0
2016-02-02,12:59:00,38.47,38.48,38.42,38.4725,20939.0,1.0,0.0,0.0
2016-02-02,13:02:00,38.48,38.5,38.4401,38.47,8514.0,1.0,0.0,0.0
2016-02-02,13:05:00,38.44,38.48,38.44,38.48,6174.0,1.0,0.0,0.0
2016-02-02,13:08:00,38.47,38.47,38.43,38.445,11896.0,1.0,0.0,0.0
2016-02-02,13:11:00,38.44,38.465,38.44,38.45,21922.0,1.0,0.0,0.0
2016-02-02,13:14:00,38.45,38.46,38.44,38.4425,10065.0,1.0,0.0,0.0
2016-02-02,13:17:00,38.4499,38.47,38.44,38.46,11533.0,1.0,0.0,0.0
2016-02-02,13:20:00,38.46,38.49,38.44,38.45,6073.0,1.0,0.0,0.0
2016-02-02,13:23:00,38.45,38.47,38.43,38.45,9689.0,1.0,0.0,0.0
2016-02-02,13:26:00,38.46,38.54,38.46,38.52,8047.0,1.0,0.0,0.0
2016-02-02,13:29:00,38.52,38.55,38.52,38.54,2719.0,1.0,0.0,0.0
2016-02-02,13:32:00,38.54,38.54,38.48,38.48,4617.0,1.0,0.0,0.0
2016-02-02,13:35:00,38.48,38.51,38.46,38.46,3292.0,1.0,0.0,0.0
2016-02-02,13:38:00,38.44,38.475,38.42,38.45,6301.0,1.0,0.0,0.0
2016-02-02,13:41:00,38.45,38.49,38.44,38.46,7525.0,1.0,0.0,0.0
2016-02-02,13:44:00,38.45,38.49,38.45,38.465,7815.0,1.0,0.0,0.0
2016-02-02,13:47:00,38.47,38.485,38.45,38.47,12680.0,1.0,0.0,0.0
2016-02-02,13:50:00,38.48,38.515,38.48,38.5,21887.0,1.0,0.0,0.0
2016-02-02,13:53:00,38.51,38.52,38.49,38.49,14510.0,1.0,0.0,0.0
2016-02-02,13:56:00,38.5,38.525,38.49,38.49,11148.0,1.0,0.0,0.0
2016-02-02,13:59:00,38.49,38.505,38.485,38.49,22996.0,1.0,0.0,0.0
2016-02-02,14:02:00,38.49,38.52,38.49,38.5,13417.0,1.0,0.0,0.0
2016-02-02,14:05:00,38.5,38.53,38.473,38.5225,20713.0,1.0,0.0,0.0
2016-02-02,14:08:00,38.51,38.53,38.49,38.5,9878.0,1.0,0.0,0.0
2016-02-02,14:11:00,38.5,38.515,38.495,38.5,9864.0,1.0,0.0,0.0
2016-02-02,14:14:00,38.5,38.56,38.49,38.555,13530.0,1.0,0.0,0.0
2016-02-02,14:17:00,38.55,38.58,38.53,38.5675,8592.0,1.0,0.0,0.0
2016-02-02,14:20:00,38.58,38.585,38.55,38.555,4275.0,1.0,0.0,0.0
2016-02-02,14:23:00,38.55,38.55,38.465,38.48,14205.0,1.0,0.0,0.0
2016-02-02,14:26:00,38.49,38.535,38.47,38.53,11048.0,1.0,0.0,0.0
2016-02-02,14:29:00,38.52,38.52,38.44,38.46,14177.0,1.0,0.0,0.0
2016-02-02,14:32:00,38.47,38.515,38.47,38.5,22039.0,1.0,0.0,0.0
2016-02-02,14:35:00,38.5,38.53,38.49,38.5,14314.0,1.0,0.0,0.0
2016-02-02,14:38:00,38.5,38.57,38.48,38.57,17886.0,1.0,0.0,0.0
2016-02-02,14:41:00,38.56,38.62,38.56,38.62,10903.0,1.0,0.0,0.0
2016-02-02,14:44:00,38.61,38.65,38.6,38.61,8779.0,1.0,0.0,0.0
2016-02-02,14:47:00,38.6,38.63,38.57,38.63,8075.0,1.0,0.0,0.0
2016-02-02,14:50:00,38.64,38.72,38.62,38.7,9089.0,1.0,0.0,0.0
2016-02-02,14:53:00,38.71,38.77,38.68,38.68,7133.0,1.0,0.0,0.0
2016-02-02,14:56:00,38.68,38.685,38.64,38.66,7262.0,1.0,0.0,0.0
2016-02-02,14:59:00,38.66,38.67,38.58,38.59,10857.0,1.0,0.0,0.0
2016-02-02,15:02:00,38.6,38.63,38.55,38.57,10601.0,1.0,0.0,0.0
2016-02-02,15:05:00,38.57,38.57,38.53,38.55,9106.0,1.0,0.0,0.0
2016-02-02,15:08:00,38.555,38.555,38.49,38.5,11939.0,1.0,0.0,0.0
2016-02-02,15:11:00,38.5,38.51,38.4625,38.5001,23684.0,1.0,0.0,0.0
2016-02-02,15:14:00,38.5,38.55,38.49,38.53,15506.0,1.0,0.0,0.0
2016-02-02,15:17:00,38.53,38.6,38.51,38.5101,13053.0,1.0,0.0,0.0
2016-02-02,15:20:00,38.515,38.56,38.5,38.5,11469.0,1.0,0.0,0.0
2016-02-02,15:23:00,38.5,38.52,38.49,38.52,16002.0,1.0,0.0,0.0
2016-02-02,15:26:00,38.52,38.54,38.5,38.53,10994.0,1.0,0.0,0.0
2016-02-02,15:29:00,38.535,38.58,38.49,38.49,80483.0,1.0,0.0,0.0
2016-02-02,15:32:00,38.5,38.56,38.46,38.52,26513.0,1.0,0.0,0.0
2016-02-02,15:35:00,38.52,38.52,38.43,38.44,30205.0,1.0,0.0,0.0
2016-02-02,15:38:00,38.44,38.52,38.44,38.49,35400.0,1.0,0.0,0.0
2016-02-02,15:41:00,38.49,38.53,38.47,38.53,19513.0,1.0,0.0,0.0
2016-02-02,15:44:00,38.53,38.58,38.45,38.47,41430.0,1.0,0.0,0.0
2016-02-02,15:47:00,38.48,38.57,38.45,38.53,58633.0,1.0,0.0,0.0
2016-02-02,15:50:00,38.54,38.58,38.53,38.55,41089.0,1.0,0.0,0.0
2016-02-02,15:53:00,38.555,38.56,38.5,38.53,50134.0,1.0,0.0,0.0
2016-02-02,15:56:00,38.53,38.6,38.51,38.55,63001.0,1.0,0.0,0.0
2016-02-02,15:59:00,38.56,38.67,38.54,38.66,144386.0,1.0,0.0,0.0
2016-02-03,09:32:00,38.84,38.84,38.1,38.28,34718.0,1.0,0.0,0.0
2016-02-03,09:35:00,38.265,38.33,37.6,37.75,39403.0,1.0,0.0,0.0
2016-02-03,09:38:00,37.75,37.9,37.33,37.43,60011.0,1.0,0.0,0.0
2016-02-03,09:41:00,37.41,37.6,37.2,37.2,53900.0,1.0,0.0,0.0
2016-02-03,09:44:00,37.21,37.49,37.21,37.42,17882.0,1.0,0.0,0.0
2016-02-03,09:47:00,37.42,37.58,37.42,37.46,32187.0,1.0,0.0,0.0
2016-02-03,09:50:00,37.47,37.5,37.23,37.5,50339.0,1.0,0.0,0.0
2016-02-03,09:53:00,37.49,37.55,36.95,37.01,47102.0,1.0,0.0,0.0
2016-02-03,09:56:00,37.02,37.28,37.01,37.14,33722.0,1.0,0.0,0.0
2016-02-03,09:59:00,37.11,37.12,36.79,36.98,47266.0,1.0,0.0,0.0
2016-02-03,10:02:00,36.86,36.86,36.547,36.59,26923.0,1.0,0.0,0.0
2016-02-03,10:05:00,36.59,36.67,36.45,36.61,39530.0,1.0,0.0,0.0
2016-02-03,10:08:00,36.59,36.61,36.35,36.37,60672.0,1.0,0.0,0.0
2016-02-03,10:11:00,36.36,36.51,36.31,36.45,46285.0,1.0,0.0,0.0
2016-02-03,10:14:00,36.46,36.6,36.44,36.5559,34522.0,1.0,0.0,0.0
2016-02-03,10:17:00,36.53,36.71,36.51,36.67,15726.0,1.0,0.0,0.0
2016-02-03,10:20:00,36.65,36.82,36.6,36.73,16425.0,1.0,0.0,0.0
2016-02-03,10:23:00,36.73,36.94,36.71,36.82,21967.0,1.0,0.0,0.0
2016-02-03,10:26:00,36.84,37.03,36.75,36.85,14578.0,1.0,0.0,0.0
2016-02-03,10:29:00,36.845,36.845,36.63,36.645,24278.0,1.0,0.0,0.0
2016-02-03,10:32:00,36.61,36.63,36.5,36.53,47512.0,1.0,0.0,0.0
2016-02-03,10:35:00,36.53,36.64,36.48,36.53,35641.0,1.0,0.0,0.0
2016-02-03,10:38:00,36.5,36.56,36.36,36.385,42262.0,1.0,0.0,0.0
2016-02-03,10:41:00,36.38,36.47,36.23,36.24,36819.0,1.0,0.0,0.0
2016-02-03,10:44:00,36.24,36.42,36.19,36.41,48373.0,1.0,0.0,0.0
2016-02-03,10:47:00,36.36,36.61,36.2901,36.53,17393.0,1.0,0.0,0.0
2016-02-03,10:50:00,36.54,36.61,36.54,36.573,18221.0,1.0,0.0,0.0
2016-02-03,10:53:00,36.6,36.66,36.58,36.66,14966.0,1.0,0.0,0.0
2016-02-03,10:56:00,36.65,36.84,36.65,36.79,14746.0,1.0,0.0,0.0
2016-02-03,10:59:00,36.8,36.85,36.64,36.73,15884.0,1.0,0.0,0.0
2016-02-03,11:02:00,36.7,36.7,36.54,36.57,21429.0,1.0,0.0,0.0
2016-02-03,11:05:00,36.55,36.71,36.55,36.66,36264.0,1.0,0.0,0.0
2016-02-03,11:08:00,36.67,36.82,36.626,36.82,23285.0,1.0,0.0,0.0
2016-02-03,11:11:00,36.83,37.32,36.7901,37.11,58775.0,1.0,0.0,0.0
2016-02-03,11:14:00,37.09,37.46,37.05,37.4,37430.0,1.0,0.0,0.0
2016-02-03,11:17:00,37.4,37.52,37.29,37.39,15917.0,1.0,0.0,0.0
2016-02-03,11:20:00,37.45,37.73,37.41,37.73,10919.0,1.0,0.0,0.0
2016-02-03,11:23:00,37.75,37.97,37.68,37.7,15207.0,1.0,0.0,0.0
2016-02-03,11:26:00,37.68,37.72,37.53,37.598,34740.0,1.0,0.0,0.0
2016-02-03,11:29:00,37.6,37.61,37.12,37.12,18504.0,1.0,0.0,0.0
2016-02-03,11:32:00,37.11,37.17,37.01,37.01,7841.0,1.0,0.0,0.0
2016-02-03,11:35:00,37.07,37.07,36.79,36.79,5934.0,1.0,0.0,0.0
2016-02-03,11:38:00,36.78,36.78,36.49,36.66,12319.0,1.0,0.0,0.0
2016-02-03,11:41:00,36.68,36.92,36.67,36.76,6982.0,1.0,0.0,0.0
2016-02-03,11:44:00,36.77,36.77,36.51,36.51,7078.0,1.0,0.0,0.0
2016-02-03,11:47:00,36.53,36.62,36.53,36.56,6293.0,1.0,0.0,0.0
2016-02-03,11:50:00,36.56,36.62,36.53,36.59,13148.0,1.0,0.0,0.0
2016-02-03,11:53:00,36.59,36.6,36.34,36.36,15978.0,1.0,0.0,0.0
2016-02-03,11:56:00,36.34,36.65,36.34,36.55,40392.0,1.0,0.0,0.0
2016-02-03,11:59:00,36.54,36.66,36.41,36.66,106606.0,1.0,0.0,0.0
2016-02-03,12:02:00,36.645,36.825,36.63,36.705,14163.0,1.0,0.0,0.0
2016-02-03,12:05:00,36.68,36.84,36.68,36.7,6604.0,1.0,0.0,0.0
2016-02-03,12:08:00,36.71,36.71,36.6,36.61,12918.0,1.0,0.0,0.0
2016-02-03,12:11:00,36.64,36.73,36.55,36.56,9940.0,1.0,0.0,0.0
2016-02-03,12:14:00,36.58,36.68,36.58,36.62,9948.0,1.0,0.0,0.0
2016-02-03,12:17:00,36.63,36.72,36.5988,36.6,8786.0,1.0,0.0,0.0
2016-02-03,12:20:00,36.6,36.66,36.55,36.64,6577.0,1.0,0.0,0.0
2016-02-03,12:23:00,36.64,36.77,36.63,36.77,8511.0,1.0,0.0,0.0
2016-02-03,12:26:00,36.78,36.79,36.53,36.62,8967.0,1.0,0.0,0.0
2016-02-03,12:29:00,36.68,36.74,36.62,36.67,6323.0,1.0,0.0,0.0
2016-02-03,12:32:00,36.66,36.66,36.54,36.58,8151.0,1.0,0.0,0.0
2016-02-03,12:35:00,36.59,36.67,36.54,36.66,14929.0,1.0,0.0,0.0
2016-02-03,12:38:00,36.67,36.77,36.61,36.73,8675.0,1.0,0.0,0.0
2016-02-03,12:41:00,36.72,36.79,36.68,36.74,5548.0,1.0,0.0,0.0
2016-02-03,12:44:00,36.77,36.84,36.7,36.715,9042.0,1.0,0.0,0.0
2016-02-03,12:47:00,36.72,36.78,36.695,36.74,10057.0,1.0,0.0,0.0
2016-02-03,12:50:00,36.75,36.76,36.64,36.65,13324.0,1.0,0.0,0.0
2016-02-03,12:53:00,36.63,36.65,36.54,36.62,13403.0,1.0,0.0,0.0
2016-02-03,12:56:00,36.59,36.75,36.59,36.72,7995.0,1.0,0.0,0.0
2016-02-03,12:59:00,36.71,36.78,36.7025,36.77,4940.0,1.0,0.0,0.0
2016-02-03,13:02:00,36.75,36.83,36.74,36.7705,8838.0,1.0,0.0,0.0
2016-02-03,13:05:00,36.79,36.9,36.77,36.82,9304.0,1.0,0.0,0.0
2016-02-03,13:08:00,36.83,36.84,36.77,36.79,6766.0,1.0,0.0,0.0
2016-02-03,13:11:00,36.79,36.8895,36.75,36.83,19283.0,1.0,0.0,0.0
2016-02-03,13:14:00,36.81,36.92,36.81,36.85,6316.0,1.0,0.0,0.0
2016-02-03,13:17:00,36.87,36.95,36.85,36.85,11325.0,1.0,0.0,0.0
2016-02-03,13:20:00,36.84,36.93,36.83,36.86,39575.0,1.0,0.0,0.0
2016-02-03,13:23:00,36.87,36.91,36.76,36.88,98970.0,1.0,0.0,0.0
2016-02-03,13:26:00,36.87,37.0,36.87,36.98,18181.0,1.0,0.0,0.0
2016-02-03,13:29:00,36.97,37.01,36.95,37.0,8569.0,1.0,0.0,0.0
2016-02-03,13:32:00,37.0,37.03,36.97,37.02,11823.0,1.0,0.0,0.0
2016-02-03,13:35:00,37.02,37.03,36.88,36.93,17825.0,1.0,0.0,0.0
2016-02-03,13:38:00,36.93,36.97,36.87,36.92,10817.0,1.0,0.0,0.0
2016-02-03,13:41:00,36.92,36.92,36.76,36.8,8619.0,1.0,0.0,0.0
2016-02-03,13:45:00,36.77,36.87,36.77,36.77,10570.0,1.0,0.0,0.0
2016-02-03,13:48:00,36.765,36.8,36.7,36.72,37310.0,1.0,0.0,0.0
2016-02-03,13:51:00,36.73,36.73,36.62,36.64,8281.0,1.0,0.0,0.0
2016-02-03,13:54:00,36.64,36.65,36.57,36.57,7096.0,1.0,0.0,0.0
2016-02-03,13:57:00,36.56,36.56,36.47,36.48,11683.0,1.0,0.0,0.0
2016-02-03,14:00:00,36.45,36.56,36.42,36.5005,21044.0,1.0,0.0,0.0
2016-02-03,14:03:00,36.54,36.57,36.51,36.56,11537.0,1.0,0.0,0.0
2016-02-03,14:06:00,36.57,36.61,36.46,36.61,14353.0,1.0,0.0,0.0
2016-02-03,14:09:00,36.62,36.72,36.61,36.72,10308.0,1.0,0.0,0.0
2016-02-03,14:12:00,36.7,36.72,36.64,36.645,9230.0,1.0,0.0,0.0
2016-02-03,14:15:00,36.66,36.69,36.6,36.65,15429.0,1.0,0.0,0.0
2016-02-03,14:18:00,36.66,36.67,36.6,36.64,21945.0,1.0,0.0,0.0
2016-02-03,14:21:00,36.64,36.67,36.605,36.65,18605.0,1.0,0.0,0.0
2016-02-03,14:24:00,36.66,36.79,36.64,36.79,27524.0,1.0,0.0,0.0
2016-02-03,14:27:00,36.78,36.95,36.7601,36.92,14239.0,1.0,0.0,0.0
2016-02-03,14:30:00,36.94,37.04,36.94,37.01,11035.0,1.0,0.0,0.0
2016-02-03,14:33:00,37.01,37.055,37.0,37.0093,8638.0,1.0,0.0,0.0
2016-02-03,14:36:00,37.0,37.03,36.98,37.0,23042.0,1.0,0.0,0.0
2016-02-03,14:39:00,36.97,36.97,36.78,36.88,24407.0,1.0,0.0,0.0
2016-02-03,14:42:00,36.89,36.89,36.77,36.84,10281.0,1.0,0.0,0.0
2016-02-03,14:45:00,36.84,36.96,36.83,36.91,17427.0,1.0,0.0,0.0
2016-02-03,14:48:00,36.91,36.97,36.87,36.97,10733.0,1.0,0.0,0.0
2016-02-03,14:51:00,36.98,37.01,36.86,36.89,12247.0,1.0,0.0,0.0
2016-02-03,14:54:00,36.88,36.96,36.84,36.89,12333.0,1.0,0.0,0.0
2016-02-03,14:57:00,36.89,37.03,36.89,37.01,15378.0,1.0,0.0,0.0
2016-02-03,15:00:00,37.01,37.16,37.0,37.07,22437.0,1.0,0.0,0.0
2016-02-03,15:03:00,37.06,37.16,37.05,37.09,13688.0,1.0,0.0,0.0
2016-02-03,15:06:00,37.1,37.13,37.07,37.13,13593.0,1.0,0.0,0.0
2016-02-03,15:09:00,37.14,37.32,37.13,37.28,18066.0,1.0,0.0,0.0
2016-02-03,15:12:00,37.28,37.39,37.28,37.39,8973.0,1.0,0.0,0.0
2016-02-03,15:15:00,37.38,37.39,37.31,37.32,37218.0,1.0,0.0,0.0
2016-02-03,15:18:00,37.31,37.3299,37.21,37.26,15773.0,1.0,0.0,0.0
2016-02-03,15:21:00,37.27,37.295,37.24,37.27,22076.0,1.0,0.0,0.0
2016-02-03,15:24:00,37.26,37.33,37.25,37.275,14666.0,1.0,0.0,0.0
2016-02-03,15:27:00,37.260999999999996,37.35,37.26,37.27,18458.0,1.0,0.0,0.0
2016-02-03,15:30:00,37.27,37.33,37.27,37.32,19083.0,1.0,0.0,0.0
2016-02-03,15:33:00,37.32,37.33,37.26,37.28,31376.0,1.0,0.0,0.0
2016-02-03,15:36:00,37.26,37.3,37.22,37.22,28417.0,1.0,0.0,0.0
2016-02-03,15:39:00,37.23,37.26,37.18,37.2,30233.0,1.0,0.0,0.0
2016-02-03,15:42:00,37.19,37.29,37.17,37.29,27002.0,1.0,0.0,0.0
2016-02-03,15:45:00,37.3,37.32,37.27,37.29,50611.0,1.0,0.0,0.0
2016-02-03,15:48:00,37.29,37.295,37.22,37.26,41378.0,1.0,0.0,0.0
2016-02-03,15:51:00,37.27,37.35,37.25,37.31,53286.0,1.0,0.0,0.0
2016-02-03,15:54:00,37.31,37.33,37.29,37.3,31773.0,1.0,0.0,0.0
2016-02-03,15:57:00,37.29,37.38,37.29,37.35,59927.0,1.0,0.0,0.0
2016-02-04,09:30:00,37.35,37.36,37.13,37.32,72145.0,1.0,0.0,0.0
2016-02-04,09:33:00,37.33,37.58,37.18,37.58,5885.0,1.0,0.0,0.0
2016-02-04,09:36:00,37.62,37.81,37.52,37.76,12258.0,1.0,0.0,0.0
2016-02-04,09:39:00,37.76,37.83,37.61,37.795,14275.0,1.0,0.0,0.0
2016-02-04,09:42:00,37.83,37.85,37.56,37.61,19501.0,1.0,0.0,0.0
2016-02-04,09:45:00,37.585,37.68,37.41,37.6,19657.0,1.0,0.0,0.0
2016-02-04,09:48:00,37.59,37.83,37.57,37.83,9321.0,1.0,0.0,0.0
2016-02-04,09:51:00,37.81,37.85,37.76,37.77,7528.0,1.0,0.0,0.0
2016-02-04,09:54:00,37.785,37.96,37.76,37.96,17287.0,1.0,0.0,0.0
2016-02-04,09:57:00,37.96,37.99,37.88,37.88,8474.0,1.0,0.0,0.0
2016-02-04,10:00:00,37.91,38.09,37.89,37.92,11814.0,1.0,0.0,0.0
2016-02-04,10:03:00,37.91,37.91,37.74,37.75,10752.0,1.0,0.0,0.0
2016-02-04,10:06:00,37.78,38.07,37.78,38.0,10624.0,1.0,0.0,0.0
2016-02-04,10:09:00,38.0,38.09,37.94,38.01,14107.0,1.0,0.0,0.0
2016-02-04,10:12:00,38.0,38.05,37.87,38.05,15984.0,1.0,0.0,0.0
2016-02-04,10:15:00,38.07,38.17,38.02,38.16,10827.0,1.0,0.0,0.0
2016-02-04,10:18:00,38.15,38.23,38.13,38.2,7128.0,1.0,0.0,0.0
2016-02-04,10:21:00,38.21,38.25,38.11,38.16,10349.0,1.0,0.0,0.0
2016-02-04,10:24:00,38.14,38.2,38.12,38.15,11374.0,1.0,0.0,0.0
2016-02-04,10:27:00,38.135,38.27,38.11,38.17,12088.0,1.0,0.0,0.0
2016-02-04,10:30:00,38.17,38.18,37.995,38.01,8654.0,1.0,0.0,0.0
2016-02-04,10:33:00,38.01,38.13,37.96,38.13,7549.0,1.0,0.0,0.0
2016-02-04,10:36:00,38.1,38.18,38.03,38.06,6576.0,1.0,0.0,0.0
2016-02-04,10:39:00,38.05,38.09,38.0,38.0,12461.0,1.0,0.0,0.0
2016-02-04,10:42:00,38.02,38.03,37.94,37.96,10167.0,1.0,0.0,0.0
2016-02-04,10:45:00,37.95,37.96,37.85,37.87,7773.0,1.0,0.0,0.0
2016-02-04,10:48:00,37.86,37.91,37.84,37.91,6857.0,1.0,0.0,0.0
2016-02-04,10:51:00,37.92,38.0099,37.92,37.97,4664.0,1.0,0.0,0.0
2016-02-04,10:54:00,37.96,37.97,37.895,37.96,9271.0,1.0,0.0,0.0
2016-02-04,10:57:00,37.96,37.96,37.79,37.79,10808.0,1.0,0.0,0.0
2016-02-04,11:00:00,37.8,37.97,37.8,37.92,10361.0,1.0,0.0,0.0
2016-02-04,11:03:00,37.93,38.03,37.88,37.94,9110.0,1.0,0.0,0.0
2016-02-04,11:06:00,37.93,37.95,37.79,37.84,9862.0,1.0,0.0,0.0
2016-02-04,11:09:00,37.84,37.85,37.7701,37.79,9729.0,1.0,0.0,0.0
2016-02-04,11:12:00,37.78,37.82,37.75,37.8,8236.0,1.0,0.0,0.0
2016-02-04,11:15:00,37.8,37.8,37.72,37.76,11643.0,1.0,0.0,0.0
2016-02-04,11:18:00,37.73,37.74,37.56,37.57,7434.0,1.0,0.0,0.0
2016-02-04,11:21:00,37.55,37.5508,37.46,37.5,9384.0,1.0,0.0,0.0
2016-02-04,11:24:00,37.49,37.5,37.44,37.48,5921.0,1.0,0.0,0.0
2016-02-04,11:27:00,37.46,37.5,37.44,37.47,8965.0,1.0,0.0,0.0
2016-02-04,11:30:00,37.45,37.49,37.39,37.405,15017.0,1.0,0.0,0.0
2016-02-04,11:33:00,37.39,37.46,37.39,37.44,15042.0,1.0,0.0,0.0
2016-02-04,11:36:00,37.43,37.525,37.41,37.44,11219.0,1.0,0.0,0.0
2016-02-04,11:39:00,37.43,37.47,37.4,37.47,18047.0,1.0,0.0,0.0
2016-02-04,11:42:00,37.47,37.57,37.43,37.43,7766.0,1.0,0.0,0.0
2016-02-04,11:45:00,37.41,37.41,37.35,37.35,15454.0,1.0,0.0,0.0
2016-02-04,11:48:00,37.37,37.41,37.26,37.39,28927.0,1.0,0.0,0.0
2016-02-04,11:51:00,37.4,37.52,37.3901,37.51,6663.0,1.0,0.0,0.0
2016-02-04,11:54:00,37.53,37.57,37.49,37.55,10060.0,1.0,0.0,0.0
2016-02-04,11:57:00,37.55,37.67,37.48,37.62,10191.0,1.0,0.0,0.0
2016-02-04,12:00:00,37.61,37.65,37.51,37.51,9686.0,1.0,0.0,0.0
2016-02-04,12:03:00,37.48,37.64,37.47,37.63,7922.0,1.0,0.0,0.0
2016-02-04,12:06:00,37.64,37.64,37.53,37.54,7445.0,1.0,0.0,0.0
2016-02-04,12:09:00,37.545,37.73,37.545,37.67,6533.0,1.0,0.0,0.0
2016-02-04,12:12:00,37.67,37.75,37.67,37.75,6579.0,1.0,0.0,0.0
2016-02-04,12:15:00,37.73,37.75,37.58,37.58,4985.0,1.0,0.0,0.0
2016-02-04,12:18:00,37.56,37.6101,37.55,37.6101,7183.0,1.0,0.0,0.0
2016-02-04,12:21:00,37.64,37.64,37.56,37.56,6046.0,1.0,0.0,0.0
2016-02-04,12:24:00,37.55,37.58,37.47,37.47,6472.0,1.0,0.0,0.0
2016-02-04,12:27:00,37.47,37.5,37.44,37.45,4175.0,1.0,0.0,0.0
2016-02-04,12:30:00,37.46,37.48,37.4,37.43,3062.0,1.0,0.0,0.0
2016-02-04,12:33:00,37.44,37.44,37.35,37.39,7694.0,1.0,0.0,0.0
2016-02-04,12:36:00,37.38,37.51,37.38,37.51,8791.0,1.0,0.0,0.0
2016-02-04,12:39:00,37.5099,37.56,37.49,37.52,4974.0,1.0,0.0,0.0
2016-02-04,12:42:00,37.52,37.61,37.52,37.57,47076.0,1.0,0.0,0.0
2016-02-04,12:45:00,37.58,37.59,37.49,37.56,7674.0,1.0,0.0,0.0
2016-02-04,12:48:00,37.55,37.58,37.4701,37.54,9905.0,1.0,0.0,0.0
2016-02-04,12:51:00,37.55,37.6,37.52,37.52,7004.0,1.0,0.0,0.0
2016-02-04,12:54:00,37.52,37.58,37.46,37.5,9282.0,1.0,0.0,0.0
2016-02-04,12:57:00,37.5027,37.53,37.45,37.47,6826.0,1.0,0.0,0.0
2016-02-04,13:00:00,37.46,37.51,37.39,37.47,9201.0,1.0,0.0,0.0
2016-02-04,13:03:00,37.49,37.49,37.38,37.47,11639.0,1.0,0.0,0.0
2016-02-04,13:06:00,37.46,37.47,37.41,37.44,10238.0,1.0,0.0,0.0
2016-02-04,13:09:00,37.43,37.47,37.41,37.46,9434.0,1.0,0.0,0.0
2016-02-04,13:12:00,37.45,37.52,37.45,37.52,6991.0,1.0,0.0,0.0
2016-02-04,13:15:00,37.525,37.58,37.48,37.52,22226.0,1.0,0.0,0.0
2016-02-04,13:18:00,37.54,37.59,37.53,37.53,8661.0,1.0,0.0,0.0
2016-02-04,13:21:00,37.53,37.55,37.45,37.5,14757.0,1.0,0.0,0.0
2016-02-04,13:24:00,37.49,37.49,37.37,37.41,7015.0,1.0,0.0,0.0
2016-02-04,13:27:00,37.39,37.44,37.385,37.42,6454.0,1.0,0.0,0.0
2016-02-04,13:30:00,37.416,37.46,37.395,37.46,9462.0,1.0,0.0,0.0
2016-02-04,13:33:00,37.45,37.47,37.41,37.455,7139.0,1.0,0.0,0.0
2016-02-04,13:36:00,37.45,37.51,37.41,37.48,9429.0,1.0,0.0,0.0
2016-02-04,13:39:00,37.47,37.48,37.3625,37.39,5179.0,1.0,0.0,0.0
2016-02-04,13:42:00,37.4,37.4,37.31,37.38,9782.0,1.0,0.0,0.0
2016-02-04,13:45:00,37.38,37.39,37.34,37.37,7467.0,1.0,0.0,0.0
2016-02-04,13:48:00,37.355,37.37,37.31,37.36,13296.0,1.0,0.0,0.0
2016-02-04,13:51:00,37.35,37.35,37.27,37.27,8158.0,1.0,0.0,0.0
2016-02-04,13:54:00,37.27,37.28,37.23,37.24,7462.0,1.0,0.0,0.0
2016-02-04,13:57:00,37.24,37.28,37.19,37.23,15098.0,1.0,0.0,0.0
2016-02-04,14:00:00,37.23,37.27,37.21,37.21,11284.0,1.0,0.0,0.0
2016-02-04,14:03:00,37.2,37.21,37.15,37.17,10858.0,1.0,0.0,0.0
2016-02-04,14:06:00,37.16,37.19,37.12,37.155,10285.0,1.0,0.0,0.0
2016-02-04,14:09:00,37.17,37.18,37.1,37.13,12127.0,1.0,0.0,0.0
2016-02-04,14:12:00,37.14,37.23,37.11,37.215,14359.0,1.0,0.0,0.0
2016-02-04,14:15:00,37.22,37.29,37.22,37.27,9829.0,1.0,0.0,0.0
2016-02-04,14:18:00,37.265,37.31,37.26,37.29,13010.0,1.0,0.0,0.0
2016-02-04,14:21:00,37.29,37.32,37.245,37.27,17514.0,1.0,0.0,0.0
2016-02-04,14:24:00,37.29,37.35,37.27,37.34,17091.0,1.0,0.0,0.0
2016-02-04,14:27:00,37.35,37.39,37.33,37.345,9470.0,1.0,0.0,0.0
2016-02-04,14:30:00,37.35,37.36,37.27,37.3,18045.0,1.0,0.0,0.0
2016-02-04,14:33:00,37.31,37.34,37.31,37.34,9161.0,1.0,0.0,0.0
2016-02-04,14:36:00,37.35,37.39,37.315,37.36,13910.0,1.0,0.0,0.0
2016-02-04,14:39:00,37.36,37.37,37.235,37.27,9511.0,1.0,0.0,0.0
2016-02-04,14:42:00,37.26,37.3,37.22,37.22,6866.0,1.0,0.0,0.0
2016-02-04,14:45:00,37.21,37.26,37.19,37.205,6561.0,1.0,0.0,0.0
2016-02-04,14:48:00,37.2,37.28,37.18,37.26,27356.0,1.0,0.0,0.0
2016-02-04,14:51:00,37.26,37.29,37.25,37.275,10322.0,1.0,0.0,0.0
2016-02-04,14:54:00,37.28,37.28,37.18,37.18,11051.0,1.0,0.0,0.0
2016-02-04,14:57:00,37.17,37.28,37.17,37.25,10905.0,1.0,0.0,0.0
2016-02-04,15:00:00,37.27,37.27,37.22,37.22,14823.0,1.0,0.0,0.0
2016-02-04,15:03:00,37.215,37.4,37.21,37.37,37631.0,1.0,0.0,0.0
2016-02-04,15:06:00,37.37,37.37,37.26,37.27,16698.0,1.0,0.0,0.0
2016-02-04,15:09:00,37.27,37.34,37.25,37.34,22859.0,1.0,0.0,0.0
2016-02-04,15:12:00,37.328,37.3833,37.295,37.3833,25203.0,1.0,0.0,0.0
2016-02-04,15:15:00,37.385,37.46,37.36,37.445,21146.0,1.0,0.0,0.0
2016-02-04,15:18:00,37.44,37.54,37.42,37.51,28984.0,1.0,0.0,0.0
2016-02-04,15:21:00,37.51,37.54,37.46,37.52,19176.0,1.0,0.0,0.0
2016-02-04,15:24:00,37.53,37.55,37.5,37.53,10409.0,1.0,0.0,0.0
2016-02-04,15:27:00,37.53,37.535,37.45,37.5,11203.0,1.0,0.0,0.0
2016-02-04,15:30:00,37.49,37.5,37.43,37.46,12747.0,1.0,0.0,0.0
2016-02-04,15:33:00,37.46,37.5,37.4,37.44,25428.0,1.0,0.0,0.0
2016-02-04,15:36:00,37.43,37.43,37.39,37.4,17512.0,1.0,0.0,0.0
2016-02-04,15:39:00,37.41,37.47,37.4,37.46,18734.0,1.0,0.0,0.0
2016-02-04,15:42:00,37.46,37.51,37.44,37.49,29704.0,1.0,0.0,0.0
2016-02-04,15:45:00,37.5,37.51,37.45,37.46,28264.0,1.0,0.0,0.0
2016-02-04,15:48:00,37.46,37.48,37.43,37.46,29313.0,1.0,0.0,0.0
2016-02-04,15:51:00,37.455,37.47,37.43,37.44,31705.0,1.0,0.0,0.0
2016-02-04,15:54:00,37.44,37.47,37.42,37.47,31347.0,1.0,0.0,0.0
2016-02-04,15:57:00,37.47,37.485,37.4,37.405,101716.0,1.0,0.0,0.0
2016-02-05,09:30:00,37.41,37.41,36.97,37.07,74619.0,1.0,0.0,0.0
2016-02-05,09:33:00,37.07,37.17,37.05,37.16,1073.0,1.0,0.0,0.0
2016-02-05,09:36:00,37.11,37.18,36.94,36.96,25185.0,1.0,0.0,0.0
2016-02-05,09:39:00,36.95,37.09,36.95,37.04,3939.0,1.0,0.0,0.0
2016-02-05,09:42:00,37.13,37.35,37.11,37.28,8923.0,1.0,0.0,0.0
2016-02-05,09:45:00,37.26,37.39,37.22,37.33,8422.0,1.0,0.0,0.0
2016-02-05,09:48:00,37.3,37.3,37.21,37.24,14139.0,1.0,0.0,0.0
2016-02-05,09:51:00,37.24,37.38,37.24,37.38,7199.0,1.0,0.0,0.0
2016-02-05,09:54:00,37.39,37.59,37.39,37.55,6561.0,1.0,0.0,0.0
2016-02-05,09:57:00,37.55,37.76,37.53,37.73,6579.0,1.0,0.0,0.0
2016-02-05,10:00:00,37.74,37.78,37.63,37.73,5843.0,1.0,0.0,0.0
2016-02-05,10:03:00,37.75,37.84,37.7,37.84,12516.0,1.0,0.0,0.0
2016-02-05,10:06:00,37.88,37.96,37.85,37.93,8737.0,1.0,0.0,0.0
2016-02-05,10:09:00,37.96,37.98,37.76,37.78,15376.0,1.0,0.0,0.0
2016-02-05,10:12:00,37.79,37.82,37.78,37.79,9006.0,1.0,0.0,0.0
2016-02-05,10:15:00,37.81,37.82,37.61,37.62,10939.0,1.0,0.0,0.0
2016-02-05,10:18:00,37.61,37.68,37.6,37.65,5086.0,1.0,0.0,0.0
2016-02-05,10:21:00,37.67,37.68,37.59,37.65,2574.0,1.0,0.0,0.0
2016-02-05,10:24:00,37.67,37.67,37.44,37.44,6156.0,1.0,0.0,0.0
2016-02-05,10:27:00,37.45,37.47,37.38,37.38,2933.0,1.0,0.0,0.0
2016-02-05,10:30:00,37.35,37.38,37.3,37.31,9702.0,1.0,0.0,0.0
2016-02-05,10:33:00,37.31,37.46,37.3,37.43,13546.0,1.0,0.0,0.0
2016-02-05,10:36:00,37.48,37.56,37.44,37.54,6407.0,1.0,0.0,0.0
2016-02-05,10:39:00,37.54,37.54,37.43,37.47,8200.0,1.0,0.0,0.0
2016-02-05,10:42:00,37.47,37.48,37.41,37.46,9038.0,1.0,0.0,0.0
2016-02-05,10:45:00,37.47,37.51,37.37,37.37,16333.0,1.0,0.0,0.0
2016-02-05,10:48:00,37.38,37.43,37.35,37.38,9841.0,1.0,0.0,0.0
2016-02-05,10:51:00,37.36,37.38,37.3,37.34,16705.0,1.0,0.0,0.0
2016-02-05,10:54:00,37.33,37.42,37.31,37.4,12315.0,1.0,0.0,0.0
2016-02-05,10:57:00,37.39,37.4554,37.39,37.41,6357.0,1.0,0.0,0.0
2016-02-05,11:00:00,37.38,37.41,37.25,37.32,16997.0,1.0,0.0,0.0
2016-02-05,11:03:00,37.33,37.33,37.24,37.24,7215.0,1.0,0.0,0.0
2016-02-05,11:06:00,37.23,37.23,37.16,37.2,14080.0,1.0,0.0,0.0
2016-02-05,11:09:00,37.19,37.22,37.18,37.1901,2409.0,1.0,0.0,0.0
2016-02-05,11:12:00,37.1901,37.29,37.16,37.29,12484.0,1.0,0.0,0.0
2016-02-05,11:15:00,37.28,37.28,37.17,37.23,7355.0,1.0,0.0,0.0
2016-02-05,11:18:00,37.21,37.23,37.13,37.135,28164.0,1.0,0.0,0.0
2016-02-05,11:21:00,37.14,37.23,37.14,37.225,12407.0,1.0,0.0,0.0
2016-02-05,11:24:00,37.22,37.24,37.06,37.09,9091.0,1.0,0.0,0.0
2016-02-05,11:27:00,37.08,37.08,36.9502,36.99,10586.0,1.0,0.0,0.0
2016-02-05,11:30:00,37.01,37.08,37.0,37.07,5307.0,1.0,0.0,0.0
2016-02-05,11:33:00,37.07,37.13,37.07,37.1025,7218.0,1.0,0.0,0.0
2016-02-05,11:36:00,37.11,37.19,37.09,37.16,6078.0,1.0,0.0,0.0
2016-02-05,11:39:00,37.18,37.23,37.16,37.22,4305.0,1.0,0.0,0.0
2016-02-05,11:42:00,37.22,37.34,37.22,37.29,10782.0,1.0,0.0,0.0
2016-02-05,11:45:00,37.28,37.33,37.27,37.33,7014.0,1.0,0.0,0.0
2016-02-05,11:48:00,37.32,37.4,37.31,37.39,11651.0,1.0,0.0,0.0
2016-02-05,11:51:00,37.4,37.43,37.33,37.34,8070.0,1.0,0.0,0.0
2016-02-05,11:54:00,37.33,37.37,37.29,37.37,5529.0,1.0,0.0,0.0
2016-02-05,11:57:00,37.35,37.36,37.26,37.27,5938.0,1.0,0.0,0.0
2016-02-05,12:00:00,37.27,37.33,37.26,37.33,3847.0,1.0,0.0,0.0
2016-02-05,12:03:00,37.34,37.36,37.26,37.26,6685.0,1.0,0.0,0.0
2016-02-05,12:06:00,37.25,37.32,37.24,37.29,15302.0,1.0,0.0,0.0
2016-02-05,12:09:00,37.28,37.3525,37.27,37.35,11611.0,1.0,0.0,0.0
2016-02-05,12:12:00,37.35,37.37,37.29,37.32,11833.0,1.0,0.0,0.0
2016-02-05,12:15:00,37.31,37.33,37.27,37.27,4896.0,1.0,0.0,0.0
2016-02-05,12:18:00,37.27,37.32,37.25,37.32,9303.0,1.0,0.0,0.0
2016-02-05,12:21:00,37.33,37.36,37.28,37.2801,9220.0,1.0,0.0,0.0
2016-02-05,12:24:00,37.3,37.31,37.28,37.31,4092.0,1.0,0.0,0.0
2016-02-05,12:27:00,37.29,37.319,37.28,37.31,3542.0,1.0,0.0,0.0
2016-02-05,12:30:00,37.3,37.31,37.27,37.31,5966.0,1.0,0.0,0.0
2016-02-05,12:33:00,37.3,37.37,37.27,37.3599,7792.0,1.0,0.0,0.0
2016-02-05,12:36:00,37.34,37.39,37.33,37.37,6473.0,1.0,0.0,0.0
2016-02-05,12:39:00,37.38,37.43,37.375,37.41,5979.0,1.0,0.0,0.0
2016-02-05,12:42:00,37.42,37.42,37.35,37.35,5295.0,1.0,0.0,0.0
2016-02-05,12:45:00,37.35,37.35,37.32,37.34,6275.0,1.0,0.0,0.0
2016-02-05,12:48:00,37.34,37.35,37.33,37.335,4730.0,1.0,0.0,0.0
2016-02-05,12:51:00,37.34,37.35,37.29,37.35,10189.0,1.0,0.0,0.0
2016-02-05,12:54:00,37.35,37.35,37.295,37.315,11282.0,1.0,0.0,0.0
2016-02-05,12:57:00,37.32,37.34,37.27,37.29,13188.0,1.0,0.0,0.0
2016-02-05,13:00:00,37.28,37.31,37.27,37.31,2417.0,1.0,0.0,0.0
2016-02-05,13:03:00,37.3,37.39,37.275,37.37,9447.0,1.0,0.0,0.0
2016-02-05,13:06:00,37.39,37.4,37.38,37.39,3152.0,1.0,0.0,0.0
2016-02-05,13:09:00,37.41,37.43,37.39,37.41,3942.0,1.0,0.0,0.0
2016-02-05,13:12:00,37.41,37.41,37.37,37.39,6451.0,1.0,0.0,0.0
2016-02-05,13:15:00,37.37,37.37,37.3,37.33,10541.0,1.0,0.0,0.0
2016-02-05,13:18:00,37.34,37.36,37.34,37.34,3223.0,1.0,0.0,0.0
2016-02-05,13:21:00,37.34,37.35,37.31,37.31,4904.0,1.0,0.0,0.0
2016-02-05,13:24:00,37.315,37.37,37.31,37.36,7785.0,1.0,0.0,0.0
2016-02-05,13:27:00,37.36,37.4,37.35,37.39,3444.0,1.0,0.0,0.0
2016-02-05,13:30:00,37.39,37.39,37.34,37.34,4178.0,1.0,0.0,0.0
2016-02-05,13:33:00,37.33,37.35,37.29,37.35,4802.0,1.0,0.0,0.0
2016-02-05,13:36:00,37.35,37.35,37.25,37.26,6491.0,1.0,0.0,0.0
2016-02-05,13:39:00,37.26,37.27,37.23,37.23,6965.0,1.0,0.0,0.0
2016-02-05,13:42:00,37.24,37.25,37.2,37.2,5728.0,1.0,0.0,0.0
2016-02-05,13:45:00,37.21,37.22,37.16,37.18,10780.0,1.0,0.0,0.0
2016-02-05,13:48:00,37.17,37.17,37.04,37.04,13974.0,1.0,0.0,0.0
2016-02-05,13:51:00,37.04,37.05,37.01,37.03,4929.0,1.0,0.0,0.0
2016-02-05,13:54:00,37.04,37.06,37.02,37.05,4361.0,1.0,0.0,0.0
2016-02-05,13:57:00,37.04,37.09,37.04,37.09,7108.0,1.0,0.0,0.0
2016-02-05,14:00:00,37.08,37.12,37.075,37.115,7413.0,1.0,0.0,0.0
2016-02-05,14:03:00,37.12,37.12,37.04,37.045,6526.0,1.0,0.0,0.0
2016-02-05,14:06:00,37.04,37.1,37.04,37.05,5458.0,1.0,0.0,0.0
2016-02-05,14:09:00,37.04,37.08,37.03,37.07,7582.0,1.0,0.0,0.0
2016-02-05,14:12:00,37.07,37.07,36.97,36.98,7891.0,1.0,0.0,0.0
2016-02-05,14:15:00,36.973,36.98,36.93,36.93,6502.0,1.0,0.0,0.0
2016-02-05,14:18:00,36.93,36.97,36.93,36.97,13595.0,1.0,0.0,0.0
2016-02-05,14:21:00,36.97,36.99,36.96,36.98,10074.0,1.0,0.0,0.0
2016-02-05,14:24:00,36.98,37.04,36.98,37.03,6689.0,1.0,0.0,0.0
2016-02-05,14:27:00,37.03,37.04,36.975,37.0,10684.0,1.0,0.0,0.0
2016-02-05,14:30:00,37.01,37.01,36.94,36.94,17078.0,1.0,0.0,0.0
2016-02-05,14:33:00,36.945,36.98,36.93,36.98,23397.0,1.0,0.0,0.0
2016-02-05,14:36:00,36.98,37.0,36.95,36.95,22290.0,1.0,0.0,0.0
2016-02-05,14:39:00,36.96,37.005,36.955,36.99,25320.0,1.0,0.0,0.0
2016-02-05,14:42:00,36.9999,37.01,36.98,36.99,12376.0,1.0,0.0,0.0
2016-02-05,14:45:00,36.99,37.03,36.98,37.01,13664.0,1.0,0.0,0.0
2016-02-05,14:48:00,37.0172,37.06,37.01,37.05,8707.0,1.0,0.0,0.0
2016-02-05,14:51:00,37.05,37.07,37.0,37.0,10643.0,1.0,0.0,0.0
2016-02-05,14:54:00,37.0,37.03,36.99,37.01,10348.0,1.0,0.0,0.0
2016-02-05,14:57:00,37.01,37.06,36.995,37.0,9217.0,1.0,0.0,0.0
2016-02-05,15:00:00,37.0,37.02,36.99,36.99,7733.0,1.0,0.0,0.0
2016-02-05,15:03:00,36.98,36.98,36.935,36.95,26762.0,1.0,0.0,0.0
2016-02-05,15:06:00,36.96,37.0,36.945,36.945,24934.0,1.0,0.0,0.0
2016-02-05,15:09:00,36.94,36.95,36.885,36.91,12958.0,1.0,0.0,0.0
2016-02-05,15:12:00,36.92,36.92,36.875,36.875,10198.0,1.0,0.0,0.0
2016-02-05,15:15:00,36.88,36.88,36.82,36.85,11944.0,1.0,0.0,0.0
2016-02-05,15:18:00,36.8501,36.92,36.82,36.92,12300.0,1.0,0.0,0.0
2016-02-05,15:21:00,36.93,36.95,36.92,36.94,10533.0,1.0,0.0,0.0
2016-02-05,15:24:00,36.95,36.98,36.93,36.94,9567.0,1.0,0.0,0.0
2016-02-05,15:27:00,36.93,36.93,36.875,36.91,15686.0,1.0,0.0,0.0
2016-02-05,15:30:00,36.92,36.95,36.91,36.92,15725.0,1.0,0.0,0.0
2016-02-05,15:33:00,36.92,36.97,36.9,36.96,25949.0,1.0,0.0,0.0
2016-02-05,15:36:00,36.96,37.0,36.9,36.92,22582.0,1.0,0.0,0.0
2016-02-05,15:39:00,36.915,36.97,36.9,36.935,25645.0,1.0,0.0,0.0
2016-02-05,15:42:00,36.93,37.02,36.9,37.01,27985.0,1.0,0.0,0.0
2016-02-05,15:45:00,37.01,37.05,36.98,37.049,30642.0,1.0,0.0,0.0
2016-02-05,15:48:00,37.05,37.06,37.02,37.04,27131.0,1.0,0.0,0.0
2016-02-05,15:51:00,37.04,37.04,36.96,36.98,41148.0,1.0,0.0,0.0
2016-02-05,15:54:00,36.985,37.01,36.96,36.975,39814.0,1.0,0.0,0.0
2016-02-05,15:57:00,36.975,37.05,36.96,37.03,94493.0,1.0,0.0,0.0
2016-02-08,09:30:00,37.03,37.05,36.34,36.34,80832.0,1.0,0.0,0.0
2016-02-08,09:33:00,36.34,36.5,36.34,36.49,951.0,1.0,0.0,0.0
2016-02-08,09:36:00,36.49,36.49,36.34,36.42,12781.0,1.0,0.0,0.0
2016-02-08,09:40:00,36.395,36.525,36.355,36.46,918.0,1.0,0.0,0.0
2016-02-08,09:43:00,36.49,36.6,36.49,36.59,4110.0,1.0,0.0,0.0
2016-02-08,09:46:00,36.56,36.616,36.45,36.45,3239.0,1.0,0.0,0.0
2016-02-08,09:49:00,36.42,36.44,36.34,36.38,4828.0,1.0,0.0,0.0
2016-02-08,09:52:00,36.35,36.36,36.15,36.23,7852.0,1.0,0.0,0.0
2016-02-08,09:55:00,36.225,36.25,36.14,36.25,7265.0,1.0,0.0,0.0
2016-02-08,09:58:00,36.26,36.33,36.2,36.24,3721.0,1.0,0.0,0.0
2016-02-08,10:01:00,36.23,36.31,36.21,36.26,5108.0,1.0,0.0,0.0
2016-02-08,10:04:00,36.28,36.35,36.23,36.35,1910.0,1.0,0.0,0.0
2016-02-08,10:07:00,36.35,36.37,36.19,36.19,7709.0,1.0,0.0,0.0
2016-02-08,10:10:00,36.17,36.1749,35.96,35.99,10192.0,1.0,0.0,0.0
2016-02-08,10:13:00,36.0,36.1,36.0,36.0,7391.0,1.0,0.0,0.0
2016-02-08,10:16:00,35.98,36.09,35.98,36.04,4015.0,1.0,0.0,0.0
2016-02-08,10:19:00,36.0,36.0,35.89,35.9,4391.0,1.0,0.0,0.0
2016-02-08,10:22:00,35.9,35.9,35.84,35.9,4478.0,1.0,0.0,0.0
2016-02-08,10:25:00,35.93,36.07,35.93,36.07,3969.0,1.0,0.0,0.0
2016-02-08,10:28:00,36.04,36.04,35.94,35.96,6238.0,1.0,0.0,0.0
2016-02-08,10:31:00,35.99,36.03,35.91,35.92,6023.0,1.0,0.0,0.0
2016-02-08,10:34:00,35.93,36.07,35.93,35.99,6472.0,1.0,0.0,0.0
2016-02-08,10:37:00,35.97,35.98,35.85,35.85,8487.0,1.0,0.0,0.0
2016-02-08,10:40:00,35.88,35.92,35.83,35.83,6009.0,1.0,0.0,0.0
2016-02-08,10:43:00,35.81,35.81,35.75,35.77,4177.0,1.0,0.0,0.0
2016-02-08,10:46:00,35.75,35.82,35.71,35.72,11183.0,1.0,0.0,0.0
2016-02-08,10:49:00,35.73,35.81,35.69,35.69,7418.0,1.0,0.0,0.0
2016-02-08,10:52:00,35.71,35.73,35.6185,35.65,7582.0,1.0,0.0,0.0
2016-02-08,10:55:00,35.64,35.71,35.62,35.62,5358.0,1.0,0.0,0.0
2016-02-08,10:58:00,35.62,35.65,35.61,35.61,7763.0,1.0,0.0,0.0
2016-02-08,11:01:00,35.61,35.66,35.57,35.57,9142.0,1.0,0.0,0.0
2016-02-08,11:04:00,35.57,35.63,35.56,35.6,33718.0,1.0,0.0,0.0
2016-02-08,11:07:00,35.62,35.67,35.57,35.59,9638.0,1.0,0.0,0.0
2016-02-08,11:10:00,35.59,35.68,35.58,35.6701,13317.0,1.0,0.0,0.0
2016-02-08,11:13:00,35.68,35.68,35.56,35.57,34780.0,1.0,0.0,0.0
2016-02-08,11:16:00,35.55,35.59,35.53,35.56,7684.0,1.0,0.0,0.0
2016-02-08,11:19:00,35.57,35.65,35.57,35.63,6722.0,1.0,0.0,0.0
2016-02-08,11:22:00,35.63,35.69,35.63,35.69,4000.0,1.0,0.0,0.0
2016-02-08,11:25:00,35.69,35.75,35.69,35.73,5598.0,1.0,0.0,0.0
2016-02-08,11:28:00,35.74,35.755,35.7,35.75,6501.0,1.0,0.0,0.0
2016-02-08,11:31:00,35.76,35.79,35.69,35.71,7403.0,1.0,0.0,0.0
2016-02-08,11:34:00,35.72,35.82,35.72,35.77,5612.0,1.0,0.0,0.0
2016-02-08,11:37:00,35.7588,35.76,35.73,35.73,1962.0,1.0,0.0,0.0
2016-02-08,11:40:00,35.73,35.76,35.7,35.76,6066.0,1.0,0.0,0.0
2016-02-08,11:43:00,35.77,35.77,35.74,35.75,4445.0,1.0,0.0,0.0
2016-02-08,11:46:00,35.75,35.76,35.65,35.68,6562.0,1.0,0.0,0.0
2016-02-08,11:49:00,35.65,35.7,35.65,35.69,6350.0,1.0,0.0,0.0
2016-02-08,11:52:00,35.68,35.7,35.6301,35.69,4995.0,1.0,0.0,0.0
2016-02-08,11:55:00,35.7,35.7,35.63,35.67,5617.0,1.0,0.0,0.0
2016-02-08,11:58:00,35.69,35.75,35.67,35.74,3051.0,1.0,0.0,0.0
2016-02-08,12:01:00,35.74,35.79,35.74,35.78,6204.0,1.0,0.0,0.0
2016-02-08,12:04:00,35.79,35.79,35.74,35.74,7194.0,1.0,0.0,0.0
2016-02-08,12:07:00,35.72,35.72,35.67,35.69,4453.0,1.0,0.0,0.0
2016-02-08,12:10:00,35.69,35.71,35.69,35.71,2572.0,1.0,0.0,0.0
2016-02-08,12:13:00,35.69,35.72,35.65,35.66,5805.0,1.0,0.0,0.0
2016-02-08,12:16:00,35.66,35.71,35.66,35.69,4315.0,1.0,0.0,0.0
2016-02-08,12:19:00,35.69,35.73,35.644,35.7,5555.0,1.0,0.0,0.0
2016-02-08,12:22:00,35.68,35.7,35.68,35.7,1955.0,1.0,0.0,0.0
2016-02-08,12:25:00,35.69,35.74,35.65,35.74,6191.0,1.0,0.0,0.0
2016-02-08,12:28:00,35.74,35.75,35.73,35.7499,1427.0,1.0,0.0,0.0
2016-02-08,12:31:00,35.72,35.8,35.72,35.78,7200.0,1.0,0.0,0.0
2016-02-08,12:34:00,35.77,35.82,35.76,35.76,5118.0,1.0,0.0,0.0
2016-02-08,12:37:00,35.75,35.76,35.71,35.71,2823.0,1.0,0.0,0.0
2016-02-08,12:40:00,35.72,35.72,35.67,35.71,3660.0,1.0,0.0,0.0
2016-02-08,12:43:00,35.7094,35.72,35.68,35.68,2276.0,1.0,0.0,0.0
2016-02-08,12:46:00,35.68,35.7,35.64,35.66,12211.0,1.0,0.0,0.0
2016-02-08,12:49:00,35.66,35.67,35.59,35.6,5994.0,1.0,0.0,0.0
2016-02-08,12:52:00,35.62,35.65,35.61,35.6306,3822.0,1.0,0.0,0.0
2016-02-08,12:55:00,35.65,35.67,35.58,35.59,4752.0,1.0,0.0,0.0
2016-02-08,12:58:00,35.59,35.59,35.5502,35.56,5480.0,1.0,0.0,0.0
2016-02-08,13:01:00,35.55,35.57,35.54,35.55,6253.0,1.0,0.0,0.0
2016-02-08,13:04:00,35.55,35.56,35.51,35.52,13056.0,1.0,0.0,0.0
2016-02-08,13:07:00,35.51,35.51,35.49,35.5,6029.0,1.0,0.0,0.0
2016-02-08,13:10:00,35.5,35.5,35.42,35.42,5987.0,1.0,0.0,0.0
2016-02-08,13:13:00,35.42,35.42,35.36,35.37,2491.0,1.0,0.0,0.0
2016-02-08,13:16:00,35.37,35.4,35.35,35.4,5121.0,1.0,0.0,0.0
2016-02-08,13:19:00,35.39,35.39,35.32,35.33,7445.0,1.0,0.0,0.0
2016-02-08,13:22:00,35.33,35.33,35.29,35.29,2927.0,1.0,0.0,0.0
2016-02-08,13:25:00,35.29,35.31,35.27,35.29,7519.0,1.0,0.0,0.0
2016-02-08,13:28:00,35.29,35.3,35.25,35.3,5162.0,1.0,0.0,0.0
2016-02-08,13:31:00,35.29,35.31,35.27,35.31,3446.0,1.0,0.0,0.0
2016-02-08,13:34:00,35.31,35.32,35.3,35.3199,2474.0,1.0,0.0,0.0
2016-02-08,13:37:00,35.32,35.33,35.26,35.26,5113.0,1.0,0.0,0.0
2016-02-08,13:40:00,35.27,35.28,35.25,35.25,4351.0,1.0,0.0,0.0
2016-02-08,13:43:00,35.25,35.25,35.14,35.14,5004.0,1.0,0.0,0.0
2016-02-08,13:46:00,35.13,35.14,35.07,35.08,6195.0,1.0,0.0,0.0
2016-02-08,13:49:00,35.06,35.07,35.05,35.06,2957.0,1.0,0.0,0.0
2016-02-08,13:52:00,35.06,35.1,35.05,35.05,10489.0,1.0,0.0,0.0
2016-02-08,13:55:00,35.04,35.05,34.97,34.99,16323.0,1.0,0.0,0.0
2016-02-08,13:58:00,34.98,35.01,34.98,35.0,6025.0,1.0,0.0,0.0
2016-02-08,14:01:00,35.0,35.01,34.9799,35.0,12036.0,1.0,0.0,0.0
2016-02-08,14:04:00,35.0,35.09,35.0,35.09,5120.0,1.0,0.0,0.0
2016-02-08,14:07:00,35.08,35.08,35.05,35.06,5966.0,1.0,0.0,0.0
2016-02-08,14:10:00,35.05,35.06,35.04,35.05,5054.0,1.0,0.0,0.0
2016-02-08,14:13:00,35.04,35.0536,34.99,35.05,38886.0,1.0,0.0,0.0
2016-02-08,14:16:00,35.05,35.07,35.04,35.06,11582.0,1.0,0.0,0.0
2016-02-08,14:19:00,35.06,35.1,35.05,35.07,13274.0,1.0,0.0,0.0
2016-02-08,14:22:00,35.07,35.16,35.07,35.15,10195.0,1.0,0.0,0.0
2016-02-08,14:25:00,35.16,35.16,35.13,35.15,6989.0,1.0,0.0,0.0
2016-02-08,14:28:00,35.16,35.19,35.16,35.18,5352.0,1.0,0.0,0.0
2016-02-08,14:31:00,35.19,35.19,35.1455,35.1455,3292.0,1.0,0.0,0.0
2016-02-08,14:34:00,35.16,35.16,35.1,35.1316,3530.0,1.0,0.0,0.0
2016-02-08,14:37:00,35.13,35.18,35.126,35.16,5136.0,1.0,0.0,0.0
2016-02-08,14:40:00,35.16,35.1899,35.16,35.165,2555.0,1.0,0.0,0.0
2016-02-08,14:43:00,35.17,35.22,35.17,35.22,7930.0,1.0,0.0,0.0
2016-02-08,14:46:00,35.22,35.25,35.21,35.25,8769.0,1.0,0.0,0.0
2016-02-08,14:49:00,35.25,35.27,35.24,35.24,3047.0,1.0,0.0,0.0
2016-02-08,14:52:00,35.25,35.25,35.18,35.2099,3707.0,1.0,0.0,0.0
2016-02-08,14:55:00,35.2,35.23,35.18,35.21,5153.0,1.0,0.0,0.0
2016-02-08,14:58:00,35.2,35.2154,35.19,35.2,3493.0,1.0,0.0,0.0
2016-02-08,15:01:00,35.195,35.21,35.17,35.17,9760.0,1.0,0.0,0.0
2016-02-08,15:04:00,35.18,35.2,35.15,35.19,9168.0,1.0,0.0,0.0
2016-02-08,15:07:00,35.19,35.19,35.16,35.18,8592.0,1.0,0.0,0.0
2016-02-08,15:10:00,35.18,35.21,35.17,35.21,10452.0,1.0,0.0,0.0
2016-02-08,15:13:00,35.21,35.26,35.2,35.25,13578.0,1.0,0.0,0.0
2016-02-08,15:16:00,35.25,35.28,35.245,35.26,17910.0,1.0,0.0,0.0
2016-02-08,15:19:00,35.27,35.33,35.27,35.32,7839.0,1.0,0.0,0.0
2016-02-08,15:22:00,35.32,35.38,35.31,35.36,10084.0,1.0,0.0,0.0
2016-02-08,15:25:00,35.36,35.39,35.35,35.38,3683.0,1.0,0.0,0.0
2016-02-08,15:28:00,35.39,35.39,35.34,35.37,11116.0,1.0,0.0,0.0
2016-02-08,15:31:00,35.36,35.525,35.35,35.52,18536.0,1.0,0.0,0.0
2016-02-08,15:34:00,35.52,35.6,35.47,35.6,24102.0,1.0,0.0,0.0
2016-02-08,15:37:00,35.59,35.6,35.555,35.56,34895.0,1.0,0.0,0.0
2016-02-08,15:40:00,35.57,35.64,35.56,35.64,20271.0,1.0,0.0,0.0
2016-02-08,15:43:00,35.65,35.7,35.63,35.7,17064.0,1.0,0.0,0.0
2016-02-08,15:46:00,35.7,35.79,35.67,35.79,29482.0,1.0,0.0,0.0
2016-02-08,15:49:00,35.79,35.79,35.74,35.76,26863.0,1.0,0.0,0.0
2016-02-08,15:52:00,35.74,35.77,35.7,35.705,37801.0,1.0,0.0,0.0
2016-02-08,15:55:00,35.71,35.725,35.67,35.71,39495.0,1.0,0.0,0.0
2016-02-08,15:58:00,35.71,35.72,35.66,35.68,42439.0,1.0,0.0,0.0
2016-02-09,09:31:00,35.675,35.72,35.34,35.34,38568.0,1.0,0.0,0.0
2016-02-09,09:34:00,35.31,35.31,35.2,35.28,9006.0,1.0,0.0,0.0
2016-02-09,09:37:00,35.28,35.36,35.17,35.29,10418.0,1.0,0.0,0.0
2016-02-09,09:40:00,35.26,35.33,35.1,35.3,10138.0,1.0,0.0,0.0
2016-02-09,09:43:00,35.29,35.39,35.2651,35.39,2740.0,1.0,0.0,0.0
2016-02-09,09:46:00,35.43,35.57,35.43,35.57,4524.0,1.0,0.0,0.0
2016-02-09,09:49:00,35.57,35.67,35.56,35.6,9756.0,1.0,0.0,0.0
2016-02-09,09:52:00,35.61,35.61,35.48,35.52,4572.0,1.0,0.0,0.0
2016-02-09,09:55:00,35.53,35.62,35.47,35.5,9132.0,1.0,0.0,0.0
2016-02-09,09:58:00,35.46,35.51,35.4,35.45,5311.0,1.0,0.0,0.0
2016-02-09,10:01:00,35.48,35.64,35.48,35.63,8971.0,1.0,0.0,0.0
2016-02-09,10:04:00,35.65,35.69,35.57,35.68,10765.0,1.0,0.0,0.0
2016-02-09,10:07:00,35.68,35.7,35.49,35.5,6503.0,1.0,0.0,0.0
2016-02-09,10:10:00,35.51,35.61,35.43,35.43,4757.0,1.0,0.0,0.0
2016-02-09,10:13:00,35.45,35.58,35.42,35.58,19990.0,1.0,0.0,0.0
2016-02-09,10:16:00,35.58,35.615,35.37,35.39,7824.0,1.0,0.0,0.0
2016-02-09,10:19:00,35.39,35.46,35.38,35.43,3046.0,1.0,0.0,0.0
2016-02-09,10:22:00,35.43,35.5,35.405,35.5,4750.0,1.0,0.0,0.0
2016-02-09,10:25:00,35.51,35.6499,35.5,35.62,9027.0,1.0,0.0,0.0
2016-02-09,10:28:00,35.62,35.64,35.55,35.59,6796.0,1.0,0.0,0.0
2016-02-09,10:31:00,35.59,35.66,35.48,35.48,5663.0,1.0,0.0,0.0
2016-02-09,10:34:00,35.46,35.46,35.34,35.37,3766.0,1.0,0.0,0.0
2016-02-09,10:37:00,35.36,35.38,35.3,35.38,5090.0,1.0,0.0,0.0
2016-02-09,10:40:00,35.39,35.4399,35.36,35.38,3236.0,1.0,0.0,0.0
2016-02-09,10:43:00,35.37,35.37,35.25,35.28,9259.0,1.0,0.0,0.0
2016-02-09,10:46:00,35.27,35.34,35.23,35.33,9047.0,1.0,0.0,0.0
2016-02-09,10:49:00,35.33,35.43,35.33,35.36,3366.0,1.0,0.0,0.0
2016-02-09,10:52:00,35.36,35.38,35.23,35.25,1590.0,1.0,0.0,0.0
2016-02-09,10:55:00,35.26,35.27,35.21,35.26,11661.0,1.0,0.0,0.0
2016-02-09,10:58:00,35.27,35.31,35.24,35.24,5359.0,1.0,0.0,0.0
2016-02-09,11:01:00,35.22,35.35,35.22,35.35,5865.0,1.0,0.0,0.0
2016-02-09,11:04:00,35.32,35.32,35.21,35.23,4470.0,1.0,0.0,0.0
2016-02-09,11:07:00,35.25,35.3,35.25,35.26,3810.0,1.0,0.0,0.0
2016-02-09,11:10:00,35.26,35.36,35.23,35.36,7748.0,1.0,0.0,0.0
2016-02-09,11:13:00,35.36,35.5199,35.35,35.47,7277.0,1.0,0.0,0.0
2016-02-09,11:16:00,35.46,35.46,35.32,35.35,4424.0,1.0,0.0,0.0
2016-02-09,11:19:00,35.32,35.41,35.32,35.38,3702.0,1.0,0.0,0.0
2016-02-09,11:22:00,35.39,35.47,35.39,35.46,8202.0,1.0,0.0,0.0
2016-02-09,11:25:00,35.47,35.51,35.43,35.44,4353.0,1.0,0.0,0.0
2016-02-09,11:28:00,35.42,35.5139,35.39,35.5,16422.0,1.0,0.0,0.0
2016-02-09,11:31:00,35.48,35.53,35.46,35.51,6174.0,1.0,0.0,0.0
2016-02-09,11:34:00,35.47,35.47,35.4001,35.42,3118.0,1.0,0.0,0.0
2016-02-09,11:37:00,35.4299,35.4299,35.34,35.39,3301.0,1.0,0.0,0.0
2016-02-09,11:40:00,35.39,35.4,35.31,35.33,3200.0,1.0,0.0,0.0
2016-02-09,11:43:00,35.34,35.43,35.34,35.41,8010.0,1.0,0.0,0.0
2016-02-09,11:46:00,35.38,35.41,35.37,35.4,10272.0,1.0,0.0,0.0
2016-02-09,11:49:00,35.37,35.425,35.37,35.39,14259.0,1.0,0.0,0.0
2016-02-09,11:52:00,35.39,35.43,35.38,35.4,5649.0,1.0,0.0,0.0
2016-02-09,11:55:00,35.4,35.4025,35.32,35.38,30326.0,1.0,0.0,0.0
2016-02-09,11:58:00,35.38,35.4,35.37,35.37,1725.0,1.0,0.0,0.0
2016-02-09,12:01:00,35.37,35.44,35.37,35.43,9076.0,1.0,0.0,0.0
2016-02-09,12:04:00,35.44,35.44,35.34,35.38,5186.0,1.0,0.0,0.0
2016-02-09,12:07:00,35.36,35.36,35.3,35.33,2197.0,1.0,0.0,0.0
2016-02-09,12:10:00,35.3339,35.38,35.26,35.36,9988.0,1.0,0.0,0.0
2016-02-09,12:13:00,35.35,35.37,35.330999999999996,35.35,2910.0,1.0,0.0,0.0
2016-02-09,12:16:00,35.36,35.36,35.3,35.31,6328.0,1.0,0.0,0.0
2016-02-09,12:20:00,35.32,35.34,35.3,35.3,5557.0,1.0,0.0,0.0
2016-02-09,12:23:00,35.3,35.33,35.29,35.32,12593.0,1.0,0.0,0.0
2016-02-09,12:26:00,35.325,35.4,35.3,35.4,21511.0,1.0,0.0,0.0
2016-02-09,12:29:00,35.41,35.45,35.39,35.43,15314.0,1.0,0.0,0.0
2016-02-09,12:32:00,35.4,35.48,35.37,35.48,18884.0,1.0,0.0,0.0
2016-02-09,12:35:00,35.48,35.495,35.35,35.37,49094.0,1.0,0.0,0.0
2016-02-09,12:38:00,35.4,35.42,35.38,35.4,2775.0,1.0,0.0,0.0
2016-02-09,12:41:00,35.4,35.4,35.3,35.3,3106.0,1.0,0.0,0.0
2016-02-09,12:44:00,35.3,35.35,35.3,35.34,1680.0,1.0,0.0,0.0
2016-02-09,12:47:00,35.33,35.35,35.32,35.35,4503.0,1.0,0.0,0.0
2016-02-09,12:50:00,35.34,35.35,35.26,35.26,4080.0,1.0,0.0,0.0
2016-02-09,12:53:00,35.27,35.31,35.27,35.31,4572.0,1.0,0.0,0.0
2016-02-09,12:56:00,35.32,35.35,35.3,35.3,5287.0,1.0,0.0,0.0
2016-02-09,12:59:00,35.3,35.31,35.26,35.305,7262.0,1.0,0.0,0.0
2016-02-09,13:02:00,35.3,35.31,35.28,35.3,23058.0,1.0,0.0,0.0
2016-02-09,13:05:00,35.31,35.34,35.28,35.3101,14997.0,1.0,0.0,0.0
2016-02-09,13:08:00,35.32,35.34,35.295,35.34,7286.0,1.0,0.0,0.0
2016-02-09,13:11:00,35.32,35.32,35.285,35.3175,26971.0,1.0,0.0,0.0
2016-02-09,13:14:00,35.31,35.315,35.29,35.29,11835.0,1.0,0.0,0.0
2016-02-09,13:17:00,35.3,35.32,35.29,35.3,4619.0,1.0,0.0,0.0
2016-02-09,13:20:00,35.3,35.325,35.28,35.325,10101.0,1.0,0.0,0.0
2016-02-09,13:23:00,35.32,35.4,35.31,35.395,8799.0,1.0,0.0,0.0
2016-02-09,13:26:00,35.39,35.4,35.32,35.33,8878.0,1.0,0.0,0.0
2016-02-09,13:29:00,35.33,35.33,35.29,35.3,2087.0,1.0,0.0,0.0
2016-02-09,13:32:00,35.3,35.43,35.3,35.415,7147.0,1.0,0.0,0.0
2016-02-09,13:35:00,35.4066,35.43,35.33,35.36,10645.0,1.0,0.0,0.0
2016-02-09,13:38:00,35.36,35.36,35.31,35.31,10353.0,1.0,0.0,0.0
2016-02-09,13:41:00,35.31,35.3525,35.3,35.3525,5938.0,1.0,0.0,0.0
2016-02-09,13:44:00,35.36,35.4,35.33,35.4,5743.0,1.0,0.0,0.0
2016-02-09,13:47:00,35.4,35.41,35.37,35.41,5052.0,1.0,0.0,0.0
2016-02-09,13:50:00,35.4,35.4,35.32,35.3499,5786.0,1.0,0.0,0.0
2016-02-09,13:53:00,35.34,35.345,35.29,35.29,6060.0,1.0,0.0,0.0
2016-02-09,13:56:00,35.29,35.35,35.29,35.35,20781.0,1.0,0.0,0.0
2016-02-09,13:59:00,35.35,35.4,35.35,35.38,5178.0,1.0,0.0,0.0
2016-02-09,14:02:00,35.3642,35.42,35.36,35.41,5274.0,1.0,0.0,0.0
2016-02-09,14:05:00,35.4,35.45,35.4,35.445,5518.0,1.0,0.0,0.0
2016-02-09,14:08:00,35.45,35.56,35.45,35.53,15286.0,1.0,0.0,0.0
2016-02-09,14:11:00,35.54,35.56,35.52,35.52,3132.0,1.0,0.0,0.0
2016-02-09,14:14:00,35.53,35.55,35.48,35.4811,5921.0,1.0,0.0,0.0
2016-02-09,14:17:00,35.51,35.53,35.49,35.52,5764.0,1.0,0.0,0.0
2016-02-09,14:20:00,35.52,35.54,35.5,35.54,4480.0,1.0,0.0,0.0
2016-02-09,14:23:00,35.53,35.53,35.49,35.49,3264.0,1.0,0.0,0.0
2016-02-09,14:26:00,35.51,35.51,35.44,35.44,16071.0,1.0,0.0,0.0
2016-02-09,14:29:00,35.44,35.45,35.41,35.41,3331.0,1.0,0.0,0.0
2016-02-09,14:32:00,35.43,35.45,35.4,35.44,7858.0,1.0,0.0,0.0
2016-02-09,14:35:00,35.44,35.44,35.41,35.44,6388.0,1.0,0.0,0.0
2016-02-09,14:38:00,35.44,35.5,35.44,35.5,10824.0,1.0,0.0,0.0
2016-02-09,14:41:00,35.495,35.5,35.44,35.48,8092.0,1.0,0.0,0.0
2016-02-09,14:44:00,35.48,35.59,35.47,35.59,9374.0,1.0,0.0,0.0
2016-02-09,14:47:00,35.59,35.59,35.5,35.51,5220.0,1.0,0.0,0.0
2016-02-09,14:50:00,35.5,35.5,35.43,35.46,4396.0,1.0,0.0,0.0
2016-02-09,14:53:00,35.46,35.49,35.44,35.49,5250.0,1.0,0.0,0.0
2016-02-09,14:56:00,35.5,35.54,35.5,35.51,4822.0,1.0,0.0,0.0
2016-02-09,14:59:00,35.5,35.53,35.5,35.51,3853.0,1.0,0.0,0.0
2016-02-09,15:02:00,35.52,35.59,35.51,35.585,16130.0,1.0,0.0,0.0
2016-02-09,15:05:00,35.57,35.6,35.56,35.595,9154.0,1.0,0.0,0.0
2016-02-09,15:08:00,35.61,35.74,35.6,35.71,20261.0,1.0,0.0,0.0
2016-02-09,15:11:00,35.73,35.74,35.67,35.685,9598.0,1.0,0.0,0.0
2016-02-09,15:14:00,35.69,35.78,35.69,35.74,9229.0,1.0,0.0,0.0
2016-02-09,15:17:00,35.75,35.76,35.71,35.71,4365.0,1.0,0.0,0.0
2016-02-09,15:20:00,35.71,35.72,35.61,35.64,9889.0,1.0,0.0,0.0
2016-02-09,15:23:00,35.64,35.64,35.58,35.58,2413.0,1.0,0.0,0.0
2016-02-09,15:26:00,35.6,35.61,35.54,35.57,10296.0,1.0,0.0,0.0
2016-02-09,15:29:00,35.57,35.57,35.51,35.56,30300.0,1.0,0.0,0.0
2016-02-09,15:32:00,35.56,35.62,35.56,35.59,23056.0,1.0,0.0,0.0
2016-02-09,15:35:00,35.59,35.62,35.54,35.61,15156.0,1.0,0.0,0.0
2016-02-09,15:38:00,35.61,35.64,35.56,35.59,20359.0,1.0,0.0,0.0
2016-02-09,15:41:00,35.59,35.595,35.5,35.51,13296.0,1.0,0.0,0.0
2016-02-09,15:44:00,35.515,35.531,35.4,35.49,11718.0,1.0,0.0,0.0
2016-02-09,15:47:00,35.48,35.5295,35.45,35.5,13624.0,1.0,0.0,0.0
2016-02-09,15:50:00,35.5,35.53,35.47,35.51,18837.0,1.0,0.0,0.0
2016-02-09,15:53:00,35.51,35.525,35.48,35.5,15038.0,1.0,0.0,0.0
2016-02-09,15:56:00,35.5,35.5,35.46,35.47,21923.0,1.0,0.0,0.0
2016-02-09,15:59:00,35.49,35.52,35.47,35.5,55300.0,1.0,0.0,0.0
2016-02-10,09:32:00,35.67,36.0,35.56,36.0,9126.0,1.0,0.0,0.0
2016-02-10,09:35:00,35.83,35.87,35.7869,35.7869,948.0,1.0,0.0,0.0
2016-02-10,09:38:00,35.81,35.81,35.48,35.48,2128.0,1.0,0.0,0.0
2016-02-10,09:41:00,35.55,35.62,35.5,35.55,9733.0,1.0,0.0,0.0
2016-02-10,09:44:00,35.51,35.51,35.4533,35.48,1602.0,1.0,0.0,0.0
2016-02-10,09:47:00,35.48,35.61,35.44,35.61,2510.0,1.0,0.0,0.0
2016-02-10,09:50:00,35.62,35.69,35.61,35.66,3627.0,1.0,0.0,0.0
2016-02-10,09:53:00,35.65,35.69,35.6,35.6,29971.0,1.0,0.0,0.0
2016-02-10,09:56:00,35.61,35.67,35.5896,35.65,2879.0,1.0,0.0,0.0
2016-02-10,09:59:00,35.625,35.625,35.51,35.52,1572.0,1.0,0.0,0.0
2016-02-10,10:02:00,35.53,35.57,35.5163,35.53,3843.0,1.0,0.0,0.0
2016-02-10,10:05:00,35.52,35.58,35.51,35.54,3318.0,1.0,0.0,0.0
2016-02-10,10:08:00,35.54,35.54,35.4783,35.5,4360.0,1.0,0.0,0.0
2016-02-10,10:11:00,35.51,35.68,35.51,35.68,3853.0,1.0,0.0,0.0
2016-02-10,10:14:00,35.64,35.7,35.58,35.65,3948.0,1.0,0.0,0.0
2016-02-10,10:17:00,35.68,35.7,35.66,35.7,1771.0,1.0,0.0,0.0
2016-02-10,10:20:00,35.73,35.91,35.73,35.84,7872.0,1.0,0.0,0.0
2016-02-10,10:23:00,35.86,35.905,35.86,35.89,8898.0,1.0,0.0,0.0
2016-02-10,10:26:00,35.89,35.91,35.86,35.87,2743.0,1.0,0.0,0.0
2016-02-10,10:29:00,35.86,35.865,35.71,35.71,5467.0,1.0,0.0,0.0
2016-02-10,10:32:00,35.73,36.01,35.71,35.99,9560.0,1.0,0.0,0.0
2016-02-10,10:35:00,36.01,36.02,35.92,35.92,6019.0,1.0,0.0,0.0
2016-02-10,10:38:00,35.93,35.93,35.84,35.84,4933.0,1.0,0.0,0.0
2016-02-10,10:41:00,35.88,35.88,35.79,35.8,2888.0,1.0,0.0,0.0
2016-02-10,10:44:00,35.8,35.81,35.7,35.74,1557.0,1.0,0.0,0.0
2016-02-10,10:47:00,35.78,35.83,35.74,35.83,3978.0,1.0,0.0,0.0
2016-02-10,10:50:00,35.83,35.91,35.82,35.86,1438.0,1.0,0.0,0.0
2016-02-10,10:53:00,35.87,35.87,35.73,35.73,5072.0,1.0,0.0,0.0
2016-02-10,10:56:00,35.73,35.785,35.68,35.75,3351.0,1.0,0.0,0.0
2016-02-10,10:59:00,35.76,35.78,35.7,35.7,1510.0,1.0,0.0,0.0
2016-02-10,11:02:00,35.74,35.78,35.69,35.7,2691.0,1.0,0.0,0.0
2016-02-10,11:05:00,35.72,35.78,35.72,35.75,2326.0,1.0,0.0,0.0
2016-02-10,11:08:00,35.745,35.745,35.585,35.61,4032.0,1.0,0.0,0.0
2016-02-10,11:11:00,35.63,35.65,35.57,35.64,1794.0,1.0,0.0,0.0
2016-02-10,11:14:00,35.62,35.67,35.59,35.6,3143.0,1.0,0.0,0.0
2016-02-10,11:17:00,35.6,35.6,35.56,35.6,6210.0,1.0,0.0,0.0
2016-02-10,11:20:00,35.5888,35.6975,35.5888,35.6975,3938.0,1.0,0.0,0.0
2016-02-10,11:23:00,35.67,35.68,35.65,35.65,751.0,1.0,0.0,0.0
2016-02-10,11:26:00,35.72,35.74,35.5801,35.63,4899.0,1.0,0.0,0.0
2016-02-10,11:29:00,35.62,35.63,35.55,35.5518,4787.0,1.0,0.0,0.0
2016-02-10,11:32:00,35.57,35.64,35.57,35.64,1528.0,1.0,0.0,0.0
2016-02-10,11:35:00,35.62,35.62,35.55,35.56,12721.0,1.0,0.0,0.0
2016-02-10,11:38:00,35.555,35.57,35.52,35.55,18889.0,1.0,0.0,0.0
2016-02-10,11:41:00,35.53,35.58,35.53,35.58,24878.0,1.0,0.0,0.0
2016-02-10,11:44:00,35.58,35.61,35.56,35.56,2727.0,1.0,0.0,0.0
2016-02-10,11:47:00,35.56,35.59,35.56,35.58,4448.0,1.0,0.0,0.0
2016-02-10,11:50:00,35.6,35.64,35.59,35.5901,4722.0,1.0,0.0,0.0
2016-02-10,11:53:00,35.59,35.62,35.5701,35.62,3356.0,1.0,0.0,0.0
2016-02-10,11:56:00,35.62,35.66,35.6,35.65,4923.0,1.0,0.0,0.0
2016-02-10,11:59:00,35.67,35.67,35.56,35.5865,7581.0,1.0,0.0,0.0
2016-02-10,12:02:00,35.58,35.6,35.57,35.58,3421.0,1.0,0.0,0.0
2016-02-10,12:05:00,35.57,35.61,35.565,35.59,3715.0,1.0,0.0,0.0
2016-02-10,12:08:00,35.59,35.61,35.55,35.61,5346.0,1.0,0.0,0.0
2016-02-10,12:11:00,35.6,35.64,35.6,35.63,3150.0,1.0,0.0,0.0
2016-02-10,12:14:00,35.63,35.64,35.61,35.61,2950.0,1.0,0.0,0.0
2016-02-10,12:17:00,35.61,35.61,35.54,35.55,12070.0,1.0,0.0,0.0
2016-02-10,12:20:00,35.54,35.67,35.54,35.66,2321.0,1.0,0.0,0.0
2016-02-10,12:23:00,35.7,35.762,35.7,35.73,4496.0,1.0,0.0,0.0
2016-02-10,12:26:00,35.72,35.75,35.72,35.7306,3538.0,1.0,0.0,0.0
2016-02-10,12:29:00,35.72,35.74,35.71,35.74,7273.0,1.0,0.0,0.0
2016-02-10,12:32:00,35.74,35.76,35.71,35.71,3885.0,1.0,0.0,0.0
2016-02-10,12:35:00,35.72,35.74,35.7,35.74,2411.0,1.0,0.0,0.0
2016-02-10,12:38:00,35.76,35.835,35.743,35.835,3634.0,1.0,0.0,0.0
2016-02-10,12:41:00,35.85,35.86,35.835,35.85,1630.0,1.0,0.0,0.0
2016-02-10,12:44:00,35.86,35.86,35.77,35.77,2022.0,1.0,0.0,0.0
2016-02-10,12:47:00,35.76,35.77,35.72,35.72,3067.0,1.0,0.0,0.0
2016-02-10,12:50:00,35.72,35.76,35.7,35.75,4208.0,1.0,0.0,0.0
2016-02-10,12:53:00,35.75,35.75,35.67,35.69,9121.0,1.0,0.0,0.0
2016-02-10,12:56:00,35.71,35.71,35.633,35.633,2736.0,1.0,0.0,0.0
2016-02-10,12:59:00,35.65,35.8,35.65,35.775,5811.0,1.0,0.0,0.0
2016-02-10,13:02:00,35.76,35.77,35.71,35.764,4278.0,1.0,0.0,0.0
2016-02-10,13:05:00,35.745,35.79,35.73,35.77,3445.0,1.0,0.0,0.0
2016-02-10,13:08:00,35.77,35.8,35.75,35.76,2001.0,1.0,0.0,0.0
2016-02-10,13:11:00,35.78,35.78,35.7,35.7,2919.0,1.0,0.0,0.0
2016-02-10,13:14:00,35.71,35.73,35.66,35.67,1981.0,1.0,0.0,0.0
2016-02-10,13:17:00,35.655,35.68,35.64,35.68,2355.0,1.0,0.0,0.0
2016-02-10,13:20:00,35.65,35.72,35.65,35.6901,3176.0,1.0,0.0,0.0
2016-02-10,13:23:00,35.7,35.72,35.67,35.67,1417.0,1.0,0.0,0.0
2016-02-10,13:26:00,35.67,35.67,35.61,35.62,5293.0,1.0,0.0,0.0
2016-02-10,13:29:00,35.62,35.62,35.58,35.601,2411.0,1.0,0.0,0.0
2016-02-10,13:32:00,35.61,35.64,35.57,35.57,4802.0,1.0,0.0,0.0
2016-02-10,13:35:00,35.59,35.61,35.56,35.61,5332.0,1.0,0.0,0.0
2016-02-10,13:38:00,35.62,35.65,35.62,35.65,3919.0,1.0,0.0,0.0
2016-02-10,13:42:00,35.65,35.665,35.62,35.62,3456.0,1.0,0.0,0.0
2016-02-10,13:45:00,35.63,35.69,35.625,35.66,3625.0,1.0,0.0,0.0
2016-02-10,13:48:00,35.66,35.69,35.66,35.661,2431.0,1.0,0.0,0.0
2016-02-10,13:51:00,35.67,35.67,35.6,35.62,3702.0,1.0,0.0,0.0
2016-02-10,13:54:00,35.624,35.624,35.58,35.6,2309.0,1.0,0.0,0.0
2016-02-10,13:57:00,35.6,35.605,35.57,35.59,3346.0,1.0,0.0,0.0
2016-02-10,14:00:00,35.59,35.6,35.59,35.59,1129.0,1.0,0.0,0.0
2016-02-10,14:03:00,35.595,35.63,35.595,35.62,4675.0,1.0,0.0,0.0
2016-02-10,14:06:00,35.6,35.66,35.59,35.645,7437.0,1.0,0.0,0.0
2016-02-10,14:09:00,35.6498,35.66,35.615,35.64,5846.0,1.0,0.0,0.0
2016-02-10,14:12:00,35.65,35.66,35.64,35.65,2533.0,1.0,0.0,0.0
2016-02-10,14:15:00,35.66,35.6675,35.61,35.6172,3729.0,1.0,0.0,0.0
2016-02-10,14:18:00,35.6172,35.6172,35.58,35.59,3487.0,1.0,0.0,0.0
2016-02-10,14:21:00,35.6,35.61,35.56,35.5601,6461.0,1.0,0.0,0.0
2016-02-10,14:24:00,35.57,35.59,35.565,35.565,6675.0,1.0,0.0,0.0
2016-02-10,14:27:00,35.57,35.58,35.55,35.58,22508.0,1.0,0.0,0.0
2016-02-10,14:30:00,35.575,35.62,35.57,35.61,6606.0,1.0,0.0,0.0
2016-02-10,14:33:00,35.615,35.65,35.58,35.6,18983.0,1.0,0.0,0.0
2016-02-10,14:36:00,35.58,35.6,35.56,35.59,7307.0,1.0,0.0,0.0
2016-02-10,14:39:00,35.58,35.6199,35.57,35.6,5983.0,1.0,0.0,0.0
2016-02-10,14:42:00,35.6,35.6,35.56,35.58,19130.0,1.0,0.0,0.0
2016-02-10,14:45:00,35.58,35.63,35.58,35.6,4127.0,1.0,0.0,0.0
2016-02-10,14:48:00,35.59,35.61,35.58,35.58,4698.0,1.0,0.0,0.0
2016-02-10,14:51:00,35.59,35.61,35.58,35.58,2986.0,1.0,0.0,0.0
2016-02-10,14:54:00,35.57,35.61,35.57,35.61,4816.0,1.0,0.0,0.0
2016-02-10,14:57:00,35.6,35.63,35.5801,35.59,4129.0,1.0,0.0,0.0
2016-02-10,15:00:00,35.61,35.63,35.58,35.61,3242.0,1.0,0.0,0.0
2016-02-10,15:03:00,35.61,35.65,35.61,35.64,12312.0,1.0,0.0,0.0
2016-02-10,15:06:00,35.64,35.66,35.62,35.63,3778.0,1.0,0.0,0.0
2016-02-10,15:09:00,35.63,35.63,35.59,35.59,5983.0,1.0,0.0,0.0
2016-02-10,15:12:00,35.59,35.6,35.58,35.58,3776.0,1.0,0.0,0.0
2016-02-10,15:15:00,35.58,35.58,35.52,35.52,6805.0,1.0,0.0,0.0
2016-02-10,15:18:00,35.53,35.54,35.46,35.48,5784.0,1.0,0.0,0.0
2016-02-10,15:21:00,35.475,35.5,35.46,35.5,8398.0,1.0,0.0,0.0
2016-02-10,15:24:00,35.51,35.54,35.5,35.53,3860.0,1.0,0.0,0.0
2016-02-10,15:27:00,35.54,35.54,35.43,35.45,34925.0,1.0,0.0,0.0
2016-02-10,15:30:00,35.45,35.465,35.41,35.455,18674.0,1.0,0.0,0.0
2016-02-10,15:33:00,35.46,35.5,35.41,35.49,20855.0,1.0,0.0,0.0
2016-02-10,15:36:00,35.4902,35.51,35.43,35.44,18552.0,1.0,0.0,0.0
2016-02-10,15:39:00,35.43,35.45,35.4,35.4,14454.0,1.0,0.0,0.0
2016-02-10,15:42:00,35.4,35.43,35.4,35.41,21776.0,1.0,0.0,0.0
2016-02-10,15:45:00,35.4101,35.46,35.4,35.44,13254.0,1.0,0.0,0.0
2016-02-10,15:48:00,35.4399,35.45,35.4,35.41,15078.0,1.0,0.0,0.0
2016-02-10,15:51:00,35.41,35.43,35.39,35.4,20482.0,1.0,0.0,0.0
2016-02-10,15:54:00,35.4,35.43,35.4,35.41,18948.0,1.0,0.0,0.0
2016-02-10,15:57:00,35.41,35.43,35.4,35.4,24250.0,1.0,0.0,0.0
2016-02-11,09:30:00,35.4,35.42,34.91,35.04,59507.0,1.0,0.0,0.0
2016-02-11,09:33:00,35.03,35.14,34.99,35.05,28451.0,1.0,0.0,0.0
2016-02-11,09:36:00,35.01,35.05,34.9,35.01,6684.0,1.0,0.0,0.0
2016-02-11,09:39:00,34.99,35.04,34.99,35.03,26058.0,1.0,0.0,0.0
2016-02-11,09:42:00,35.03,35.05,34.91,34.95,3779.0,1.0,0.0,0.0
2016-02-11,09:45:00,35.0,35.23,34.95,35.23,2097.0,1.0,0.0,0.0
2016-02-11,09:48:00,35.24,35.24,35.14,35.22,4853.0,1.0,0.0,0.0
2016-02-11,09:51:00,35.19,35.31,35.14,35.31,2889.0,1.0,0.0,0.0
2016-02-11,09:54:00,35.32,35.42,35.26,35.26,3852.0,1.0,0.0,0.0
2016-02-11,09:57:00,35.27,35.43,35.24,35.43,3090.0,1.0,0.0,0.0
2016-02-11,10:00:00,35.48,35.57,35.4,35.4,3271.0,1.0,0.0,0.0
2016-02-11,10:03:00,35.41,35.46,35.37,35.39,3807.0,1.0,0.0,0.0
2016-02-11,10:06:00,35.39,35.58,35.39,35.58,3848.0,1.0,0.0,0.0
2016-02-11,10:09:00,35.58,35.58,35.39,35.41,2010.0,1.0,0.0,0.0
2016-02-11,10:12:00,35.4,35.4,35.28,35.28,2520.0,1.0,0.0,0.0
2016-02-11,10:15:00,35.31,35.31,35.2,35.2,1903.0,1.0,0.0,0.0
2016-02-11,10:18:00,35.15,35.2,35.11,35.1875,3950.0,1.0,0.0,0.0
2016-02-11,10:21:00,35.16,35.2,35.1,35.11,5835.0,1.0,0.0,0.0
2016-02-11,10:24:00,35.15,35.23,35.0701,35.21,4663.0,1.0,0.0,0.0
2016-02-11,10:27:00,35.24,35.24,35.08,35.13,3632.0,1.0,0.0,0.0
2016-02-11,10:30:00,35.12,35.14,35.05,35.05,5627.0,1.0,0.0,0.0
2016-02-11,10:33:00,35.08,35.11,35.06,35.08,3908.0,1.0,0.0,0.0
2016-02-11,10:36:00,35.12,35.12,35.01,35.05,3245.0,1.0,0.0,0.0
2016-02-11,10:39:00,35.05,35.05,34.91,34.91,5719.0,1.0,0.0,0.0
2016-02-11,10:42:00,34.9,34.975,34.86,34.975,20151.0,1.0,0.0,0.0
2016-02-11,10:45:00,34.97,35.04,34.97,35.02,8189.0,1.0,0.0,0.0
2016-02-11,10:48:00,35.04,35.13,35.02,35.11,4392.0,1.0,0.0,0.0
2016-02-11,10:51:00,35.11,35.12,35.02,35.03,3827.0,1.0,0.0,0.0
2016-02-11,10:54:00,35.02,35.03,34.98,35.01,3612.0,1.0,0.0,0.0
2016-02-11,10:57:00,35.009,35.04,34.91,34.93,5662.0,1.0,0.0,0.0
2016-02-11,11:00:00,34.93,34.99,34.88,34.97,5072.0,1.0,0.0,0.0
2016-02-11,11:03:00,34.94,35.08,34.93,35.05,4558.0,1.0,0.0,0.0
2016-02-11,11:06:00,35.05,35.05,34.93,34.98,4655.0,1.0,0.0,0.0
2016-02-11,11:09:00,34.94,34.985,34.88,34.95,8494.0,1.0,0.0,0.0
2016-02-11,11:12:00,34.95,34.98,34.87,34.9,6755.0,1.0,0.0,0.0
2016-02-11,11:15:00,34.85,34.88,34.85,34.85,21862.0,1.0,0.0,0.0
2016-02-11,11:18:00,34.85,34.93,34.85,34.93,10926.0,1.0,0.0,0.0
2016-02-11,11:21:00,34.925,34.97,34.91,34.95,9963.0,1.0,0.0,0.0
2016-02-11,11:24:00,34.95,34.95,34.82,34.87,6407.0,1.0,0.0,0.0
2016-02-11,11:27:00,34.86,34.88,34.82,34.85,11236.0,1.0,0.0,0.0
2016-02-11,11:30:00,34.85,34.86,34.76,34.806,31734.0,1.0,0.0,0.0
2016-02-11,11:33:00,34.835,34.87,34.83,34.85,4968.0,1.0,0.0,0.0
2016-02-11,11:36:00,34.845,34.85,34.81,34.84,9284.0,1.0,0.0,0.0
2016-02-11,11:39:00,34.85,34.9,34.83,34.9,3495.0,1.0,0.0,0.0
2016-02-11,11:42:00,34.9,34.9,34.85,34.89,5616.0,1.0,0.0,0.0
2016-02-11,11:45:00,34.89,34.89,34.825,34.85,5062.0,1.0,0.0,0.0
2016-02-11,11:48:00,34.84,34.85,34.81,34.8299,4924.0,1.0,0.0,0.0
2016-02-11,11:51:00,34.81,34.905,34.8,34.88,6557.0,1.0,0.0,0.0
2016-02-11,11:54:00,34.88,34.94,34.88,34.91,2369.0,1.0,0.0,0.0
2016-02-11,11:57:00,34.93,35.02,34.92,35.0,3459.0,1.0,0.0,0.0
2016-02-11,12:00:00,35.0,35.042,34.98,34.98,3161.0,1.0,0.0,0.0
2016-02-11,12:03:00,34.98,35.02,34.94,35.02,1320.0,1.0,0.0,0.0
2016-02-11,12:06:00,35.01,35.02,34.96,34.97,7109.0,1.0,0.0,0.0
2016-02-11,12:09:00,34.98,35.01,34.94,34.94,4211.0,1.0,0.0,0.0
2016-02-11,12:12:00,34.94,35.0,34.93,35.0,2244.0,1.0,0.0,0.0
2016-02-11,12:15:00,35.0,35.01,34.93,34.94,2847.0,1.0,0.0,0.0
2016-02-11,12:18:00,34.96,34.96,34.88,34.9099,9131.0,1.0,0.0,0.0
2016-02-11,12:21:00,34.91,34.93,34.88,34.93,8071.0,1.0,0.0,0.0
2016-02-11,12:24:00,34.92,34.94,34.9,34.94,3692.0,1.0,0.0,0.0
2016-02-11,12:27:00,34.9278,34.965,34.914,34.94,4040.0,1.0,0.0,0.0
2016-02-11,12:30:00,34.93,34.935,34.87,34.89,16198.0,1.0,0.0,0.0
2016-02-11,12:33:00,34.9,34.93,34.9,34.91,4434.0,1.0,0.0,0.0
2016-02-11,12:36:00,34.9,34.92,34.88,34.91,4081.0,1.0,0.0,0.0
2016-02-11,12:39:00,34.92,34.925,34.89,34.92,4152.0,1.0,0.0,0.0
2016-02-11,12:42:00,34.91,34.91,34.86,34.89,2200.0,1.0,0.0,0.0
2016-02-11,12:45:00,34.9,34.92,34.89,34.89,4409.0,1.0,0.0,0.0
2016-02-11,12:48:00,34.89,34.9463,34.88,34.9,8097.0,1.0,0.0,0.0
2016-02-11,12:51:00,34.91,34.98,34.91,34.96,4425.0,1.0,0.0,0.0
2016-02-11,12:54:00,34.96,34.98,34.94,34.96,1694.0,1.0,0.0,0.0
2016-02-11,12:57:00,34.97,35.05,34.94,34.98,10963.0,1.0,0.0,0.0
2016-02-11,13:00:00,34.97,35.06,34.96,35.05,7581.0,1.0,0.0,0.0
2016-02-11,13:03:00,35.04,35.13,35.04,35.09,9974.0,1.0,0.0,0.0
2016-02-11,13:06:00,35.1,35.12,35.03,35.08,9590.0,1.0,0.0,0.0
2016-02-11,13:09:00,35.06,35.08,35.015,35.08,2250.0,1.0,0.0,0.0
2016-02-11,13:12:00,35.09,35.1,35.05,35.05,3232.0,1.0,0.0,0.0
2016-02-11,13:15:00,35.05,35.07,35.0,35.0,3387.0,1.0,0.0,0.0
2016-02-11,13:18:00,35.0,35.058,34.99,35.058,4862.0,1.0,0.0,0.0
2016-02-11,13:21:00,35.06,35.13,35.05,35.09,6460.0,1.0,0.0,0.0
2016-02-11,13:24:00,35.08,35.08,35.01,35.01,2693.0,1.0,0.0,0.0
2016-02-11,13:27:00,35.01,35.03,34.98,35.0,3576.0,1.0,0.0,0.0
2016-02-11,13:30:00,34.99,35.02,34.97,35.01,2578.0,1.0,0.0,0.0
2016-02-11,13:33:00,35.01,35.04,35.0,35.0,3866.0,1.0,0.0,0.0
2016-02-11,13:36:00,34.98,35.01,34.92,34.94,5464.0,1.0,0.0,0.0
2016-02-11,13:39:00,34.94,34.94,34.9,34.93,10109.0,1.0,0.0,0.0
2016-02-11,13:42:00,34.92,34.94,34.91,34.91,4159.0,1.0,0.0,0.0
2016-02-11,13:45:00,34.92,34.94,34.9,34.93,10129.0,1.0,0.0,0.0
2016-02-11,13:48:00,34.93,34.93,34.9,34.91,6179.0,1.0,0.0,0.0
2016-02-11,13:51:00,34.92,34.99,34.91,34.98,19580.0,1.0,0.0,0.0
2016-02-11,13:54:00,34.99,35.006,34.97,34.98,3377.0,1.0,0.0,0.0
2016-02-11,13:57:00,34.98,34.99,34.96,34.98,16074.0,1.0,0.0,0.0
2016-02-11,14:00:00,34.98,35.03,34.98,35.0,23760.0,1.0,0.0,0.0
2016-02-11,14:03:00,35.0,35.0,34.98,34.99,11017.0,1.0,0.0,0.0
2016-02-11,14:06:00,34.99,35.07,34.99,35.04,21258.0,1.0,0.0,0.0
2016-02-11,14:09:00,35.06,35.06,35.01,35.04,3333.0,1.0,0.0,0.0
2016-02-11,14:12:00,35.0405,35.07,35.03,35.04,3057.0,1.0,0.0,0.0
2016-02-11,14:15:00,35.03,35.05,35.01,35.04,3703.0,1.0,0.0,0.0
2016-02-11,14:18:00,35.03,35.03,34.99,34.9901,3838.0,1.0,0.0,0.0
2016-02-11,14:21:00,35.0,35.0,34.94,34.94,18565.0,1.0,0.0,0.0
2016-02-11,14:24:00,34.94,34.95,34.85,34.86,5311.0,1.0,0.0,0.0
2016-02-11,14:27:00,34.87,34.8827,34.83,34.83,4287.0,1.0,0.0,0.0
2016-02-11,14:30:00,34.82,34.84,34.8,34.84,13458.0,1.0,0.0,0.0
2016-02-11,14:33:00,34.85,34.9,34.85,34.89,5077.0,1.0,0.0,0.0
2016-02-11,14:36:00,34.88,34.88,34.81,34.81,10056.0,1.0,0.0,0.0
2016-02-11,14:39:00,34.82,35.05,34.81,35.05,26126.0,1.0,0.0,0.0
2016-02-11,14:42:00,35.05,35.11,34.97,35.1,9247.0,1.0,0.0,0.0
2016-02-11,14:45:00,35.12,35.21,35.11,35.2,8820.0,1.0,0.0,0.0
2016-02-11,14:48:00,35.2005,35.415,35.19,35.35,10025.0,1.0,0.0,0.0
2016-02-11,14:51:00,35.37,35.5199,35.34,35.5199,9788.0,1.0,0.0,0.0
2016-02-11,14:54:00,35.47,35.52,35.41,35.48,7765.0,1.0,0.0,0.0
2016-02-11,14:57:00,35.51,35.52,35.45,35.5,8040.0,1.0,0.0,0.0
2016-02-11,15:00:00,35.51,35.51,35.36,35.39,8809.0,1.0,0.0,0.0
2016-02-11,15:03:00,35.39,35.3999,35.29,35.3826,11788.0,1.0,0.0,0.0
2016-02-11,15:06:00,35.37,35.37,35.26,35.27,11389.0,1.0,0.0,0.0
2016-02-11,15:09:00,35.28,35.32,35.25,35.31,19024.0,1.0,0.0,0.0
2016-02-11,15:12:00,35.3,35.38,35.3,35.38,12251.0,1.0,0.0,0.0
2016-02-11,15:15:00,35.38,35.43,35.31,35.31,11698.0,1.0,0.0,0.0
2016-02-11,15:18:00,35.28,35.32,35.25,35.3,5582.0,1.0,0.0,0.0
2016-02-11,15:21:00,35.3101,35.37,35.3,35.36,16198.0,1.0,0.0,0.0
2016-02-11,15:24:00,35.35,35.417,35.31,35.31,11808.0,1.0,0.0,0.0
2016-02-11,15:27:00,35.31,35.39,35.29,35.332,16077.0,1.0,0.0,0.0
2016-02-11,15:30:00,35.33,35.39,35.31,35.36,8086.0,1.0,0.0,0.0
2016-02-11,15:33:00,35.356,35.38,35.32,35.34,20221.0,1.0,0.0,0.0
2016-02-11,15:36:00,35.34,35.37,35.32,35.35,47267.0,1.0,0.0,0.0
2016-02-11,15:39:00,35.35,35.45,35.35,35.41,23993.0,1.0,0.0,0.0
2016-02-11,15:42:00,35.42,35.47,35.34,35.41,26510.0,1.0,0.0,0.0
2016-02-11,15:45:00,35.4,35.42,35.36,35.38,28851.0,1.0,0.0,0.0
2016-02-11,15:48:00,35.38,35.38,35.251,35.27,38496.0,1.0,0.0,0.0
2016-02-11,15:51:00,35.27,35.31,35.25,35.25,28131.0,1.0,0.0,0.0
2016-02-11,15:54:00,35.25,35.27,35.11,35.14,68423.0,1.0,0.0,0.0
2016-02-11,15:57:00,35.13,35.16,35.05,35.08,66806.0,1.0,0.0,0.0
2016-02-12,09:30:00,35.09,35.44,35.04,35.37,95055.0,1.0,0.0,0.0
2016-02-12,09:33:00,35.33,35.52,35.33,35.52,2989.0,1.0,0.0,0.0
2016-02-12,09:36:00,35.54,35.8,35.54,35.8,1368.0,1.0,0.0,0.0
2016-02-12,09:39:00,35.8,35.82,35.65,35.7,5459.0,1.0,0.0,0.0
2016-02-12,09:42:00,35.7,35.7285,35.5,35.5,4911.0,1.0,0.0,0.0
2016-02-12,09:45:00,35.47,35.5,35.3,35.3,5180.0,1.0,0.0,0.0
2016-02-12,09:48:00,35.28,35.28,35.09,35.09,8148.0,1.0,0.0,0.0
2016-02-12,09:51:00,35.07,35.09,34.94,35.05,13371.0,1.0,0.0,0.0
2016-02-12,09:54:00,35.06,35.27,35.06,35.25,6399.0,1.0,0.0,0.0
2016-02-12,09:57:00,35.25,35.29,35.02,35.02,4118.0,1.0,0.0,0.0
2016-02-12,10:00:00,35.06,35.07,34.99,35.005,13341.0,1.0,0.0,0.0
2016-02-12,10:03:00,34.99,35.06,34.95,35.0,11571.0,1.0,0.0,0.0
2016-02-12,10:06:00,35.0,35.11,34.98,35.0,12249.0,1.0,0.0,0.0
2016-02-12,10:09:00,35.01,35.18,35.01,35.18,6619.0,1.0,0.0,0.0
2016-02-12,10:12:00,35.17,35.29,35.17,35.19,3801.0,1.0,0.0,0.0
2016-02-12,10:15:00,35.2099,35.23,35.15,35.15,2172.0,1.0,0.0,0.0
2016-02-12,10:18:00,35.12,35.12,35.03,35.11,3131.0,1.0,0.0,0.0
2016-02-12,10:21:00,35.07,35.27,35.07,35.27,6484.0,1.0,0.0,0.0
2016-02-12,10:24:00,35.255,35.28,35.21,35.22,41349.0,1.0,0.0,0.0
2016-02-12,10:27:00,35.23,35.3,35.23,35.3,4924.0,1.0,0.0,0.0
2016-02-12,10:30:00,35.3,35.3,35.2,35.23,6122.0,1.0,0.0,0.0
2016-02-12,10:33:00,35.25,35.32,35.23,35.32,9184.0,1.0,0.0,0.0
2016-02-12,10:36:00,35.32,35.33,35.28,35.28,4732.0,1.0,0.0,0.0
2016-02-12,10:39:00,35.27,35.31,35.24,35.29,3578.0,1.0,0.0,0.0
2016-02-12,10:42:00,35.28,35.28,35.21,35.24,2382.0,1.0,0.0,0.0
2016-02-12,10:45:00,35.236,35.236,35.13,35.135,3141.0,1.0,0.0,0.0
2016-02-12,10:48:00,35.12,35.23,35.11,35.2,4620.0,1.0,0.0,0.0
2016-02-12,10:51:00,35.21,35.32,35.21,35.32,3335.0,1.0,0.0,0.0
2016-02-12,10:54:00,35.34,35.37,35.32,35.37,2319.0,1.0,0.0,0.0
2016-02-12,10:57:00,35.36,35.38,35.3,35.31,4201.0,1.0,0.0,0.0
2016-02-12,11:00:00,35.31,35.44,35.31,35.44,4235.0,1.0,0.0,0.0
2016-02-12,11:03:00,35.46,35.46,35.39,35.4,2596.0,1.0,0.0,0.0
2016-02-12,11:06:00,35.3972,35.51,35.37,35.51,4578.0,1.0,0.0,0.0
2016-02-12,11:09:00,35.53,35.56,35.49,35.49,5111.0,1.0,0.0,0.0
2016-02-12,11:12:00,35.49,35.55,35.46,35.51,8281.0,1.0,0.0,0.0
2016-02-12,11:15:00,35.5,35.66,35.49,35.63,6411.0,1.0,0.0,0.0
2016-02-12,11:18:00,35.61,35.64,35.57,35.63,6578.0,1.0,0.0,0.0
2016-02-12,11:21:00,35.64,35.79,35.64,35.76,4978.0,1.0,0.0,0.0
2016-02-12,11:24:00,35.74,35.82,35.74,35.82,6785.0,1.0,0.0,0.0
2016-02-12,11:27:00,35.81,35.82,35.77,35.77,5415.0,1.0,0.0,0.0
2016-02-12,11:30:00,35.78,35.91,35.77,35.91,5166.0,1.0,0.0,0.0
2016-02-12,11:33:00,35.91,35.97,35.87,35.97,4923.0,1.0,0.0,0.0
2016-02-12,11:36:00,35.96,36.005,35.95,36.0,4737.0,1.0,0.0,0.0
2016-02-12,11:39:00,36.0,36.025,35.91,35.93,12263.0,1.0,0.0,0.0
2016-02-12,11:42:00,35.96,35.99,35.9,35.9,3913.0,1.0,0.0,0.0
2016-02-12,11:45:00,35.93,35.97,35.85,35.91,3094.0,1.0,0.0,0.0
2016-02-12,11:48:00,35.93,36.01,35.93,35.97,3750.0,1.0,0.0,0.0
2016-02-12,11:51:00,35.997,36.09,35.997,36.05,5700.0,1.0,0.0,0.0
2016-02-12,11:54:00,36.08,36.09,35.96,35.96,6100.0,1.0,0.0,0.0
2016-02-12,11:57:00,35.945,35.99,35.91,35.976,2727.0,1.0,0.0,0.0
2016-02-12,12:00:00,35.99,36.0,35.97,35.98,4919.0,1.0,0.0,0.0
2016-02-12,12:03:00,35.99,36.01,35.95,35.95,4011.0,1.0,0.0,0.0
2016-02-12,12:06:00,35.94,36.01,35.94,36.01,1621.0,1.0,0.0,0.0
2016-02-12,12:09:00,36.03,36.08,36.03,36.04,7677.0,1.0,0.0,0.0
2016-02-12,12:12:00,36.04,36.09,36.04,36.09,2419.0,1.0,0.0,0.0
2016-02-12,12:15:00,36.08,36.08,36.01,36.01,2240.0,1.0,0.0,0.0
2016-02-12,12:18:00,36.01,36.04,36.01,36.01,1479.0,1.0,0.0,0.0
2016-02-12,12:21:00,36.02,36.08,36.0101,36.04,2498.0,1.0,0.0,0.0
2016-02-12,12:24:00,36.06,36.06,36.0,36.0246,1678.0,1.0,0.0,0.0
2016-02-12,12:27:00,36.04,36.1,36.03,36.06,4146.0,1.0,0.0,0.0
2016-02-12,12:30:00,36.06,36.06,36.01,36.02,2829.0,1.0,0.0,0.0
2016-02-12,12:33:00,36.03,36.0499,36.0,36.02,3565.0,1.0,0.0,0.0
2016-02-12,12:36:00,36.0,36.03,35.97,35.99,3258.0,1.0,0.0,0.0
2016-02-12,12:39:00,36.0,36.02,35.96,36.02,4083.0,1.0,0.0,0.0
2016-02-12,12:42:00,36.03,36.04,35.96,35.96,7565.0,1.0,0.0,0.0
2016-02-12,12:45:00,35.96,35.99,35.96,35.99,2871.0,1.0,0.0,0.0
2016-02-12,12:48:00,35.97,35.97,35.915,35.93,5408.0,1.0,0.0,0.0
2016-02-12,12:51:00,35.92,35.94,35.9,35.9,2426.0,1.0,0.0,0.0
2016-02-12,12:54:00,35.89,35.94,35.86,35.94,1451.0,1.0,0.0,0.0
2016-02-12,12:57:00,35.9476,35.9476,35.84,35.845,3090.0,1.0,0.0,0.0
2016-02-12,13:00:00,35.84,35.85,35.79,35.8,4931.0,1.0,0.0,0.0
2016-02-12,13:03:00,35.8,35.88,35.8,35.86,3020.0,1.0,0.0,0.0
2016-02-12,13:06:00,35.87,35.885,35.82,35.84,4290.0,1.0,0.0,0.0
2016-02-12,13:09:00,35.84,35.8401,35.8,35.82,2418.0,1.0,0.0,0.0
2016-02-12,13:12:00,35.82,35.85,35.77,35.84,3134.0,1.0,0.0,0.0
2016-02-12,13:15:00,35.82,35.82,35.75,35.75,965.0,1.0,0.0,0.0
2016-02-12,13:18:00,35.75,35.79,35.73,35.77,2951.0,1.0,0.0,0.0
2016-02-12,13:21:00,35.74,35.76,35.73,35.75,1660.0,1.0,0.0,0.0
2016-02-12,13:24:00,35.76,35.76,35.71,35.71,2530.0,1.0,0.0,0.0
2016-02-12,13:27:00,35.72,35.77,35.72,35.74,3079.0,1.0,0.0,0.0
2016-02-12,13:30:00,35.72,35.78,35.72,35.76,3756.0,1.0,0.0,0.0
2016-02-12,13:33:00,35.76,35.76,35.71,35.74,2510.0,1.0,0.0,0.0
2016-02-12,13:36:00,35.76,35.8,35.76,35.7825,4432.0,1.0,0.0,0.0
2016-02-12,13:39:00,35.77,35.86,35.75,35.77,3665.0,1.0,0.0,0.0
2016-02-12,13:43:00,35.79,35.79,35.74,35.78,7318.0,1.0,0.0,0.0
2016-02-12,13:46:00,35.77,35.83,35.77,35.83,8445.0,1.0,0.0,0.0
2016-02-12,13:49:00,35.83,35.91,35.82,35.91,17007.0,1.0,0.0,0.0
2016-02-12,13:52:00,35.9,35.96,35.87,35.93,35299.0,1.0,0.0,0.0
2016-02-12,13:55:00,35.91,35.94,35.9,35.92,5823.0,1.0,0.0,0.0
2016-02-12,13:58:00,35.92,35.95,35.86,35.86,35708.0,1.0,0.0,0.0
2016-02-12,14:01:00,35.87,35.93,35.85,35.92,11732.0,1.0,0.0,0.0
2016-02-12,14:04:00,35.92,35.97,35.9,35.946999999999996,13645.0,1.0,0.0,0.0
2016-02-12,14:07:00,35.94,35.94,35.92,35.92,2515.0,1.0,0.0,0.0
2016-02-12,14:10:00,35.94,35.98,35.89,35.89,8873.0,1.0,0.0,0.0
2016-02-12,14:13:00,35.91,35.91,35.86,35.89,11864.0,1.0,0.0,0.0
2016-02-12,14:17:00,35.88,35.92,35.83,35.84,6084.0,1.0,0.0,0.0
2016-02-12,14:20:00,35.83,35.835,35.79,35.82,5308.0,1.0,0.0,0.0
2016-02-12,14:23:00,35.82,35.8845,35.82,35.87,2078.0,1.0,0.0,0.0
2016-02-12,14:26:00,35.87,35.89,35.86,35.89,2176.0,1.0,0.0,0.0
2016-02-12,14:29:00,35.92,35.965,35.92,35.93,4419.0,1.0,0.0,0.0
2016-02-12,14:33:00,35.93,35.955,35.92,35.93,18416.0,1.0,0.0,0.0
2016-02-12,14:36:00,35.92,35.93,35.9,35.9,1662.0,1.0,0.0,0.0
2016-02-12,14:39:00,35.9,35.94,35.88,35.93,4354.0,1.0,0.0,0.0
2016-02-12,14:42:00,35.93,35.94,35.9,35.93,13613.0,1.0,0.0,0.0
2016-02-12,14:45:00,35.95,35.96,35.93,35.9372,14245.0,1.0,0.0,0.0
2016-02-12,14:48:00,35.94,35.96,35.9,35.95,12503.0,1.0,0.0,0.0
2016-02-12,14:51:00,35.95,35.96,35.93,35.93,10677.0,1.0,0.0,0.0
2016-02-12,14:54:00,35.94,35.96,35.92,35.93,24840.0,1.0,0.0,0.0
2016-02-12,14:57:00,35.93,35.97,35.93,35.96,8076.0,1.0,0.0,0.0
2016-02-12,15:00:00,35.96,35.98,35.95,35.96,3724.0,1.0,0.0,0.0
2016-02-12,15:03:00,35.9699,35.99,35.9699,35.98,3212.0,1.0,0.0,0.0
2016-02-12,15:06:00,35.98,36.05,35.98,36.03,5961.0,1.0,0.0,0.0
2016-02-12,15:09:00,36.0201,36.0201,35.99,35.99,12380.0,1.0,0.0,0.0
2016-02-12,15:12:00,35.99,36.08,35.99,36.07,5788.0,1.0,0.0,0.0
2016-02-12,15:15:00,36.08,36.09,36.08,36.09,2819.0,1.0,0.0,0.0
2016-02-12,15:18:00,36.1,36.12,36.1,36.12,5797.0,1.0,0.0,0.0
2016-02-12,15:21:00,36.13,36.171,36.13,36.14,6778.0,1.0,0.0,0.0
2016-02-12,15:24:00,36.12,36.14,36.08,36.08,6039.0,1.0,0.0,0.0
2016-02-12,15:27:00,36.09,36.09,36.04,36.04,12294.0,1.0,0.0,0.0
2016-02-12,15:30:00,36.03,36.04,35.97,36.0,32150.0,1.0,0.0,0.0
2016-02-12,15:33:00,36.0,36.01,35.99,36.0,7343.0,1.0,0.0,0.0
2016-02-12,15:36:00,36.0,36.0,35.95,35.97,8051.0,1.0,0.0,0.0
2016-02-12,15:39:00,35.97,35.97,35.92,35.92,7626.0,1.0,0.0,0.0
2016-02-12,15:42:00,35.91,35.98,35.91,35.98,16420.0,1.0,0.0,0.0
2016-02-12,15:45:00,35.985,36.04,35.98,36.01,42895.0,1.0,0.0,0.0
2016-02-12,15:48:00,36.02,36.03,35.98,36.015,25270.0,1.0,0.0,0.0
2016-02-12,15:51:00,36.0,36.03,35.98,36.0,15872.0,1.0,0.0,0.0
2016-02-12,15:54:00,35.99,36.04,35.99,36.02,13701.0,1.0,0.0,0.0
2016-02-12,15:57:00,36.03,36.07,36.02,36.07,24750.0,1.0,0.0,0.0
2016-02-16,09:30:00,36.065,36.83,36.04,36.77,36875.0,1.0,0.0,0.0
2016-02-16,09:33:00,36.71,36.93,36.71,36.74,29235.0,1.0,0.0,0.0
2016-02-16,09:36:00,36.77,36.81,36.34,36.34,14106.0,1.0,0.0,0.0
2016-02-16,09:39:00,36.35,36.35,36.27,36.27,1906.0,1.0,0.0,0.0
2016-02-16,09:42:00,36.25,36.52,36.25,36.52,3161.0,1.0,0.0,0.0
2016-02-16,09:45:00,36.52,36.52,36.42,36.45,5577.0,1.0,0.0,0.0
2016-02-16,09:48:00,36.48,36.48,36.31,36.31,3254.0,1.0,0.0,0.0
2016-02-16,09:51:00,36.31,36.33,36.15,36.22,5770.0,1.0,0.0,0.0
2016-02-16,09:54:00,36.18,36.23,36.1,36.23,6003.0,1.0,0.0,0.0
2016-02-16,09:57:00,36.19,36.2401,36.15,36.24,3478.0,1.0,0.0,0.0
2016-02-16,10:00:00,36.26,36.27,36.14,36.26,4794.0,1.0,0.0,0.0
2016-02-16,10:03:00,36.27,36.3,36.08,36.13,6583.0,1.0,0.0,0.0
2016-02-16,10:06:00,36.08,36.18,36.0398,36.1,10000.0,1.0,0.0,0.0
2016-02-16,10:09:00,36.11,36.25,36.11,36.23,5460.0,1.0,0.0,0.0
2016-02-16,10:12:00,36.2299,36.3,36.13,36.3,6170.0,1.0,0.0,0.0
2016-02-16,10:15:00,36.31,36.34,36.202,36.24,4527.0,1.0,0.0,0.0
2016-02-16,10:18:00,36.26,36.41,36.25,36.25,3564.0,1.0,0.0,0.0
2016-02-16,10:21:00,36.25,36.38,36.24,36.374,3499.0,1.0,0.0,0.0
2016-02-16,10:24:00,36.41,36.5,36.32,36.48,4904.0,1.0,0.0,0.0
2016-02-16,10:27:00,36.47,36.49,36.38,36.44,3090.0,1.0,0.0,0.0
2016-02-16,10:30:00,36.42,36.44,36.38,36.41,4398.0,1.0,0.0,0.0
2016-02-16,10:33:00,36.39,36.42,36.35,36.37,7789.0,1.0,0.0,0.0
2016-02-16,10:36:00,36.38,36.415,36.36,36.38,3339.0,1.0,0.0,0.0
2016-02-16,10:39:00,36.36,36.51,36.36,36.49,5227.0,1.0,0.0,0.0
2016-02-16,10:42:00,36.48,36.61,36.45,36.545,5220.0,1.0,0.0,0.0
2016-02-16,10:45:00,36.54,36.56,36.47,36.56,4777.0,1.0,0.0,0.0
2016-02-16,10:48:00,36.56,36.65,36.53,36.57,6604.0,1.0,0.0,0.0
2016-02-16,10:51:00,36.55,36.55,36.48,36.49,8951.0,1.0,0.0,0.0
2016-02-16,10:54:00,36.49,36.51,36.38,36.38,4195.0,1.0,0.0,0.0
2016-02-16,10:57:00,36.38,36.38,36.29,36.3,1842.0,1.0,0.0,0.0
2016-02-16,11:00:00,36.32,36.34,36.26,36.34,2428.0,1.0,0.0,0.0
2016-02-16,11:03:00,36.35,36.4,36.31,36.31,2358.0,1.0,0.0,0.0
2016-02-16,11:06:00,36.32,36.35,36.19,36.2,5717.0,1.0,0.0,0.0
2016-02-16,11:09:00,36.19,36.25,36.17,36.24,4249.0,1.0,0.0,0.0
2016-02-16,11:12:00,36.25,36.31,36.165,36.31,8417.0,1.0,0.0,0.0
2016-02-16,11:15:00,36.29,36.3,36.22,36.22,2768.0,1.0,0.0,0.0
2016-02-16,11:18:00,36.22,36.33,36.21,36.3,4160.0,1.0,0.0,0.0
2016-02-16,11:21:00,36.31,36.44,36.31,36.4,3772.0,1.0,0.0,0.0
2016-02-16,11:24:00,36.38,36.41,36.2801,36.35,2446.0,1.0,0.0,0.0
2016-02-16,11:27:00,36.38,36.38,36.3097,36.34,1408.0,1.0,0.0,0.0
2016-02-16,11:30:00,36.34,36.34,36.24,36.27,8800.0,1.0,0.0,0.0
2016-02-16,11:33:00,36.275,36.37,36.25,36.33,13863.0,1.0,0.0,0.0
2016-02-16,11:36:00,36.33,36.41,36.33,36.38,2459.0,1.0,0.0,0.0
2016-02-16,11:39:00,36.3841,36.41,36.35,36.3855,2546.0,1.0,0.0,0.0
2016-02-16,11:42:00,36.39,36.4099,36.31,36.31,3213.0,1.0,0.0,0.0
2016-02-16,11:45:00,36.34,36.34,36.29,36.29,2489.0,1.0,0.0,0.0
2016-02-16,11:48:00,36.31,36.35,36.28,36.35,3447.0,1.0,0.0,0.0
2016-02-16,11:51:00,36.36,36.42,36.33,36.42,6875.0,1.0,0.0,0.0
2016-02-16,11:54:00,36.42,36.53,36.42,36.525,8899.0,1.0,0.0,0.0
2016-02-16,11:57:00,36.54,36.61,36.53,36.57,2228.0,1.0,0.0,0.0
2016-02-16,12:00:00,36.6,36.73,36.6,36.7265,9904.0,1.0,0.0,0.0
2016-02-16,12:03:00,36.73,36.87,36.724000000000004,36.82,9071.0,1.0,0.0,0.0
2016-02-16,12:07:00,36.82,36.83,36.73,36.74,4187.0,1.0,0.0,0.0
2016-02-16,12:10:00,36.74,36.74,36.62,36.62,4603.0,1.0,0.0,0.0
2016-02-16,12:13:00,36.62,36.6599,36.59,36.63,3928.0,1.0,0.0,0.0
2016-02-16,12:16:00,36.63,36.69,36.63,36.69,1900.0,1.0,0.0,0.0
2016-02-16,12:19:00,36.72,36.7499,36.69,36.7,3530.0,1.0,0.0,0.0
2016-02-16,12:22:00,36.71,36.76,36.71,36.76,1519.0,1.0,0.0,0.0
2016-02-16,12:25:00,36.74,36.74,36.66,36.67,1250.0,1.0,0.0,0.0
2016-02-16,12:28:00,36.66,36.71,36.66,36.71,2870.0,1.0,0.0,0.0
2016-02-16,12:31:00,36.69,36.69,36.66,36.66,1211.0,1.0,0.0,0.0
2016-02-16,12:34:00,36.67,36.67,36.6,36.6,3022.0,1.0,0.0,0.0
2016-02-16,12:37:00,36.61,36.62,36.57,36.57,2201.0,1.0,0.0,0.0
2016-02-16,12:40:00,36.57,36.57,36.51,36.55,4757.0,1.0,0.0,0.0
2016-02-16,12:43:00,36.56,36.64,36.56,36.63,1907.0,1.0,0.0,0.0
2016-02-16,12:46:00,36.64,36.64,36.5847,36.64,2800.0,1.0,0.0,0.0
2016-02-16,12:50:00,36.64,36.68,36.5899,36.5899,4223.0,1.0,0.0,0.0
2016-02-16,12:53:00,36.61,36.66,36.59,36.66,2224.0,1.0,0.0,0.0
2016-02-16,12:56:00,36.66,36.71,36.66,36.71,1452.0,1.0,0.0,0.0
2016-02-16,12:59:00,36.71,36.74,36.71,36.73,636.0,1.0,0.0,0.0
2016-02-16,13:02:00,36.72,36.7601,36.7,36.74,4517.0,1.0,0.0,0.0
2016-02-16,13:05:00,36.74,36.77,36.73,36.76,2657.0,1.0,0.0,0.0
2016-02-16,13:08:00,36.76,36.779,36.73,36.74,2225.0,1.0,0.0,0.0
2016-02-16,13:11:00,36.75,36.8,36.74,36.76,6170.0,1.0,0.0,0.0
2016-02-16,13:14:00,36.75,36.75,36.71,36.73,3664.0,1.0,0.0,0.0
2016-02-16,13:17:00,36.74,36.75,36.72,36.75,2211.0,1.0,0.0,0.0
2016-02-16,13:20:00,36.76,36.79,36.74,36.78,4785.0,1.0,0.0,0.0
2016-02-16,13:23:00,36.8,36.82,36.78,36.805,4132.0,1.0,0.0,0.0
2016-02-16,13:27:00,36.8,36.88,36.8,36.87,36337.0,1.0,0.0,0.0
2016-02-16,13:30:00,36.87,36.88,36.85,36.85,5205.0,1.0,0.0,0.0
2016-02-16,13:33:00,36.84,36.93,36.84,36.93,9414.0,1.0,0.0,0.0
2016-02-16,13:36:00,36.93,37.01,36.92,36.9867,11007.0,1.0,0.0,0.0
2016-02-16,13:39:00,36.98,36.98,36.95,36.96,3436.0,1.0,0.0,0.0
2016-02-16,13:42:00,36.96,37.0,36.95,37.0,6241.0,1.0,0.0,0.0
2016-02-16,13:45:00,37.0,37.01,36.96,36.96,4971.0,1.0,0.0,0.0
2016-02-16,13:48:00,36.95,36.98,36.95,36.95,7006.0,1.0,0.0,0.0
2016-02-16,13:51:00,36.95,37.0,36.95,36.97,4443.0,1.0,0.0,0.0
2016-02-16,13:54:00,36.97,37.01,36.97,37.0,4638.0,1.0,0.0,0.0
2016-02-16,13:57:00,37.01,37.04,37.01,37.03,6775.0,1.0,0.0,0.0
2016-02-16,14:00:00,37.02,37.06,37.0199,37.04,9129.0,1.0,0.0,0.0
2016-02-16,14:03:00,37.047,37.047,36.95,36.95,8857.0,1.0,0.0,0.0
2016-02-16,14:06:00,36.94,36.99,36.93,36.94,5704.0,1.0,0.0,0.0
2016-02-16,14:09:00,36.93,36.93,36.89,36.89,7812.0,1.0,0.0,0.0
2016-02-16,14:12:00,36.89,36.92,36.89,36.9,8921.0,1.0,0.0,0.0
2016-02-16,14:15:00,36.91,36.96,36.91,36.95,8080.0,1.0,0.0,0.0
2016-02-16,14:18:00,36.96,37.024,36.96,37.01,23418.0,1.0,0.0,0.0
2016-02-16,14:21:00,37.0,37.05,37.0,37.04,3881.0,1.0,0.0,0.0
2016-02-16,14:24:00,37.03,37.05,37.0,37.04,3711.0,1.0,0.0,0.0
2016-02-16,14:27:00,37.03,37.05,36.99,37.03,5170.0,1.0,0.0,0.0
2016-02-16,14:30:00,37.04,37.13,37.035,37.1299,10666.0,1.0,0.0,0.0
2016-02-16,14:33:00,37.12,37.18,37.11,37.11,7291.0,1.0,0.0,0.0
2016-02-16,14:36:00,37.11,37.155,37.11,37.15,6570.0,1.0,0.0,0.0
2016-02-16,14:39:00,37.14,37.14,37.115,37.13,8967.0,1.0,0.0,0.0
2016-02-16,14:42:00,37.14,37.175,37.14,37.16,6723.0,1.0,0.0,0.0
2016-02-16,14:45:00,37.165,37.17,37.12,37.12,8083.0,1.0,0.0,0.0
2016-02-16,14:48:00,37.12,37.14,37.1,37.14,9410.0,1.0,0.0,0.0
2016-02-16,14:51:00,37.14,37.15,37.13,37.13,4096.0,1.0,0.0,0.0
2016-02-16,14:54:00,37.13,37.14,37.1,37.1028,6479.0,1.0,0.0,0.0
2016-02-16,14:57:00,37.1072,37.14,37.1072,37.1353,7377.0,1.0,0.0,0.0
2016-02-16,15:00:00,37.13,37.14,37.11,37.12,12069.0,1.0,0.0,0.0
2016-02-16,15:03:00,37.1126,37.14,37.11,37.1349,3163.0,1.0,0.0,0.0
2016-02-16,15:06:00,37.14,37.15,37.12,37.12,9236.0,1.0,0.0,0.0
2016-02-16,15:09:00,37.12,37.12,37.105,37.11,10351.0,1.0,0.0,0.0
2016-02-16,15:12:00,37.12,37.135,37.1,37.11,12388.0,1.0,0.0,0.0
2016-02-16,15:15:00,37.12,37.16,37.11,37.16,11453.0,1.0,0.0,0.0
2016-02-16,15:18:00,37.15,37.165,37.15,37.16,13965.0,1.0,0.0,0.0
2016-02-16,15:22:00,37.1501,37.1501,37.13,37.1395,5704.0,1.0,0.0,0.0
2016-02-16,15:25:00,37.13,37.19,37.13,37.18,23751.0,1.0,0.0,0.0
2016-02-16,15:28:00,37.18,37.21,37.18,37.2,6628.0,1.0,0.0,0.0
2016-02-16,15:31:00,37.2,37.225,37.1501,37.16,16494.0,1.0,0.0,0.0
2016-02-16,15:34:00,37.17,37.17,37.15,37.17,3888.0,1.0,0.0,0.0
2016-02-16,15:37:00,37.17,37.19,37.16,37.181,12671.0,1.0,0.0,0.0
2016-02-16,15:40:00,37.185,37.185,37.09,37.09,23833.0,1.0,0.0,0.0
2016-02-16,15:43:00,37.09,37.19,37.09,37.175,14017.0,1.0,0.0,0.0
2016-02-16,15:46:00,37.175,37.19,37.12,37.13,13969.0,1.0,0.0,0.0
2016-02-16,15:49:00,37.125,37.16,37.12,37.135,31100.0,1.0,0.0,0.0
2016-02-16,15:52:00,37.14,37.17,37.13,37.14,18876.0,1.0,0.0,0.0
2016-02-16,15:55:00,37.15,37.19,37.14,37.165,17630.0,1.0,0.0,0.0
2016-02-16,15:58:00,37.17,37.22,37.16,37.215,24509.0,1.0,0.0,0.0
2016-02-17,09:31:00,37.22,38.055,37.18,37.82,43376.0,1.0,0.0,0.0
2016-02-17,09:34:00,37.87,38.08,37.79,38.0,19184.0,1.0,0.0,0.0
2016-02-17,09:37:00,38.1,38.1,37.81,37.96,10614.0,1.0,0.0,0.0
2016-02-17,09:40:00,37.99,38.36,37.99,38.27,9162.0,1.0,0.0,0.0
2016-02-17,09:43:00,38.25,38.31,38.1033,38.12,4189.0,1.0,0.0,0.0
2016-02-17,09:46:00,38.15,38.2,38.08,38.1,4312.0,1.0,0.0,0.0
2016-02-17,09:49:00,38.1,38.16,37.94,37.99,26541.0,1.0,0.0,0.0
2016-02-17,09:52:00,38.0,38.22,38.0,38.22,21534.0,1.0,0.0,0.0
2016-02-17,09:55:00,38.21,38.39,38.204,38.22,4872.0,1.0,0.0,0.0
2016-02-17,09:58:00,38.2,38.23,38.12,38.12,6026.0,1.0,0.0,0.0
2016-02-17,10:01:00,38.1,38.24,38.08,38.16,9817.0,1.0,0.0,0.0
2016-02-17,10:04:00,38.171,38.18,38.07,38.1,3497.0,1.0,0.0,0.0
2016-02-17,10:07:00,38.12,38.23,38.12,38.21,4648.0,1.0,0.0,0.0
2016-02-17,10:10:00,38.24,38.32,38.22,38.32,5909.0,1.0,0.0,0.0
2016-02-17,10:13:00,38.32,38.37,38.31,38.33,5202.0,1.0,0.0,0.0
2016-02-17,10:16:00,38.34,38.35,38.29,38.29,3926.0,1.0,0.0,0.0
2016-02-17,10:19:00,38.31,38.42,38.28,38.38,4105.0,1.0,0.0,0.0
2016-02-17,10:22:00,38.4,38.52,38.4,38.49,29228.0,1.0,0.0,0.0
2016-02-17,10:25:00,38.49,38.67,38.49,38.65,23075.0,1.0,0.0,0.0
2016-02-17,10:28:00,38.65,38.685,38.53,38.57,9108.0,1.0,0.0,0.0
2016-02-17,10:31:00,38.565,38.65,38.54,38.58,8322.0,1.0,0.0,0.0
2016-02-17,10:34:00,38.57,38.66,38.55,38.66,7167.0,1.0,0.0,0.0
2016-02-17,10:37:00,38.6484,38.69,38.6,38.61,8689.0,1.0,0.0,0.0
2016-02-17,10:40:00,38.61,38.62,38.5,38.52,7134.0,1.0,0.0,0.0
2016-02-17,10:43:00,38.53,38.63,38.53,38.59,6002.0,1.0,0.0,0.0
2016-02-17,10:46:00,38.6,38.63,38.59,38.6,6457.0,1.0,0.0,0.0
2016-02-17,10:49:00,38.61,38.72,38.61,38.72,3463.0,1.0,0.0,0.0
2016-02-17,10:52:00,38.72,38.76,38.7,38.75,3653.0,1.0,0.0,0.0
2016-02-17,10:55:00,38.74,38.85,38.73,38.8499,3851.0,1.0,0.0,0.0
2016-02-17,10:58:00,38.84,38.85,38.7975,38.7975,5115.0,1.0,0.0,0.0
2016-02-17,11:01:00,38.79,38.79,38.65,38.69,11746.0,1.0,0.0,0.0
2016-02-17,11:04:00,38.69,38.7299,38.68,38.68,2277.0,1.0,0.0,0.0
2016-02-17,11:07:00,38.66,38.68,38.61,38.62,8794.0,1.0,0.0,0.0
2016-02-17,11:10:00,38.62,38.62,38.48,38.48,11448.0,1.0,0.0,0.0
2016-02-17,11:13:00,38.51,38.52,38.46,38.4601,6365.0,1.0,0.0,0.0
2016-02-17,11:16:00,38.46,38.46,38.42,38.46,8327.0,1.0,0.0,0.0
2016-02-17,11:19:00,38.46,38.49,38.45,38.47,4725.0,1.0,0.0,0.0
2016-02-17,11:22:00,38.475,38.475,38.41,38.44,9460.0,1.0,0.0,0.0
2016-02-17,11:25:00,38.43,38.49,38.37,38.49,4040.0,1.0,0.0,0.0
2016-02-17,11:28:00,38.48,38.48,38.44,38.48,2228.0,1.0,0.0,0.0
2016-02-17,11:31:00,38.47,38.48,38.44,38.45,2563.0,1.0,0.0,0.0
2016-02-17,11:34:00,38.45,38.53,38.45,38.52,2450.0,1.0,0.0,0.0
2016-02-17,11:37:00,38.52,38.52,38.42,38.43,8454.0,1.0,0.0,0.0
2016-02-17,11:40:00,38.46,38.48,38.44,38.44,2274.0,1.0,0.0,0.0
2016-02-17,11:43:00,38.45,38.49,38.44,38.48,6071.0,1.0,0.0,0.0
2016-02-17,11:46:00,38.46,38.465,38.38,38.41,9408.0,1.0,0.0,0.0
2016-02-17,11:49:00,38.42,38.47,38.3901,38.43,6301.0,1.0,0.0,0.0
2016-02-17,11:52:00,38.45,38.49,38.44,38.46,2652.0,1.0,0.0,0.0
2016-02-17,11:55:00,38.46,38.5,38.45,38.49,3023.0,1.0,0.0,0.0
2016-02-17,11:58:00,38.48,38.48,38.43,38.45,3691.0,1.0,0.0,0.0
2016-02-17,12:01:00,38.46,38.49,38.46,38.49,2863.0,1.0,0.0,0.0
2016-02-17,12:04:00,38.48,38.48,38.44,38.47,7501.0,1.0,0.0,0.0
2016-02-17,12:07:00,38.47,38.52,38.47,38.52,3096.0,1.0,0.0,0.0
2016-02-17,12:10:00,38.51,38.52,38.47,38.48,4085.0,1.0,0.0,0.0
2016-02-17,12:13:00,38.47,38.475,38.45,38.47,3081.0,1.0,0.0,0.0
2016-02-17,12:16:00,38.463,38.5001,38.463,38.47,4195.0,1.0,0.0,0.0
2016-02-17,12:19:00,38.47,38.52,38.47,38.51,3351.0,1.0,0.0,0.0
2016-02-17,12:22:00,38.51,38.51,38.48,38.49,3103.0,1.0,0.0,0.0
2016-02-17,12:25:00,38.49,38.52,38.49,38.52,4239.0,1.0,0.0,0.0
2016-02-17,12:28:00,38.52,38.52,38.47,38.47,2893.0,1.0,0.0,0.0
2016-02-17,12:31:00,38.47,38.48,38.46,38.48,3240.0,1.0,0.0,0.0
2016-02-17,12:34:00,38.49,38.52,38.49,38.52,3321.0,1.0,0.0,0.0
2016-02-17,12:37:00,38.51,38.58,38.5044,38.55,7291.0,1.0,0.0,0.0
2016-02-17,12:40:00,38.5501,38.56,38.53,38.53,7344.0,1.0,0.0,0.0
2016-02-17,12:43:00,38.53,38.54,38.44,38.44,5093.0,1.0,0.0,0.0
2016-02-17,12:46:00,38.43,38.43,38.4004,38.43,4078.0,1.0,0.0,0.0
2016-02-17,12:49:00,38.45,38.45,38.42,38.43,2646.0,1.0,0.0,0.0
2016-02-17,12:53:00,38.44,38.49,38.44,38.49,3776.0,1.0,0.0,0.0
2016-02-17,12:56:00,38.51,38.53,38.5,38.52,903.0,1.0,0.0,0.0
2016-02-17,12:59:00,38.51,38.51,38.48,38.49,2904.0,1.0,0.0,0.0
2016-02-17,13:02:00,38.49,38.49,38.42,38.45,10137.0,1.0,0.0,0.0
2016-02-17,13:05:00,38.46,38.46,38.43,38.45,4582.0,1.0,0.0,0.0
2016-02-17,13:08:00,38.44,38.5,38.44,38.5,2252.0,1.0,0.0,0.0
2016-02-17,13:11:00,38.49,38.5,38.43,38.43,3174.0,1.0,0.0,0.0
2016-02-17,13:14:00,38.44,38.45,38.41,38.45,6884.0,1.0,0.0,0.0
2016-02-17,13:17:00,38.43,38.47,38.43,38.46,2507.0,1.0,0.0,0.0
2016-02-17,13:21:00,38.45,38.45,38.42,38.42,4784.0,1.0,0.0,0.0
2016-02-17,13:24:00,38.42,38.43,38.39,38.4,7869.0,1.0,0.0,0.0
2016-02-17,13:27:00,38.4,38.44,38.4,38.4301,2309.0,1.0,0.0,0.0
2016-02-17,13:30:00,38.45,38.48,38.42,38.4259,10449.0,1.0,0.0,0.0
2016-02-17,13:33:00,38.42,38.43,38.39,38.39,13172.0,1.0,0.0,0.0
2016-02-17,13:36:00,38.4,38.44,38.39,38.44,5839.0,1.0,0.0,0.0
2016-02-17,13:39:00,38.43,38.43,38.38,38.39,10314.0,1.0,0.0,0.0
2016-02-17,13:42:00,38.39,38.43,38.38,38.43,4551.0,1.0,0.0,0.0
2016-02-17,13:45:00,38.43,38.43,38.41,38.41,823.0,1.0,0.0,0.0
2016-02-17,13:48:00,38.41,38.45,38.4,38.45,2964.0,1.0,0.0,0.0
2016-02-17,13:51:00,38.45,38.45,38.405,38.44,9312.0,1.0,0.0,0.0
2016-02-17,13:54:00,38.44,38.48,38.43,38.43,6360.0,1.0,0.0,0.0
2016-02-17,13:57:00,38.43,38.46,38.42,38.46,1809.0,1.0,0.0,0.0
2016-02-17,14:00:00,38.463,38.47,38.42,38.42,5192.0,1.0,0.0,0.0
2016-02-17,14:03:00,38.41,38.45,38.38,38.45,8366.0,1.0,0.0,0.0
2016-02-17,14:06:00,38.45,38.45,38.365,38.3801,8271.0,1.0,0.0,0.0
2016-02-17,14:09:00,38.39,38.44,38.38,38.42,6200.0,1.0,0.0,0.0
2016-02-17,14:13:00,38.42,38.44,38.41,38.41,4387.0,1.0,0.0,0.0
2016-02-17,14:16:00,38.4199,38.5,38.41,38.48,5759.0,1.0,0.0,0.0
2016-02-17,14:19:00,38.48,38.49,38.4401,38.4599,6315.0,1.0,0.0,0.0
2016-02-17,14:22:00,38.455,38.49,38.45,38.46,5534.0,1.0,0.0,0.0
2016-02-17,14:25:00,38.46,38.47,38.4375,38.46,3478.0,1.0,0.0,0.0
2016-02-17,14:28:00,38.46,38.4799,38.45,38.465,3464.0,1.0,0.0,0.0
2016-02-17,14:31:00,38.47,38.4701,38.425,38.4599,7950.0,1.0,0.0,0.0
2016-02-17,14:34:00,38.46,38.46,38.4199,38.4199,2237.0,1.0,0.0,0.0
2016-02-17,14:37:00,38.41,38.42,38.4,38.405,5403.0,1.0,0.0,0.0
2016-02-17,14:40:00,38.41,38.41,38.39,38.39,4010.0,1.0,0.0,0.0
2016-02-17,14:43:00,38.395,38.4501,38.395,38.4501,13038.0,1.0,0.0,0.0
2016-02-17,14:46:00,38.47,38.49,38.445,38.445,7369.0,1.0,0.0,0.0
2016-02-17,14:49:00,38.45,38.45,38.39,38.39,5721.0,1.0,0.0,0.0
2016-02-17,14:52:00,38.38,38.38,38.3,38.3,6719.0,1.0,0.0,0.0
2016-02-17,14:55:00,38.3,38.3,38.2827,38.29,4059.0,1.0,0.0,0.0
2016-02-17,14:58:00,38.29,38.3,38.27,38.28,4154.0,1.0,0.0,0.0
2016-02-17,15:01:00,38.28,38.305,38.27,38.2795,3172.0,1.0,0.0,0.0
2016-02-17,15:04:00,38.28,38.34,38.275,38.34,6343.0,1.0,0.0,0.0
2016-02-17,15:07:00,38.35,38.42,38.35,38.4,5710.0,1.0,0.0,0.0
2016-02-17,15:10:00,38.41,38.44,38.405,38.42,5813.0,1.0,0.0,0.0
2016-02-17,15:13:00,38.4101,38.49,38.4101,38.46,3900.0,1.0,0.0,0.0
2016-02-17,15:16:00,38.46,38.5,38.46,38.5,2699.0,1.0,0.0,0.0
2016-02-17,15:19:00,38.5,38.52,38.4801,38.49,4886.0,1.0,0.0,0.0
2016-02-17,15:22:00,38.49,38.49,38.42,38.42,3548.0,1.0,0.0,0.0
2016-02-17,15:25:00,38.42,38.43,38.36,38.39,5416.0,1.0,0.0,0.0
2016-02-17,15:28:00,38.4,38.44,38.4,38.44,2842.0,1.0,0.0,0.0
2016-02-17,15:31:00,38.44,38.48,38.44,38.46,6977.0,1.0,0.0,0.0
2016-02-17,15:34:00,38.45,38.48,38.45,38.45,7171.0,1.0,0.0,0.0
2016-02-17,15:37:00,38.44,38.445,38.4,38.43,7177.0,1.0,0.0,0.0
2016-02-17,15:40:00,38.43,38.5,38.43,38.49,10090.0,1.0,0.0,0.0
2016-02-17,15:43:00,38.49,38.53,38.49,38.515,12120.0,1.0,0.0,0.0
2016-02-17,15:46:00,38.52,38.54,38.51,38.515,19974.0,1.0,0.0,0.0
2016-02-17,15:49:00,38.5101,38.52,38.51,38.52,6805.0,1.0,0.0,0.0
2016-02-17,15:52:00,38.52,38.53,38.51,38.52,14208.0,1.0,0.0,0.0
2016-02-17,15:55:00,38.52,38.54,38.51,38.52,22059.0,1.0,0.0,0.0
2016-02-17,15:58:00,38.51,38.52,38.44,38.47,56366.0,1.0,0.0,0.0
2016-02-18,09:31:00,38.465,38.8,38.42,38.8,56257.0,1.0,0.0,0.0
2016-02-18,09:34:00,38.72,38.73,38.3,38.4,2569.0,1.0,0.0,0.0
2016-02-18,09:37:00,38.4,38.55,38.4,38.5,10412.0,1.0,0.0,0.0
2016-02-18,09:40:00,38.5,38.5,38.42,38.42,1736.0,1.0,0.0,0.0
2016-02-18,09:43:00,38.39,38.49,38.39,38.42,1521.0,1.0,0.0,0.0
2016-02-18,09:46:00,38.42,38.43,38.28,38.28,1474.0,1.0,0.0,0.0
2016-02-18,09:49:00,38.29,38.44,38.29,38.44,2530.0,1.0,0.0,0.0
2016-02-18,09:52:00,38.45,38.6,38.45,38.596,1505.0,1.0,0.0,0.0
2016-02-18,09:55:00,38.63,38.63,38.52,38.6,10335.0,1.0,0.0,0.0
2016-02-18,09:58:00,38.64,38.64,38.55,38.58,1554.0,1.0,0.0,0.0
2016-02-18,10:01:00,38.57,38.64,38.47,38.48,6506.0,1.0,0.0,0.0
2016-02-18,10:04:00,38.48,38.57,38.44,38.57,2763.0,1.0,0.0,0.0
2016-02-18,10:07:00,38.56,38.56,38.36,38.39,5326.0,1.0,0.0,0.0
2016-02-18,10:10:00,38.39,38.4,38.25,38.28,4071.0,1.0,0.0,0.0
2016-02-18,10:13:00,38.26,38.35,38.22,38.35,3513.0,1.0,0.0,0.0
2016-02-18,10:16:00,38.349000000000004,38.42,38.312,38.312,2845.0,1.0,0.0,0.0
2016-02-18,10:19:00,38.33,38.37,38.3,38.37,3202.0,1.0,0.0,0.0
2016-02-18,10:22:00,38.34,38.35,38.3,38.33,1776.0,1.0,0.0,0.0
2016-02-18,10:25:00,38.35,38.43,38.33,38.4,4135.0,1.0,0.0,0.0
2016-02-18,10:28:00,38.42,38.437,38.39,38.4,2187.0,1.0,0.0,0.0
2016-02-18,10:31:00,38.39,38.4029,38.33,38.3468,2211.0,1.0,0.0,0.0
2016-02-18,10:34:00,38.36,38.42,38.305,38.31,3369.0,1.0,0.0,0.0
2016-02-18,10:37:00,38.29,38.29,38.19,38.19,5568.0,1.0,0.0,0.0
2016-02-18,10:40:00,38.2,38.24,38.11,38.14,3478.0,1.0,0.0,0.0
2016-02-18,10:43:00,38.14,38.14,38.08,38.13,3457.0,1.0,0.0,0.0
2016-02-18,10:46:00,38.18,38.29,38.18,38.27,5650.0,1.0,0.0,0.0
2016-02-18,10:49:00,38.24,38.28,38.1906,38.22,8953.0,1.0,0.0,0.0
2016-02-18,10:52:00,38.2086,38.29,38.2086,38.28,1755.0,1.0,0.0,0.0
2016-02-18,10:55:00,38.27,38.35,38.27,38.35,3467.0,1.0,0.0,0.0
2016-02-18,10:58:00,38.36,38.37,38.35,38.37,1582.0,1.0,0.0,0.0
2016-02-18,11:01:00,38.4,38.4099,38.27,38.31,4160.0,1.0,0.0,0.0
2016-02-18,11:04:00,38.36,38.37,38.27,38.29,13422.0,1.0,0.0,0.0
2016-02-18,11:07:00,38.28,38.28,38.19,38.19,1173.0,1.0,0.0,0.0
2016-02-18,11:10:00,38.16,38.19,38.13,38.15,3316.0,1.0,0.0,0.0
2016-02-18,11:13:00,38.14,38.19,38.13,38.18,1647.0,1.0,0.0,0.0
2016-02-18,11:16:00,38.17,38.24,38.17,38.22,4420.0,1.0,0.0,0.0
2016-02-18,11:19:00,38.23,38.23,38.08,38.08,5370.0,1.0,0.0,0.0
2016-02-18,11:22:00,38.08,38.08,38.03,38.06,3231.0,1.0,0.0,0.0
2016-02-18,11:25:00,38.09,38.09,37.9999,38.01,3373.0,1.0,0.0,0.0
2016-02-18,11:28:00,38.04,38.09,38.03,38.07,3632.0,1.0,0.0,0.0
2016-02-18,11:31:00,38.08,38.12,38.07,38.12,1872.0,1.0,0.0,0.0
2016-02-18,11:34:00,38.1,38.13,38.07,38.1,2926.0,1.0,0.0,0.0
2016-02-18,11:37:00,38.08,38.08,38.01,38.03,4032.0,1.0,0.0,0.0
2016-02-18,11:40:00,38.05,38.05,38.01,38.0399,4403.0,1.0,0.0,0.0
2016-02-18,11:43:00,38.03,38.06,38.0,38.03,3521.0,1.0,0.0,0.0
2016-02-18,11:46:00,38.0,38.0,37.94,37.94,2336.0,1.0,0.0,0.0
2016-02-18,11:49:00,37.95,37.98,37.91,37.95,4322.0,1.0,0.0,0.0
2016-02-18,11:52:00,37.95,37.95,37.9,37.94,4374.0,1.0,0.0,0.0
2016-02-18,11:55:00,37.95,37.986,37.94,37.96,2790.0,1.0,0.0,0.0
2016-02-18,11:58:00,37.98,38.0,37.94,37.99,1622.0,1.0,0.0,0.0
2016-02-18,12:01:00,38.02,38.07,38.02,38.04,4357.0,1.0,0.0,0.0
2016-02-18,12:04:00,38.0398,38.04,38.01,38.01,2414.0,1.0,0.0,0.0
2016-02-18,12:07:00,38.0,38.0,37.98,38.0,1410.0,1.0,0.0,0.0
2016-02-18,12:10:00,37.99,38.05,37.99,38.02,3740.0,1.0,0.0,0.0
2016-02-18,12:13:00,38.02,38.04,38.02,38.02,2054.0,1.0,0.0,0.0
2016-02-18,12:16:00,38.03,38.05,38.02,38.05,2871.0,1.0,0.0,0.0
2016-02-18,12:19:00,38.03,38.046,38.01,38.03,2313.0,1.0,0.0,0.0
2016-02-18,12:22:00,38.04,38.05,37.98,38.04,4984.0,1.0,0.0,0.0
2016-02-18,12:25:00,38.03,38.09,38.02,38.09,2068.0,1.0,0.0,0.0
2016-02-18,12:28:00,38.1,38.17,38.1,38.14,2360.0,1.0,0.0,0.0
2016-02-18,12:31:00,38.14,38.14,38.1,38.1,1224.0,1.0,0.0,0.0
2016-02-18,12:34:00,38.1,38.1,38.08,38.08,2993.0,1.0,0.0,0.0
2016-02-18,12:37:00,38.09,38.1,38.08,38.09,3320.0,1.0,0.0,0.0
2016-02-18,12:40:00,38.1,38.1,38.0,38.01,5849.0,1.0,0.0,0.0
2016-02-18,12:43:00,37.99,37.99,37.97,37.98,2274.0,1.0,0.0,0.0
2016-02-18,12:46:00,37.98,37.98,37.9,37.9,2817.0,1.0,0.0,0.0
2016-02-18,12:49:00,37.9,37.92,37.85,37.86,3757.0,1.0,0.0,0.0
2016-02-18,12:52:00,37.87,37.92,37.87,37.91,8775.0,1.0,0.0,0.0
2016-02-18,12:55:00,37.92,37.96,37.91,37.95,3915.0,1.0,0.0,0.0
2016-02-18,12:58:00,37.96,37.97,37.92,37.94,15617.0,1.0,0.0,0.0
2016-02-18,13:01:00,37.94,37.95,37.84,37.84,9633.0,1.0,0.0,0.0
2016-02-18,13:04:00,37.8352,37.87,37.82,37.84,4358.0,1.0,0.0,0.0
2016-02-18,13:07:00,37.84,37.84,37.79,37.82,5608.0,1.0,0.0,0.0
2016-02-18,13:10:00,37.811,37.811,37.79,37.8,4963.0,1.0,0.0,0.0
2016-02-18,13:13:00,37.8,37.8,37.73,37.73,8390.0,1.0,0.0,0.0
2016-02-18,13:16:00,37.74,37.74,37.69,37.69,6166.0,1.0,0.0,0.0
2016-02-18,13:19:00,37.69,37.73,37.63,37.73,9805.0,1.0,0.0,0.0
2016-02-18,13:22:00,37.73,37.74,37.69,37.71,4887.0,1.0,0.0,0.0
2016-02-18,13:25:00,37.71,37.74,37.6901,37.74,4530.0,1.0,0.0,0.0
2016-02-18,13:28:00,37.74,37.75,37.71,37.75,3678.0,1.0,0.0,0.0
2016-02-18,13:31:00,37.75,37.75,37.7,37.7,4430.0,1.0,0.0,0.0
2016-02-18,13:34:00,37.7,37.72,37.66,37.72,8765.0,1.0,0.0,0.0
2016-02-18,13:37:00,37.72,37.72,37.65,37.65,3488.0,1.0,0.0,0.0
2016-02-18,13:40:00,37.65,37.67,37.63,37.64,5163.0,1.0,0.0,0.0
2016-02-18,13:43:00,37.63,37.63,37.59,37.62,6241.0,1.0,0.0,0.0
2016-02-18,13:46:00,37.6,37.64,37.59,37.64,2885.0,1.0,0.0,0.0
2016-02-18,13:49:00,37.64,37.64,37.58,37.61,4051.0,1.0,0.0,0.0
2016-02-18,13:52:00,37.61,37.6899,37.61,37.6899,2565.0,1.0,0.0,0.0
2016-02-18,13:55:00,37.6899,37.7173,37.68,37.71,1863.0,1.0,0.0,0.0
2016-02-18,13:59:00,37.6901,37.73,37.68,37.73,3934.0,1.0,0.0,0.0
2016-02-18,14:02:00,37.74,37.8,37.72,37.8,5946.0,1.0,0.0,0.0
2016-02-18,14:05:00,37.8,37.85,37.8,37.84,3033.0,1.0,0.0,0.0
2016-02-18,14:08:00,37.82,37.86,37.82,37.85,1637.0,1.0,0.0,0.0
2016-02-18,14:11:00,37.85,37.85,37.82,37.845,3934.0,1.0,0.0,0.0
2016-02-18,14:14:00,37.845,37.88,37.8415,37.87,5979.0,1.0,0.0,0.0
2016-02-18,14:17:00,37.88,37.9,37.875,37.89,5507.0,1.0,0.0,0.0
2016-02-18,14:20:00,37.88,37.91,37.86,37.91,3336.0,1.0,0.0,0.0
2016-02-18,14:23:00,37.91,37.93,37.91,37.93,2872.0,1.0,0.0,0.0
2016-02-18,14:26:00,37.92,37.97,37.92,37.97,3201.0,1.0,0.0,0.0
2016-02-18,14:29:00,37.96,38.0,37.96,38.0,2071.0,1.0,0.0,0.0
2016-02-18,14:32:00,38.01,38.1,38.005,38.09,4449.0,1.0,0.0,0.0
2016-02-18,14:35:00,38.09,38.16,38.0801,38.16,3719.0,1.0,0.0,0.0
2016-02-18,14:38:00,38.16,38.17,38.15,38.16,3927.0,1.0,0.0,0.0
2016-02-18,14:41:00,38.16,38.16,38.13,38.14,2528.0,1.0,0.0,0.0
2016-02-18,14:44:00,38.13,38.17,38.13,38.13,5459.0,1.0,0.0,0.0
2016-02-18,14:47:00,38.13,38.13,38.1,38.11,3253.0,1.0,0.0,0.0
2016-02-18,14:50:00,38.12,38.13,38.11,38.11,4802.0,1.0,0.0,0.0
2016-02-18,14:53:00,38.12,38.16,38.12,38.16,3365.0,1.0,0.0,0.0
2016-02-18,14:56:00,38.16,38.18,38.15,38.17,3239.0,1.0,0.0,0.0
2016-02-18,14:59:00,38.17,38.19,38.17,38.19,2335.0,1.0,0.0,0.0
2016-02-18,15:02:00,38.18,38.19,38.155,38.16,3325.0,1.0,0.0,0.0
2016-02-18,15:05:00,38.16,38.16,38.12,38.12,3853.0,1.0,0.0,0.0
2016-02-18,15:08:00,38.13,38.13,38.09,38.11,3886.0,1.0,0.0,0.0
2016-02-18,15:11:00,38.1,38.105,38.08,38.105,2530.0,1.0,0.0,0.0
2016-02-18,15:14:00,38.11,38.11,38.05,38.05,2259.0,1.0,0.0,0.0
2016-02-18,15:17:00,38.05,38.09,38.05,38.07,3814.0,1.0,0.0,0.0
2016-02-18,15:20:00,38.07,38.09,38.07,38.07,2237.0,1.0,0.0,0.0
2016-02-18,15:23:00,38.07,38.07,38.03,38.06,4500.0,1.0,0.0,0.0
2016-02-18,15:26:00,38.06,38.07,38.02,38.02,3148.0,1.0,0.0,0.0
2016-02-18,15:29:00,38.03,38.03,37.97,38.0,12757.0,1.0,0.0,0.0
2016-02-18,15:32:00,37.99,38.03,37.98,38.01,8632.0,1.0,0.0,0.0
2016-02-18,15:35:00,38.01,38.03,38.0,38.0,4547.0,1.0,0.0,0.0
2016-02-18,15:38:00,38.0,38.03,38.0,38.01,6606.0,1.0,0.0,0.0
2016-02-18,15:41:00,38.0,38.04,38.0,38.02,7895.0,1.0,0.0,0.0
2016-02-18,15:44:00,38.02,38.025,37.97,37.9785,9144.0,1.0,0.0,0.0
2016-02-18,15:47:00,37.99,37.99,37.9201,37.93,11605.0,1.0,0.0,0.0
2016-02-18,15:50:00,37.92,37.9468,37.92,37.93,5676.0,1.0,0.0,0.0
2016-02-18,15:53:00,37.93,37.97,37.93,37.97,11321.0,1.0,0.0,0.0
2016-02-18,15:56:00,37.97,38.0,37.95,37.98,19437.0,1.0,0.0,0.0
2016-02-18,15:59:00,37.98,38.02,37.98,37.99,40659.0,1.0,0.0,0.0
2016-02-19,09:32:00,37.43,37.49,37.03,37.13,61645.0,1.0,0.0,0.0
2016-02-19,09:35:00,37.14,37.17,36.99,37.01,5174.0,1.0,0.0,0.0
2016-02-19,09:38:00,36.9,37.07,36.8,36.83,14677.0,1.0,0.0,0.0
2016-02-19,09:41:00,36.795,36.87,36.69,36.81,8042.0,1.0,0.0,0.0
2016-02-19,09:44:00,36.8,36.99,36.74,36.92,8390.0,1.0,0.0,0.0
2016-02-19,09:47:00,36.97,36.97,36.86,36.87,7378.0,1.0,0.0,0.0
2016-02-19,09:50:00,36.89,37.05,36.88,37.0,3977.0,1.0,0.0,0.0
2016-02-19,09:53:00,36.99,37.02,36.94,36.99,2597.0,1.0,0.0,0.0
2016-02-19,09:56:00,37.01,37.08,36.97,37.07,4010.0,1.0,0.0,0.0
2016-02-19,10:00:00,37.06,37.06,36.87,36.88,4297.0,1.0,0.0,0.0
2016-02-19,10:03:00,36.87,36.91,36.75,36.75,33064.0,1.0,0.0,0.0
2016-02-19,10:06:00,36.77,36.84,36.72,36.83,4902.0,1.0,0.0,0.0
2016-02-19,10:09:00,36.83,36.86,36.8,36.81,4697.0,1.0,0.0,0.0
2016-02-19,10:12:00,36.8,36.93,36.79,36.93,4136.0,1.0,0.0,0.0
2016-02-19,10:15:00,36.95,36.98,36.92,36.98,6946.0,1.0,0.0,0.0
2016-02-19,10:18:00,36.98,37.2,36.98,37.13,8413.0,1.0,0.0,0.0
2016-02-19,10:21:00,37.13,37.3,37.1,37.25,2818.0,1.0,0.0,0.0
2016-02-19,10:24:00,37.24,37.33,37.22,37.33,6105.0,1.0,0.0,0.0
2016-02-19,10:27:00,37.33,37.33,37.18,37.3,8179.0,1.0,0.0,0.0
2016-02-19,10:30:00,37.29,37.36,37.29,37.335,3415.0,1.0,0.0,0.0
2016-02-19,10:33:00,37.34,37.41,37.34,37.41,2235.0,1.0,0.0,0.0
2016-02-19,10:36:00,37.45,37.49,37.4,37.43,2547.0,1.0,0.0,0.0
2016-02-19,10:39:00,37.41,37.41,37.33,37.35,1471.0,1.0,0.0,0.0
2016-02-19,10:42:00,37.33,37.41,37.33,37.38,5048.0,1.0,0.0,0.0
2016-02-19,10:45:00,37.4,37.44,37.36,37.423,2251.0,1.0,0.0,0.0
2016-02-19,10:48:00,37.42,37.51,37.42,37.48,6317.0,1.0,0.0,0.0
2016-02-19,10:51:00,37.48,37.5441,37.46,37.52,2420.0,1.0,0.0,0.0
2016-02-19,10:54:00,37.5,37.53,37.47,37.47,3097.0,1.0,0.0,0.0
2016-02-19,10:57:00,37.47,37.53,37.47,37.52,943.0,1.0,0.0,0.0
2016-02-19,11:00:00,37.52,37.53,37.44,37.49,6945.0,1.0,0.0,0.0
2016-02-19,11:03:00,37.51,37.53,37.43,37.43,2599.0,1.0,0.0,0.0
2016-02-19,11:06:00,37.44,37.48,37.39,37.43,7347.0,1.0,0.0,0.0
2016-02-19,11:09:00,37.43,37.45,37.39,37.41,2537.0,1.0,0.0,0.0
2016-02-19,11:12:00,37.39,37.48,37.39,37.46,2182.0,1.0,0.0,0.0
2016-02-19,11:15:00,37.46,37.46,37.38,37.43,3355.0,1.0,0.0,0.0
2016-02-19,11:18:00,37.44,37.5,37.43,37.47,3665.0,1.0,0.0,0.0
2016-02-19,11:22:00,37.49,37.52,37.48,37.482,2993.0,1.0,0.0,0.0
2016-02-19,11:25:00,37.48,37.5,37.433,37.433,1539.0,1.0,0.0,0.0
2016-02-19,11:28:00,37.43,37.52,37.43,37.52,2102.0,1.0,0.0,0.0
2016-02-19,11:31:00,37.54,37.671,37.54,37.66,5459.0,1.0,0.0,0.0
2016-02-19,11:34:00,37.661,37.73,37.66,37.73,3651.0,1.0,0.0,0.0
2016-02-19,11:37:00,37.72,37.77,37.71,37.71,4136.0,1.0,0.0,0.0
2016-02-19,11:40:00,37.69,37.74,37.66,37.74,3138.0,1.0,0.0,0.0
2016-02-19,11:43:00,37.74,37.77,37.67,37.75,6058.0,1.0,0.0,0.0
2016-02-19,11:46:00,37.74,37.745,37.69,37.71,4082.0,1.0,0.0,0.0
2016-02-19,11:49:00,37.7,37.71,37.67,37.67,2523.0,1.0,0.0,0.0
2016-02-19,11:52:00,37.68,37.72,37.66,37.72,2253.0,1.0,0.0,0.0
2016-02-19,11:56:00,37.7,37.71,37.68,37.69,2195.0,1.0,0.0,0.0
2016-02-19,11:59:00,37.69,37.69,37.61,37.63,3762.0,1.0,0.0,0.0
2016-02-19,12:02:00,37.62,37.62,37.57,37.57,2537.0,1.0,0.0,0.0
2016-02-19,12:05:00,37.57,37.6,37.54,37.55,1367.0,1.0,0.0,0.0
2016-02-19,12:08:00,37.54,37.58,37.54,37.58,1383.0,1.0,0.0,0.0
2016-02-19,12:12:00,37.6,37.65,37.6,37.65,2769.0,1.0,0.0,0.0
2016-02-19,12:15:00,37.6401,37.6401,37.62,37.63,2263.0,1.0,0.0,0.0
2016-02-19,12:18:00,37.63,37.63,37.55,37.56,1967.0,1.0,0.0,0.0
2016-02-19,12:22:00,37.56,37.6,37.55,37.56,1836.0,1.0,0.0,0.0
2016-02-19,12:25:00,37.55,37.6,37.55,37.59,919.0,1.0,0.0,0.0
2016-02-19,12:28:00,37.5954,37.62,37.59,37.62,2444.0,1.0,0.0,0.0
2016-02-19,12:32:00,37.61,37.64,37.6,37.63,1899.0,1.0,0.0,0.0
2016-02-19,12:35:00,37.61,37.62,37.59,37.62,1696.0,1.0,0.0,0.0
2016-02-19,12:40:00,37.6184,37.652,37.6184,37.652,2728.0,1.0,0.0,0.0
2016-02-19,12:43:00,37.68,37.7,37.68,37.69,753.0,1.0,0.0,0.0
2016-02-19,12:46:00,37.71,37.71,37.65,37.65,1212.0,1.0,0.0,0.0
2016-02-19,12:50:00,37.65,37.72,37.65,37.72,2519.0,1.0,0.0,0.0
2016-02-19,12:54:00,37.73,37.74,37.71,37.73,1530.0,1.0,0.0,0.0
2016-02-19,12:57:00,37.72,37.75,37.6888,37.74,2889.0,1.0,0.0,0.0
2016-02-19,13:00:00,37.73,37.78,37.72,37.78,1498.0,1.0,0.0,0.0
2016-02-19,13:03:00,37.78,37.79,37.693000000000005,37.693000000000005,3006.0,1.0,0.0,0.0
2016-02-19,13:06:00,37.69,37.71,37.67,37.71,1864.0,1.0,0.0,0.0
2016-02-19,13:10:00,37.68,37.68,37.6,37.6,1719.0,1.0,0.0,0.0
2016-02-19,13:13:00,37.63,37.67,37.63,37.65,1978.0,1.0,0.0,0.0
2016-02-19,13:16:00,37.65,37.6601,37.63,37.64,2867.0,1.0,0.0,0.0
2016-02-19,13:19:00,37.6401,37.67,37.64,37.67,2887.0,1.0,0.0,0.0
2016-02-19,13:22:00,37.665,37.68,37.655,37.67,2528.0,1.0,0.0,0.0
2016-02-19,13:27:00,37.66,37.69,37.65,37.67,3223.0,1.0,0.0,0.0
2016-02-19,13:30:00,37.68,37.7,37.67,37.69,3312.0,1.0,0.0,0.0
2016-02-19,13:34:00,37.7,37.71,37.68,37.71,2990.0,1.0,0.0,0.0
2016-02-19,13:37:00,37.71,37.72,37.69,37.7079,1845.0,1.0,0.0,0.0
2016-02-19,13:40:00,37.72,37.72,37.69,37.7,1050.0,1.0,0.0,0.0
2016-02-19,13:43:00,37.7,37.73,37.68,37.68,11730.0,1.0,0.0,0.0
2016-02-19,13:46:00,37.66,37.75,37.65,37.75,14220.0,1.0,0.0,0.0
2016-02-19,13:49:00,37.75,37.8,37.75,37.8,6441.0,1.0,0.0,0.0
2016-02-19,13:52:00,37.8,37.8,37.77,37.78,838.0,1.0,0.0,0.0
2016-02-19,13:55:00,37.7701,37.7701,37.72,37.72,2560.0,1.0,0.0,0.0
2016-02-19,13:58:00,37.73,37.7472,37.7,37.7,2960.0,1.0,0.0,0.0
2016-02-19,14:01:00,37.6901,37.71,37.67,37.67,2050.0,1.0,0.0,0.0
2016-02-19,14:04:00,37.68,37.6934,37.67,37.69,4652.0,1.0,0.0,0.0
2016-02-19,14:07:00,37.69,37.71,37.67,37.7,3086.0,1.0,0.0,0.0
2016-02-19,14:10:00,37.69,37.69,37.67,37.69,1186.0,1.0,0.0,0.0
2016-02-19,14:13:00,37.68,37.69,37.66,37.6701,3282.0,1.0,0.0,0.0
2016-02-19,14:16:00,37.6701,37.68,37.64,37.671,3294.0,1.0,0.0,0.0
2016-02-19,14:19:00,37.67,37.67,37.64,37.64,1411.0,1.0,0.0,0.0
2016-02-19,14:22:00,37.6472,37.66,37.63,37.635,2272.0,1.0,0.0,0.0
2016-02-19,14:25:00,37.63,37.69,37.63,37.69,2164.0,1.0,0.0,0.0
2016-02-19,14:28:00,37.69,37.705,37.68,37.7,3637.0,1.0,0.0,0.0
2016-02-19,14:31:00,37.7,37.7,37.65,37.68,3856.0,1.0,0.0,0.0
2016-02-19,14:34:00,37.67,37.67,37.61,37.6299,2202.0,1.0,0.0,0.0
2016-02-19,14:37:00,37.62,37.66,37.62,37.65,4755.0,1.0,0.0,0.0
2016-02-19,14:40:00,37.66,37.705,37.655,37.7001,6933.0,1.0,0.0,0.0
2016-02-19,14:43:00,37.7,37.76,37.7,37.76,5130.0,1.0,0.0,0.0
2016-02-19,14:46:00,37.77,37.78,37.71,37.72,3168.0,1.0,0.0,0.0
2016-02-19,14:49:00,37.73,37.77,37.73,37.77,3744.0,1.0,0.0,0.0
2016-02-19,14:52:00,37.76,37.76,37.74,37.755,1501.0,1.0,0.0,0.0
2016-02-19,14:55:00,37.75,37.77,37.73,37.77,6675.0,1.0,0.0,0.0
2016-02-19,14:58:00,37.77,37.83,37.75,37.83,7395.0,1.0,0.0,0.0
2016-02-19,15:01:00,37.825,37.83,37.82,37.82,6342.0,1.0,0.0,0.0
2016-02-19,15:04:00,37.83,37.86,37.82,37.85,7105.0,1.0,0.0,0.0
2016-02-19,15:07:00,37.85,37.88,37.84,37.88,5374.0,1.0,0.0,0.0
2016-02-19,15:10:00,37.87,37.9,37.86,37.88,4110.0,1.0,0.0,0.0
2016-02-19,15:13:00,37.89,37.9,37.88,37.88,4613.0,1.0,0.0,0.0
2016-02-19,15:17:00,37.87,37.89,37.85,37.85,5291.0,1.0,0.0,0.0
2016-02-19,15:20:00,37.85,37.86,37.84,37.86,5479.0,1.0,0.0,0.0
2016-02-19,15:23:00,37.86,37.91,37.86,37.91,6106.0,1.0,0.0,0.0
2016-02-19,15:26:00,37.9,37.97,37.9,37.96,13101.0,1.0,0.0,0.0
2016-02-19,15:29:00,37.95,37.99,37.95,37.97,7003.0,1.0,0.0,0.0
2016-02-19,15:32:00,37.97,38.0,37.96,37.96,8691.0,1.0,0.0,0.0
2016-02-19,15:35:00,37.97,37.99,37.97,37.98,6605.0,1.0,0.0,0.0
2016-02-19,15:38:00,37.97,38.03,37.97,38.02,19041.0,1.0,0.0,0.0
2016-02-19,15:41:00,38.0299,38.12,38.0299,38.12,20040.0,1.0,0.0,0.0
2016-02-19,15:44:00,38.12,38.12,38.05,38.05,11021.0,1.0,0.0,0.0
2016-02-19,15:47:00,38.05,38.08,38.04,38.08,24645.0,1.0,0.0,0.0
2016-02-19,15:50:00,38.07,38.08,38.05,38.05,13595.0,1.0,0.0,0.0
2016-02-19,15:53:00,38.05,38.06,38.02,38.03,21022.0,1.0,0.0,0.0
2016-02-19,15:56:00,38.02,38.03,38.01,38.0101,24119.0,1.0,0.0,0.0
2016-02-19,15:59:00,38.01,38.02,37.99,38.0,79236.0,1.0,0.0,0.0
2016-02-22,09:32:00,38.46,39.0,38.46,38.98,9617.0,1.0,0.0,0.0
2016-02-22,09:35:00,38.99,39.11,38.77,39.11,10931.0,1.0,0.0,0.0
2016-02-22,09:38:00,39.13,39.14,38.88,39.09,8600.0,1.0,0.0,0.0
2016-02-22,09:41:00,39.14,39.19,39.05,39.05,4040.0,1.0,0.0,0.0
2016-02-22,09:44:00,39.09,39.1355,39.07,39.13,2837.0,1.0,0.0,0.0
2016-02-22,09:47:00,39.08,39.13,39.02,39.03,2101.0,1.0,0.0,0.0
2016-02-22,09:50:00,39.04,39.05,38.97,39.02,2791.0,1.0,0.0,0.0
2016-02-22,09:53:00,39.04,39.06,38.84,38.91,3312.0,1.0,0.0,0.0
2016-02-22,09:56:00,38.93,38.94,38.82,38.9,3934.0,1.0,0.0,0.0
2016-02-22,10:00:00,38.85,38.93,38.78,38.81,19975.0,1.0,0.0,0.0
2016-02-22,10:03:00,38.83,38.98,38.83,38.87,37789.0,1.0,0.0,0.0
2016-02-22,10:06:00,38.89,38.98,38.87,38.89,4144.0,1.0,0.0,0.0
2016-02-22,10:09:00,38.86,38.91,38.84,38.91,2708.0,1.0,0.0,0.0
2016-02-22,10:12:00,38.91,39.01,38.9,38.95,4854.0,1.0,0.0,0.0
2016-02-22,10:15:00,38.97,39.01,38.9301,38.95,3266.0,1.0,0.0,0.0
2016-02-22,10:18:00,38.92,38.9399,38.88,38.9399,1912.0,1.0,0.0,0.0
2016-02-22,10:21:00,38.912,38.912,38.84,38.85,2500.0,1.0,0.0,0.0
2016-02-22,10:25:00,38.85,38.885,38.78,38.81,3415.0,1.0,0.0,0.0
2016-02-22,10:28:00,38.83,38.9,38.81,38.81,6083.0,1.0,0.0,0.0
2016-02-22,10:31:00,38.83,38.87,38.8,38.82,3580.0,1.0,0.0,0.0
2016-02-22,10:34:00,38.82,38.82,38.76,38.78,10183.0,1.0,0.0,0.0
2016-02-22,10:37:00,38.75,38.78,38.74,38.7689,7961.0,1.0,0.0,0.0
2016-02-22,10:41:00,38.76,38.77,38.72,38.75,5813.0,1.0,0.0,0.0
2016-02-22,10:44:00,38.75,38.78,38.725,38.74,6601.0,1.0,0.0,0.0
2016-02-22,10:47:00,38.74,38.74,38.66,38.6842,5321.0,1.0,0.0,0.0
2016-02-22,10:50:00,38.68,38.705,38.6506,38.69,5209.0,1.0,0.0,0.0
2016-02-22,10:53:00,38.69,38.71,38.67,38.67,1617.0,1.0,0.0,0.0
2016-02-22,10:56:00,38.67,38.71,38.67,38.71,25042.0,1.0,0.0,0.0
2016-02-22,10:59:00,38.71,38.76,38.67,38.69,11283.0,1.0,0.0,0.0
2016-02-22,11:03:00,38.69,38.69,38.61,38.63,1817.0,1.0,0.0,0.0
2016-02-22,11:06:00,38.6,38.62,38.53,38.58,5881.0,1.0,0.0,0.0
2016-02-22,11:09:00,38.58,38.58,38.55,38.57,4370.0,1.0,0.0,0.0
2016-02-22,11:12:00,38.5699,38.59,38.55,38.59,8227.0,1.0,0.0,0.0
2016-02-22,11:15:00,38.59,38.62,38.54,38.55,6865.0,1.0,0.0,0.0
2016-02-22,11:19:00,38.57,38.61,38.541,38.6,7019.0,1.0,0.0,0.0
2016-02-22,11:22:00,38.59,38.66,38.589,38.61,4191.0,1.0,0.0,0.0
2016-02-22,11:25:00,38.6199,38.6199,38.59,38.6,513.0,1.0,0.0,0.0
2016-02-22,11:28:00,38.61,38.71,38.61,38.7001,4921.0,1.0,0.0,0.0
2016-02-22,11:31:00,38.74,38.74,38.66,38.67,2573.0,1.0,0.0,0.0
2016-02-22,11:34:00,38.69,38.74,38.6763,38.73,2630.0,1.0,0.0,0.0
2016-02-22,11:37:00,38.72,38.75,38.7,38.71,17199.0,1.0,0.0,0.0
2016-02-22,11:40:00,38.73,38.73,38.69,38.705,1816.0,1.0,0.0,0.0
2016-02-22,11:43:00,38.72,38.72,38.66,38.66,3248.0,1.0,0.0,0.0
2016-02-22,11:46:00,38.7,38.73,38.69,38.7,3835.0,1.0,0.0,0.0
2016-02-22,11:49:00,38.7,38.72,38.7,38.71,1702.0,1.0,0.0,0.0
2016-02-22,11:52:00,38.71,38.73,38.7,38.714,3178.0,1.0,0.0,0.0
2016-02-22,11:55:00,38.71,38.72,38.69,38.69,1044.0,1.0,0.0,0.0
2016-02-22,11:58:00,38.71,38.75,38.71,38.729,486.0,1.0,0.0,0.0
2016-02-22,12:01:00,38.75,38.82,38.75,38.7959,12791.0,1.0,0.0,0.0
2016-02-22,12:04:00,38.81,38.83,38.78,38.78,5514.0,1.0,0.0,0.0
2016-02-22,12:07:00,38.78,38.8,38.78,38.79,1979.0,1.0,0.0,0.0
2016-02-22,12:10:00,38.79,38.79,38.75,38.75,1431.0,1.0,0.0,0.0
2016-02-22,12:13:00,38.76,38.76,38.75,38.76,1000.0,1.0,0.0,0.0
2016-02-22,12:16:00,38.76,38.78,38.75,38.75,2447.0,1.0,0.0,0.0
2016-02-22,12:20:00,38.76,38.79,38.76,38.78,1885.0,1.0,0.0,0.0
2016-02-22,12:23:00,38.79,38.8,38.78,38.78,2601.0,1.0,0.0,0.0
2016-02-22,12:26:00,38.78,38.79,38.75,38.7501,6144.0,1.0,0.0,0.0
2016-02-22,12:31:00,38.766,38.79,38.75,38.78,1918.0,1.0,0.0,0.0
2016-02-22,12:35:00,38.79,38.796,38.77,38.78,4076.0,1.0,0.0,0.0
2016-02-22,12:38:00,38.77,38.8,38.77,38.7899,6018.0,1.0,0.0,0.0
2016-02-22,12:41:00,38.79,38.79,38.75,38.75,3691.0,1.0,0.0,0.0
2016-02-22,12:44:00,38.76,38.78,38.75,38.75,2465.0,1.0,0.0,0.0
2016-02-22,12:47:00,38.75,38.76,38.72,38.74,2511.0,1.0,0.0,0.0
2016-02-22,12:50:00,38.73,38.73,38.72,38.72,700.0,1.0,0.0,0.0
2016-02-22,12:55:00,38.72,38.72,38.69,38.7,3200.0,1.0,0.0,0.0
2016-02-22,12:59:00,38.71,38.72,38.69,38.71,3186.0,1.0,0.0,0.0
2016-02-22,13:02:00,38.7,38.75,38.7,38.75,2106.0,1.0,0.0,0.0
2016-02-22,13:05:00,38.75,38.77,38.74,38.75,4568.0,1.0,0.0,0.0
2016-02-22,13:08:00,38.77,38.77,38.75,38.76,955.0,1.0,0.0,0.0
2016-02-22,13:11:00,38.7534,38.7534,38.74,38.75,5814.0,1.0,0.0,0.0
2016-02-22,13:14:00,38.74,38.74,38.66,38.69,20224.0,1.0,0.0,0.0
2016-02-22,13:17:00,38.7,38.75,38.68,38.72,12003.0,1.0,0.0,0.0
2016-02-22,13:20:00,38.74,38.77,38.74,38.77,1940.0,1.0,0.0,0.0
2016-02-22,13:23:00,38.77,38.8,38.73,38.75,9087.0,1.0,0.0,0.0
2016-02-22,13:26:00,38.74,38.75,38.71,38.71,8162.0,1.0,0.0,0.0
2016-02-22,13:29:00,38.69,38.71,38.69,38.6901,2539.0,1.0,0.0,0.0
2016-02-22,13:32:00,38.71,38.75,38.71,38.72,4590.0,1.0,0.0,0.0
2016-02-22,13:35:00,38.72,38.75,38.695,38.75,9186.0,1.0,0.0,0.0
2016-02-22,13:38:00,38.76,38.7632,38.65,38.75,31047.0,1.0,0.0,0.0
2016-02-22,13:41:00,38.75,38.78,38.66,38.68,17405.0,1.0,0.0,0.0
2016-02-22,13:44:00,38.64,38.69,38.64,38.67,8182.0,1.0,0.0,0.0
2016-02-22,13:47:00,38.69,38.7,38.67,38.69,1955.0,1.0,0.0,0.0
2016-02-22,13:50:00,38.67,38.7,38.66,38.67,5295.0,1.0,0.0,0.0
2016-02-22,13:53:00,38.69,38.69,38.62,38.68,15061.0,1.0,0.0,0.0
2016-02-22,13:56:00,38.67,38.68,38.65,38.67,5727.0,1.0,0.0,0.0
2016-02-22,13:59:00,38.67,38.69,38.66,38.68,4730.0,1.0,0.0,0.0
2016-02-22,14:02:00,38.68,38.68,38.65,38.67,4621.0,1.0,0.0,0.0
2016-02-22,14:05:00,38.64,38.68,38.64,38.66,1254.0,1.0,0.0,0.0
2016-02-22,14:08:00,38.66,38.69,38.66,38.69,5054.0,1.0,0.0,0.0
2016-02-22,14:11:00,38.67,38.67,38.65,38.66,2140.0,1.0,0.0,0.0
2016-02-22,14:14:00,38.65,38.67,38.65,38.67,1430.0,1.0,0.0,0.0
2016-02-22,14:17:00,38.67,38.69,38.67,38.68,2554.0,1.0,0.0,0.0
2016-02-22,14:21:00,38.67,38.68,38.64,38.6799,17132.0,1.0,0.0,0.0
2016-02-22,14:24:00,38.68,38.69,38.66,38.68,3763.0,1.0,0.0,0.0
2016-02-22,14:27:00,38.68,38.69,38.65,38.6531,4158.0,1.0,0.0,0.0
2016-02-22,14:30:00,38.649,38.68,38.64,38.67,3166.0,1.0,0.0,0.0
2016-02-22,14:34:00,38.6799,38.7,38.64,38.65,5494.0,1.0,0.0,0.0
2016-02-22,14:37:00,38.649,38.65,38.61,38.63,3395.0,1.0,0.0,0.0
2016-02-22,14:40:00,38.619,38.63,38.6,38.61,3143.0,1.0,0.0,0.0
2016-02-22,14:43:00,38.61,38.63,38.6,38.61,5506.0,1.0,0.0,0.0
2016-02-22,14:46:00,38.62,38.63,38.6,38.6011,5598.0,1.0,0.0,0.0
2016-02-22,14:49:00,38.61,38.63,38.59,38.59,1623.0,1.0,0.0,0.0
2016-02-22,14:52:00,38.58,38.59,38.58,38.59,1708.0,1.0,0.0,0.0
2016-02-22,14:55:00,38.5825,38.61,38.58,38.6001,4894.0,1.0,0.0,0.0
2016-02-22,14:58:00,38.6,38.61,38.59,38.59,4342.0,1.0,0.0,0.0
2016-02-22,15:01:00,38.6,38.6099,38.58,38.59,3920.0,1.0,0.0,0.0
2016-02-22,15:04:00,38.58,38.58,38.5,38.51,6380.0,1.0,0.0,0.0
2016-02-22,15:07:00,38.51,38.53,38.51,38.52,4314.0,1.0,0.0,0.0
2016-02-22,15:10:00,38.51,38.54,38.5,38.54,6065.0,1.0,0.0,0.0
2016-02-22,15:13:00,38.53,38.54,38.51,38.52,3314.0,1.0,0.0,0.0
2016-02-22,15:16:00,38.52,38.54,38.51,38.53,5809.0,1.0,0.0,0.0
2016-02-22,15:19:00,38.53,38.56,38.52,38.56,5471.0,1.0,0.0,0.0
2016-02-22,15:22:00,38.55,38.61,38.55,38.59,8298.0,1.0,0.0,0.0
2016-02-22,15:25:00,38.61,38.61,38.6,38.6,4633.0,1.0,0.0,0.0
2016-02-22,15:28:00,38.59,38.61,38.59,38.5925,5953.0,1.0,0.0,0.0
2016-02-22,15:31:00,38.59,38.6,38.5499,38.55,8707.0,1.0,0.0,0.0
2016-02-22,15:34:00,38.56,38.56,38.52,38.54,3519.0,1.0,0.0,0.0
2016-02-22,15:37:00,38.53,38.55,38.51,38.53,6868.0,1.0,0.0,0.0
2016-02-22,15:40:00,38.54,38.55,38.53,38.54,5522.0,1.0,0.0,0.0
2016-02-22,15:43:00,38.5399,38.59,38.53,38.575,9245.0,1.0,0.0,0.0
2016-02-22,15:46:00,38.57,38.65,38.56,38.63,30356.0,1.0,0.0,0.0
2016-02-22,15:49:00,38.63,38.64,38.6,38.61,8103.0,1.0,0.0,0.0
2016-02-22,15:52:00,38.61,38.61,38.58,38.59,10303.0,1.0,0.0,0.0
2016-02-22,15:55:00,38.58,38.6,38.57,38.6,15818.0,1.0,0.0,0.0
2016-02-22,15:58:00,38.6,38.64,38.59,38.625,22747.0,1.0,0.0,0.0
2016-02-23,09:31:00,38.62,38.63,38.05,38.38,48270.0,1.0,0.0,0.0
2016-02-23,09:34:00,38.35,38.46,38.25,38.46,17009.0,1.0,0.0,0.0
2016-02-23,09:37:00,38.44,38.48,38.22,38.44,15368.0,1.0,0.0,0.0
2016-02-23,09:40:00,38.41,38.72,38.33,38.68,22987.0,1.0,0.0,0.0
2016-02-23,09:43:00,38.81,39.13,38.81,39.01,4540.0,1.0,0.0,0.0
2016-02-23,09:46:00,39.04,39.04,38.84,39.0,6152.0,1.0,0.0,0.0
2016-02-23,09:49:00,38.98,38.98,38.81,38.94,3616.0,1.0,0.0,0.0
2016-02-23,09:52:00,38.94,39.01,38.87,39.01,5407.0,1.0,0.0,0.0
2016-02-23,09:55:00,38.99,39.01,38.84,38.93,5248.0,1.0,0.0,0.0
2016-02-23,09:58:00,38.92,39.03,38.87,39.03,3299.0,1.0,0.0,0.0
2016-02-23,10:01:00,39.02,39.02,38.86,38.87,4152.0,1.0,0.0,0.0
2016-02-23,10:04:00,38.89,38.9,38.82,38.84,979.0,1.0,0.0,0.0
2016-02-23,10:07:00,38.82,38.82,38.71,38.74,2791.0,1.0,0.0,0.0
2016-02-23,10:10:00,38.74,38.77,38.71,38.71,1879.0,1.0,0.0,0.0
2016-02-23,10:13:00,38.68,38.77,38.63,38.63,2981.0,1.0,0.0,0.0
2016-02-23,10:16:00,38.59,38.64,38.54,38.55,1818.0,1.0,0.0,0.0
2016-02-23,10:19:00,38.51,38.53,38.42,38.45,821.0,1.0,0.0,0.0
2016-02-23,10:22:00,38.45,38.52,38.45,38.47,2563.0,1.0,0.0,0.0
2016-02-23,10:25:00,38.47,38.52,38.45,38.52,9475.0,1.0,0.0,0.0
2016-02-23,10:28:00,38.52,38.69,38.52,38.66,3752.0,1.0,0.0,0.0
2016-02-23,10:31:00,38.67,38.67,38.59,38.64,2809.0,1.0,0.0,0.0
2016-02-23,10:34:00,38.61,38.76,38.57,38.76,10208.0,1.0,0.0,0.0
2016-02-23,10:37:00,38.7,38.84,38.7,38.84,1889.0,1.0,0.0,0.0
2016-02-23,10:40:00,38.8,38.88,38.8,38.88,3740.0,1.0,0.0,0.0
2016-02-23,10:43:00,38.9,38.9,38.82,38.8999,6452.0,1.0,0.0,0.0
2016-02-23,10:46:00,38.85,38.89,38.82,38.85,2710.0,1.0,0.0,0.0
2016-02-23,10:49:00,38.84,38.845,38.7659,38.7659,899.0,1.0,0.0,0.0
2016-02-23,10:52:00,38.74,38.75,38.68,38.7394,10572.0,1.0,0.0,0.0
2016-02-23,10:55:00,38.76,38.78,38.61,38.61,20915.0,1.0,0.0,0.0
2016-02-23,10:58:00,38.59,38.59,38.51,38.53,3749.0,1.0,0.0,0.0
2016-02-23,11:01:00,38.5,38.57,38.48,38.56,21888.0,1.0,0.0,0.0
2016-02-23,11:04:00,38.57,38.57,38.53,38.54,1395.0,1.0,0.0,0.0
2016-02-23,11:07:00,38.501,38.57,38.48,38.57,2720.0,1.0,0.0,0.0
2016-02-23,11:10:00,38.57,38.57,38.49,38.5,1510.0,1.0,0.0,0.0
2016-02-23,11:13:00,38.49,38.5399,38.48,38.5,3207.0,1.0,0.0,0.0
2016-02-23,11:16:00,38.52,38.54,38.491,38.491,3943.0,1.0,0.0,0.0
2016-02-23,11:19:00,38.5141,38.54,38.5,38.53,3327.0,1.0,0.0,0.0
2016-02-23,11:22:00,38.53,38.53,38.48,38.52,2348.0,1.0,0.0,0.0
2016-02-23,11:25:00,38.49,38.5,38.45,38.495,4334.0,1.0,0.0,0.0
2016-02-23,11:28:00,38.46,38.4799,38.42,38.44,7981.0,1.0,0.0,0.0
2016-02-23,11:32:00,38.44,38.52,38.44,38.44,3091.0,1.0,0.0,0.0
2016-02-23,11:35:00,38.45,38.52,38.45,38.52,1502.0,1.0,0.0,0.0
2016-02-23,11:38:00,38.51,38.59,38.51,38.58,1053.0,1.0,0.0,0.0
2016-02-23,11:42:00,38.57,38.625,38.57,38.6,1661.0,1.0,0.0,0.0
2016-02-23,11:45:00,38.61,38.6497,38.61,38.6497,456.0,1.0,0.0,0.0
2016-02-23,11:48:00,38.61,38.64,38.6,38.6,900.0,1.0,0.0,0.0
2016-02-23,11:51:00,38.6,38.64,38.6,38.62,860.0,1.0,0.0,0.0
2016-02-23,11:54:00,38.63,38.63,38.58,38.58,1038.0,1.0,0.0,0.0
2016-02-23,11:57:00,38.57,38.58,38.56,38.56,953.0,1.0,0.0,0.0
2016-02-23,12:00:00,38.57,38.58,38.55,38.57,1207.0,1.0,0.0,0.0
2016-02-23,12:03:00,38.57,38.61,38.53,38.53,2421.0,1.0,0.0,0.0
2016-02-23,12:07:00,38.54,38.55,38.52,38.52,3535.0,1.0,0.0,0.0
2016-02-23,12:11:00,38.495,38.51,38.49,38.49,3339.0,1.0,0.0,0.0
2016-02-23,12:15:00,38.48,38.49,38.46,38.49,2680.0,1.0,0.0,0.0
2016-02-23,12:18:00,38.5,38.51,38.485,38.485,2999.0,1.0,0.0,0.0
2016-02-23,12:23:00,38.48,38.495,38.47,38.49,1704.0,1.0,0.0,0.0
2016-02-23,12:26:00,38.49,38.53,38.49,38.53,1944.0,1.0,0.0,0.0
2016-02-23,12:30:00,38.53,38.53,38.51,38.51,779.0,1.0,0.0,0.0
2016-02-23,12:33:00,38.52,38.53,38.52,38.52,1060.0,1.0,0.0,0.0
2016-02-23,12:36:00,38.52,38.54,38.49,38.5,2208.0,1.0,0.0,0.0
2016-02-23,12:39:00,38.495,38.52,38.49,38.52,3347.0,1.0,0.0,0.0
2016-02-23,12:42:00,38.5,38.53,38.49,38.53,2938.0,1.0,0.0,0.0
2016-02-23,12:45:00,38.53,38.5499,38.51,38.54,1177.0,1.0,0.0,0.0
2016-02-23,12:48:00,38.53,38.53,38.48,38.505,1852.0,1.0,0.0,0.0
2016-02-23,12:51:00,38.49,38.505,38.45,38.45,2134.0,1.0,0.0,0.0
2016-02-23,12:54:00,38.47,38.475,38.46,38.46,1201.0,1.0,0.0,0.0
2016-02-23,12:57:00,38.46,38.47,38.45,38.47,914.0,1.0,0.0,0.0
2016-02-23,13:00:00,38.47,38.48,38.45,38.45,1494.0,1.0,0.0,0.0
2016-02-23,13:03:00,38.45,38.46,38.44,38.445,1634.0,1.0,0.0,0.0
2016-02-23,13:06:00,38.44,38.47,38.44,38.46,3616.0,1.0,0.0,0.0
2016-02-23,13:09:00,38.46,38.53,38.46,38.51,2854.0,1.0,0.0,0.0
2016-02-23,13:12:00,38.51,38.55,38.51,38.53,3213.0,1.0,0.0,0.0
2016-02-23,13:15:00,38.52,38.54,38.51,38.51,5108.0,1.0,0.0,0.0
2016-02-23,13:18:00,38.51,38.53,38.51,38.52,3189.0,1.0,0.0,0.0
2016-02-23,13:21:00,38.53,38.54,38.52,38.53,2757.0,1.0,0.0,0.0
2016-02-23,13:24:00,38.53,38.56,38.53,38.55,4036.0,1.0,0.0,0.0
2016-02-23,13:27:00,38.54,38.59,38.54,38.59,3700.0,1.0,0.0,0.0
2016-02-23,13:31:00,38.6,38.6,38.55,38.56,4437.0,1.0,0.0,0.0
2016-02-23,13:34:00,38.55,38.56,38.5301,38.54,4965.0,1.0,0.0,0.0
2016-02-23,13:37:00,38.54,38.55,38.53,38.55,1281.0,1.0,0.0,0.0
2016-02-23,13:41:00,38.56,38.56,38.52,38.52,4669.0,1.0,0.0,0.0
2016-02-23,13:44:00,38.51,38.52,38.49,38.49,2160.0,1.0,0.0,0.0
2016-02-23,13:47:00,38.49,38.49,38.47,38.48,1940.0,1.0,0.0,0.0
2016-02-23,13:50:00,38.49,38.5001,38.47,38.47,2386.0,1.0,0.0,0.0
2016-02-23,13:53:00,38.4699,38.48,38.46,38.46,1758.0,1.0,0.0,0.0
2016-02-23,13:56:00,38.46,38.52,38.46,38.52,4181.0,1.0,0.0,0.0
2016-02-23,13:59:00,38.51,38.53,38.51,38.53,2658.0,1.0,0.0,0.0
2016-02-23,14:02:00,38.53,38.535,38.49,38.49,5109.0,1.0,0.0,0.0
2016-02-23,14:05:00,38.49,38.54,38.49,38.54,5020.0,1.0,0.0,0.0
2016-02-23,14:08:00,38.53,38.53,38.51,38.53,2783.0,1.0,0.0,0.0
2016-02-23,14:11:00,38.53,38.53,38.5,38.5,3209.0,1.0,0.0,0.0
2016-02-23,14:14:00,38.5,38.52,38.5,38.51,3003.0,1.0,0.0,0.0
2016-02-23,14:17:00,38.52,38.55,38.5,38.5,5231.0,1.0,0.0,0.0
2016-02-23,14:20:00,38.4987,38.51,38.49,38.49,2389.0,1.0,0.0,0.0
2016-02-23,14:23:00,38.51,38.51,38.48,38.48,1988.0,1.0,0.0,0.0
2016-02-23,14:26:00,38.49,38.49,38.48,38.49,1052.0,1.0,0.0,0.0
2016-02-23,14:29:00,38.49,38.49,38.45,38.45,3857.0,1.0,0.0,0.0
2016-02-23,14:32:00,38.46,38.48,38.45,38.46,3028.0,1.0,0.0,0.0
2016-02-23,14:35:00,38.45,38.46,38.44,38.45,1431.0,1.0,0.0,0.0
2016-02-23,14:38:00,38.46,38.46,38.42,38.42,2328.0,1.0,0.0,0.0
2016-02-23,14:41:00,38.43,38.44,38.4222,38.43,1870.0,1.0,0.0,0.0
2016-02-23,14:45:00,38.43,38.4301,38.4,38.41,2574.0,1.0,0.0,0.0
2016-02-23,14:48:00,38.4,38.41,38.395,38.41,4716.0,1.0,0.0,0.0
2016-02-23,14:51:00,38.4,38.45,38.4,38.43,5119.0,1.0,0.0,0.0
2016-02-23,14:54:00,38.43,38.43,38.41,38.41,3982.0,1.0,0.0,0.0
2016-02-23,14:57:00,38.42,38.425,38.395,38.4,5095.0,1.0,0.0,0.0
2016-02-23,15:00:00,38.4,38.41,38.39,38.4,7291.0,1.0,0.0,0.0
2016-02-23,15:03:00,38.4,38.4,38.36,38.37,12584.0,1.0,0.0,0.0
2016-02-23,15:06:00,38.37,38.38,38.36,38.38,5336.0,1.0,0.0,0.0
2016-02-23,15:09:00,38.38,38.41,38.38,38.4,5787.0,1.0,0.0,0.0
2016-02-23,15:12:00,38.39,38.4025,38.39,38.4,5752.0,1.0,0.0,0.0
2016-02-23,15:15:00,38.4,38.4,38.36,38.36,5629.0,1.0,0.0,0.0
2016-02-23,15:18:00,38.36,38.36,38.29,38.3,4869.0,1.0,0.0,0.0
2016-02-23,15:21:00,38.29,38.32,38.29,38.3,4926.0,1.0,0.0,0.0
2016-02-23,15:24:00,38.3,38.31,38.26,38.26,4081.0,1.0,0.0,0.0
2016-02-23,15:27:00,38.27,38.28,38.26,38.27,4554.0,1.0,0.0,0.0
2016-02-23,15:30:00,38.26,38.27,38.22,38.22,17275.0,1.0,0.0,0.0
2016-02-23,15:33:00,38.22,38.25,38.19,38.24,17560.0,1.0,0.0,0.0
2016-02-23,15:36:00,38.2499,38.28,38.24,38.27,6741.0,1.0,0.0,0.0
2016-02-23,15:39:00,38.27,38.33,38.25,38.33,7665.0,1.0,0.0,0.0
2016-02-23,15:42:00,38.34,38.35,38.3,38.31,9974.0,1.0,0.0,0.0
2016-02-23,15:45:00,38.31,38.31,38.23,38.27,13470.0,1.0,0.0,0.0
2016-02-23,15:48:00,38.27,38.28,38.26,38.27,11906.0,1.0,0.0,0.0
2016-02-23,15:51:00,38.26,38.31,38.26,38.28,12044.0,1.0,0.0,0.0
2016-02-23,15:54:00,38.28,38.29,38.24,38.24,11390.0,1.0,0.0,0.0
2016-02-23,15:57:00,38.25,38.26,38.22,38.23,20202.0,1.0,0.0,0.0
2016-02-24,09:30:00,38.23,38.24,37.51,37.675,25024.0,1.0,0.0,0.0
2016-02-24,09:33:00,37.64,37.65,37.45,37.45,8200.0,1.0,0.0,0.0
2016-02-24,09:36:00,37.45,37.555,37.29,37.555,14958.0,1.0,0.0,0.0
2016-02-24,09:39:00,37.53,37.61,37.46,37.58,24337.0,1.0,0.0,0.0
2016-02-24,09:42:00,37.59,37.62,37.52,37.5401,9089.0,1.0,0.0,0.0
2016-02-24,09:45:00,37.53,37.66,37.5,37.54,2789.0,1.0,0.0,0.0
2016-02-24,09:48:00,37.485,37.53,37.485,37.51,1205.0,1.0,0.0,0.0
2016-02-24,09:52:00,37.51,37.51,37.35,37.43,3039.0,1.0,0.0,0.0
2016-02-24,09:55:00,37.43,37.43,37.34,37.37,2092.0,1.0,0.0,0.0
2016-02-24,09:58:00,37.36,37.439,37.35,37.439,1423.0,1.0,0.0,0.0
2016-02-24,10:01:00,37.44,37.44,37.2701,37.36,3375.0,1.0,0.0,0.0
2016-02-24,10:04:00,37.37,37.51,37.37,37.51,1834.0,1.0,0.0,0.0
2016-02-24,10:07:00,37.53,37.66,37.53,37.63,5244.0,1.0,0.0,0.0
2016-02-24,10:10:00,37.6,37.64,37.55,37.64,1913.0,1.0,0.0,0.0
2016-02-24,10:13:00,37.62,37.65,37.58,37.58,2619.0,1.0,0.0,0.0
2016-02-24,10:16:00,37.61,37.63,37.55,37.57,3230.0,1.0,0.0,0.0
2016-02-24,10:19:00,37.59,37.6099,37.56,37.6,1448.0,1.0,0.0,0.0
2016-02-24,10:22:00,37.61,37.61,37.5,37.59,3311.0,1.0,0.0,0.0
2016-02-24,10:25:00,37.62,37.68,37.55,37.68,13510.0,1.0,0.0,0.0
2016-02-24,10:28:00,37.68,37.7211,37.67,37.69,2216.0,1.0,0.0,0.0
2016-02-24,10:31:00,37.69,37.83,37.6,37.67,7344.0,1.0,0.0,0.0
2016-02-24,10:34:00,37.65,37.76,37.64,37.74,3347.0,1.0,0.0,0.0
2016-02-24,10:37:00,37.73,37.89,37.72,37.89,3052.0,1.0,0.0,0.0
2016-02-24,10:40:00,37.9,38.0,37.9,37.9725,3469.0,1.0,0.0,0.0
2016-02-24,10:43:00,37.99,38.06,37.99,38.01,2284.0,1.0,0.0,0.0
2016-02-24,10:46:00,38.02,38.02,37.92,37.96,3471.0,1.0,0.0,0.0
2016-02-24,10:49:00,37.9599,37.99,37.93,37.97,5858.0,1.0,0.0,0.0
2016-02-24,10:52:00,37.97,37.99,37.87,37.88,3520.0,1.0,0.0,0.0
2016-02-24,10:55:00,37.86,37.88,37.82,37.83,670.0,1.0,0.0,0.0
2016-02-24,10:58:00,37.82,37.92,37.81,37.88,1860.0,1.0,0.0,0.0
2016-02-24,11:01:00,37.9,37.92,37.81,37.82,3707.0,1.0,0.0,0.0
2016-02-24,11:05:00,37.82,37.82,37.77,37.77,1330.0,1.0,0.0,0.0
2016-02-24,11:08:00,37.78,37.8,37.71,37.72,3173.0,1.0,0.0,0.0
2016-02-24,11:11:00,37.75,37.78,37.66,37.71,4845.0,1.0,0.0,0.0
2016-02-24,11:14:00,37.69,37.74,37.67,37.68,3605.0,1.0,0.0,0.0
2016-02-24,11:17:00,37.67,37.67,37.62,37.63,5577.0,1.0,0.0,0.0
2016-02-24,11:20:00,37.63,37.6498,37.61,37.61,1778.0,1.0,0.0,0.0
2016-02-24,11:23:00,37.6,37.73,37.6,37.65,4082.0,1.0,0.0,0.0
2016-02-24,11:26:00,37.67,37.67,37.58,37.61,1810.0,1.0,0.0,0.0
2016-02-24,11:29:00,37.59,37.6096,37.53,37.54,3500.0,1.0,0.0,0.0
2016-02-24,11:32:00,37.53,37.62,37.52,37.6,3077.0,1.0,0.0,0.0
2016-02-24,11:35:00,37.62,37.67,37.6,37.67,1200.0,1.0,0.0,0.0
2016-02-24,11:39:00,37.69,37.73,37.68,37.73,3222.0,1.0,0.0,0.0
2016-02-24,11:42:00,37.72,37.81,37.72,37.7999,4521.0,1.0,0.0,0.0
2016-02-24,11:45:00,37.81,37.93,37.81,37.88,5537.0,1.0,0.0,0.0
2016-02-24,11:48:00,37.88,37.95,37.86,37.94,14494.0,1.0,0.0,0.0
2016-02-24,11:52:00,38.01,38.06,37.96,38.05,8406.0,1.0,0.0,0.0
2016-02-24,11:55:00,38.03,38.06,38.02,38.04,3590.0,1.0,0.0,0.0
2016-02-24,11:58:00,38.02,38.03,37.98,38.01,1913.0,1.0,0.0,0.0
2016-02-24,12:01:00,38.01,38.08,38.0,38.06,5400.0,1.0,0.0,0.0
2016-02-24,12:04:00,38.0301,38.12,38.03,38.12,1739.0,1.0,0.0,0.0
2016-02-24,12:07:00,38.15,38.17,38.11,38.15,3625.0,1.0,0.0,0.0
2016-02-24,12:11:00,38.16,38.17,38.13,38.17,1094.0,1.0,0.0,0.0
2016-02-24,12:15:00,38.15,38.15,38.02,38.08,25873.0,1.0,0.0,0.0
2016-02-24,12:18:00,38.07,38.08,38.05,38.06,4895.0,1.0,0.0,0.0
2016-02-24,12:21:00,38.07,38.1306,38.04,38.1306,3721.0,1.0,0.0,0.0
2016-02-24,12:25:00,38.12,38.12,38.05,38.05,1323.0,1.0,0.0,0.0
2016-02-24,12:28:00,38.07,38.07,38.05,38.06,900.0,1.0,0.0,0.0
2016-02-24,12:32:00,38.06,38.0701,38.04,38.06,2424.0,1.0,0.0,0.0
2016-02-24,12:35:00,38.06,38.06,37.96,37.96,3774.0,1.0,0.0,0.0
2016-02-24,12:38:00,37.95,37.97,37.93,37.93,1846.0,1.0,0.0,0.0
2016-02-24,12:41:00,37.93,37.94,37.9,37.94,2680.0,1.0,0.0,0.0
2016-02-24,12:44:00,37.92,37.9499,37.9,37.94,1514.0,1.0,0.0,0.0
2016-02-24,12:47:00,37.91,37.96,37.91,37.95,1644.0,1.0,0.0,0.0
2016-02-24,12:50:00,37.95,38.01,37.94,38.01,2306.0,1.0,0.0,0.0
2016-02-24,12:53:00,38.010999999999996,38.05,38.01,38.05,1853.0,1.0,0.0,0.0
2016-02-24,12:56:00,38.07,38.07,38.02,38.02,1606.0,1.0,0.0,0.0
2016-02-24,12:59:00,38.02,38.02,38.01,38.02,351.0,1.0,0.0,0.0
2016-02-24,13:02:00,38.016,38.05,37.99,38.03,3669.0,1.0,0.0,0.0
2016-02-24,13:05:00,38.04,38.13,38.04,38.12,2700.0,1.0,0.0,0.0
2016-02-24,13:08:00,38.12,38.14,38.12,38.12,1300.0,1.0,0.0,0.0
2016-02-24,13:11:00,38.13,38.16,38.08,38.08,1094.0,1.0,0.0,0.0
2016-02-24,13:14:00,38.07,38.07,38.03,38.03,2451.0,1.0,0.0,0.0
2016-02-24,13:17:00,38.06,38.07,38.01,38.0499,2053.0,1.0,0.0,0.0
2016-02-24,13:20:00,38.04,38.06,37.99,38.010999999999996,3352.0,1.0,0.0,0.0
2016-02-24,13:23:00,38.02,38.04,38.0,38.0,3145.0,1.0,0.0,0.0
2016-02-24,13:27:00,38.0218,38.0299,37.9,37.93,6781.0,1.0,0.0,0.0
2016-02-24,13:30:00,37.9447,37.99,37.9447,37.99,721.0,1.0,0.0,0.0
2016-02-24,13:34:00,37.99,38.0,37.95,37.97,2175.0,1.0,0.0,0.0
2016-02-24,13:38:00,38.0,38.01,37.98,37.98,1149.0,1.0,0.0,0.0
2016-02-24,13:41:00,38.0,38.01,37.96,38.01,1566.0,1.0,0.0,0.0
2016-02-24,13:45:00,37.99,38.01,37.98,37.99,1112.0,1.0,0.0,0.0
2016-02-24,13:48:00,37.9996,38.0,37.91,37.92,4502.0,1.0,0.0,0.0
2016-02-24,13:51:00,37.91,37.93,37.9,37.91,906.0,1.0,0.0,0.0
2016-02-24,13:54:00,37.92,37.93,37.9,37.9101,1187.0,1.0,0.0,0.0
2016-02-24,13:58:00,37.93,37.97,37.93,37.93,5173.0,1.0,0.0,0.0
2016-02-24,14:01:00,37.93,37.99,37.93,37.99,1581.0,1.0,0.0,0.0
2016-02-24,14:04:00,37.97,37.99,37.91,37.92,3951.0,1.0,0.0,0.0
2016-02-24,14:07:00,37.9499,37.97,37.93,37.97,790.0,1.0,0.0,0.0
2016-02-24,14:11:00,37.96,38.07,37.96,38.07,2119.0,1.0,0.0,0.0
2016-02-24,14:14:00,38.05,38.1,38.05,38.1,1716.0,1.0,0.0,0.0
2016-02-24,14:17:00,38.11,38.13,38.08,38.08,3169.0,1.0,0.0,0.0
2016-02-24,14:20:00,38.08,38.08,38.04,38.05,3774.0,1.0,0.0,0.0
2016-02-24,14:23:00,38.04,38.14,38.04,38.13,5492.0,1.0,0.0,0.0
2016-02-24,14:26:00,38.13,38.16,38.12,38.12,3639.0,1.0,0.0,0.0
2016-02-24,14:29:00,38.13,38.14,38.1,38.13,2094.0,1.0,0.0,0.0
2016-02-24,14:32:00,38.14,38.21,38.12,38.17,5877.0,1.0,0.0,0.0
2016-02-24,14:35:00,38.16,38.18,38.15,38.18,1626.0,1.0,0.0,0.0
2016-02-24,14:38:00,38.15,38.2,38.15,38.19,1873.0,1.0,0.0,0.0
2016-02-24,14:41:00,38.2,38.22,38.19,38.21,1473.0,1.0,0.0,0.0
2016-02-24,14:44:00,38.22,38.28,38.2,38.22,16468.0,1.0,0.0,0.0
2016-02-24,14:47:00,38.21,38.23,38.21,38.22,1426.0,1.0,0.0,0.0
2016-02-24,14:50:00,38.21,38.24,38.2,38.22,3225.0,1.0,0.0,0.0
2016-02-24,14:53:00,38.22,38.23,38.2,38.21,1642.0,1.0,0.0,0.0
2016-02-24,14:56:00,38.23,38.23,38.18,38.18,2984.0,1.0,0.0,0.0
2016-02-24,14:59:00,38.18,38.205,38.17,38.17,3170.0,1.0,0.0,0.0
2016-02-24,15:02:00,38.19,38.23,38.19,38.2084,2024.0,1.0,0.0,0.0
2016-02-24,15:05:00,38.22,38.22,38.2,38.21,2784.0,1.0,0.0,0.0
2016-02-24,15:08:00,38.21,38.27,38.2001,38.27,2381.0,1.0,0.0,0.0
2016-02-24,15:11:00,38.27,38.32,38.27,38.3,2954.0,1.0,0.0,0.0
2016-02-24,15:14:00,38.32,38.36,38.31,38.36,3736.0,1.0,0.0,0.0
2016-02-24,15:17:00,38.35,38.39,38.35,38.37,3627.0,1.0,0.0,0.0
2016-02-24,15:20:00,38.36,38.41,38.36,38.41,2576.0,1.0,0.0,0.0
2016-02-24,15:23:00,38.4,38.4,38.37,38.38,4070.0,1.0,0.0,0.0
2016-02-24,15:26:00,38.38,38.38,38.37,38.38,1724.0,1.0,0.0,0.0
2016-02-24,15:29:00,38.39,38.44,38.38,38.42,8837.0,1.0,0.0,0.0
2016-02-24,15:32:00,38.43,38.44,38.41,38.429,2628.0,1.0,0.0,0.0
2016-02-24,15:35:00,38.42,38.48,38.42,38.45,6765.0,1.0,0.0,0.0
2016-02-24,15:38:00,38.45,38.52,38.45,38.5,6333.0,1.0,0.0,0.0
2016-02-24,15:41:00,38.5,38.53,38.49,38.51,4675.0,1.0,0.0,0.0
2016-02-24,15:44:00,38.51,38.51,38.45,38.46,7744.0,1.0,0.0,0.0
2016-02-24,15:47:00,38.45,38.47,38.44,38.44,10454.0,1.0,0.0,0.0
2016-02-24,15:50:00,38.45,38.49,38.44,38.48,7071.0,1.0,0.0,0.0
2016-02-24,15:53:00,38.49,38.53,38.4899,38.53,8110.0,1.0,0.0,0.0
2016-02-24,15:56:00,38.53,38.545,38.49,38.5,17568.0,1.0,0.0,0.0
2016-02-24,15:59:00,38.5,38.53,38.5,38.5,27967.0,1.0,0.0,0.0
2016-02-25,09:32:00,38.69,38.75,38.45,38.73,10731.0,1.0,0.0,0.0
2016-02-25,09:35:00,38.73,38.9,38.67,38.9,4740.0,1.0,0.0,0.0
2016-02-25,09:38:00,38.98,38.99,38.75,38.77,3573.0,1.0,0.0,0.0
2016-02-25,09:41:00,38.8,38.8,38.55,38.58,2166.0,1.0,0.0,0.0
2016-02-25,09:44:00,38.58,38.64,38.52,38.545,1865.0,1.0,0.0,0.0
2016-02-25,09:47:00,38.5,38.5,38.32,38.4,3319.0,1.0,0.0,0.0
2016-02-25,09:50:00,38.34,38.39,38.31,38.36,1726.0,1.0,0.0,0.0
2016-02-25,09:53:00,38.39,38.46,38.29,38.33,15552.0,1.0,0.0,0.0
2016-02-25,09:56:00,38.34,38.37,38.13,38.16,10430.0,1.0,0.0,0.0
2016-02-25,09:59:00,38.11,38.18,38.11,38.15,1774.0,1.0,0.0,0.0
2016-02-25,10:02:00,38.14,38.14,38.07,38.08,5487.0,1.0,0.0,0.0
2016-02-25,10:06:00,38.11,38.21,38.11,38.21,2087.0,1.0,0.0,0.0
2016-02-25,10:09:00,38.2,38.2,38.1,38.1,3757.0,1.0,0.0,0.0
2016-02-25,10:12:00,38.07,38.08,38.01,38.01,1228.0,1.0,0.0,0.0
2016-02-25,10:15:00,38.03,38.07,38.03,38.0401,2154.0,1.0,0.0,0.0
2016-02-25,10:18:00,38.04,38.16,38.04,38.16,2132.0,1.0,0.0,0.0
2016-02-25,10:23:00,38.2,38.21,38.06,38.09,6372.0,1.0,0.0,0.0
2016-02-25,10:26:00,38.08,38.16,38.06,38.16,3439.0,1.0,0.0,0.0
2016-02-25,10:29:00,38.16,38.16,38.12,38.15,808.0,1.0,0.0,0.0
2016-02-25,10:32:00,38.18,38.2,38.1,38.16,5232.0,1.0,0.0,0.0
2016-02-25,10:35:00,38.17,38.24,38.16,38.21,3253.0,1.0,0.0,0.0
2016-02-25,10:38:00,38.21,38.21,38.19,38.19,1320.0,1.0,0.0,0.0
2016-02-25,10:41:00,38.21,38.32,38.21,38.3,2645.0,1.0,0.0,0.0
2016-02-25,10:44:00,38.33,38.33,38.28,38.29,1372.0,1.0,0.0,0.0
2016-02-25,10:47:00,38.3,38.3,38.1611,38.17,2508.0,1.0,0.0,0.0
2016-02-25,10:50:00,38.15,38.18,38.13,38.14,13181.0,1.0,0.0,0.0
2016-02-25,10:53:00,38.13,38.19,38.1,38.12,13893.0,1.0,0.0,0.0
2016-02-25,10:56:00,38.14,38.21,38.12,38.18,2005.0,1.0,0.0,0.0
2016-02-25,10:59:00,38.17,38.17,38.03,38.03,2180.0,1.0,0.0,0.0
2016-02-25,11:03:00,38.06,38.07,37.9812,38.05,3260.0,1.0,0.0,0.0
2016-02-25,11:06:00,38.04,38.08,38.03,38.03,2642.0,1.0,0.0,0.0
2016-02-25,11:09:00,38.04,38.0899,38.03,38.06,3124.0,1.0,0.0,0.0
2016-02-25,11:12:00,38.04,38.08,38.01,38.08,1615.0,1.0,0.0,0.0
2016-02-25,11:15:00,38.07,38.07,37.94,37.98,3429.0,1.0,0.0,0.0
2016-02-25,11:18:00,37.99,38.01,37.98,37.98,1596.0,1.0,0.0,0.0
2016-02-25,11:21:00,37.945,37.96,37.91,37.959,1698.0,1.0,0.0,0.0
2016-02-25,11:24:00,37.96,38.05,37.96,38.05,750.0,1.0,0.0,0.0
2016-02-25,11:27:00,38.06,38.12,38.04,38.12,4478.0,1.0,0.0,0.0
2016-02-25,11:31:00,38.08,38.09,38.06,38.06,960.0,1.0,0.0,0.0
2016-02-25,11:35:00,38.04,38.1,38.02,38.09,3580.0,1.0,0.0,0.0
2016-02-25,11:38:00,38.0912,38.16,38.0912,38.13,1790.0,1.0,0.0,0.0
2016-02-25,11:42:00,38.12,38.13,38.05,38.05,715.0,1.0,0.0,0.0
2016-02-25,11:45:00,38.01,38.08,37.99,38.06,2079.0,1.0,0.0,0.0
2016-02-25,11:49:00,38.07,38.09,38.07,38.08,705.0,1.0,0.0,0.0
2016-02-25,11:52:00,38.09,38.15,38.07,38.14,2996.0,1.0,0.0,0.0
2016-02-25,11:55:00,38.126,38.126,38.04,38.06,5292.0,1.0,0.0,0.0
2016-02-25,11:59:00,38.09,38.11,38.054,38.054,2656.0,1.0,0.0,0.0
2016-02-25,12:02:00,38.07,38.115,38.07,38.115,909.0,1.0,0.0,0.0
2016-02-25,12:05:00,38.1,38.11,38.08,38.11,2462.0,1.0,0.0,0.0
2016-02-25,12:09:00,38.1,38.1,38.085,38.09,2801.0,1.0,0.0,0.0
2016-02-25,12:12:00,38.1,38.14,38.1,38.11,1504.0,1.0,0.0,0.0
2016-02-25,12:16:00,38.12,38.16,38.11,38.13,1860.0,1.0,0.0,0.0
2016-02-25,12:19:00,38.11,38.11,38.0915,38.1075,911.0,1.0,0.0,0.0
2016-02-25,12:22:00,38.11,38.11,38.05,38.08,3842.0,1.0,0.0,0.0
2016-02-25,12:25:00,38.08,38.12,38.066,38.1025,4816.0,1.0,0.0,0.0
2016-02-25,12:28:00,38.1,38.12,38.09,38.09,1698.0,1.0,0.0,0.0
2016-02-25,12:31:00,38.09,38.09,38.05,38.06,2126.0,1.0,0.0,0.0
2016-02-25,12:34:00,38.07,38.07,38.03,38.0401,1746.0,1.0,0.0,0.0
2016-02-25,12:39:00,38.06,38.085,38.05,38.05,1523.0,1.0,0.0,0.0
2016-02-25,12:43:00,38.06,38.08,38.06,38.07,1227.0,1.0,0.0,0.0
2016-02-25,12:46:00,38.07,38.07,38.01,38.03,3258.0,1.0,0.0,0.0
2016-02-25,12:49:00,38.03,38.1145,38.03,38.11,2032.0,1.0,0.0,0.0
2016-02-25,12:52:00,38.12,38.17,38.12,38.16,1327.0,1.0,0.0,0.0
2016-02-25,12:56:00,38.155,38.16,38.155,38.16,374.0,1.0,0.0,0.0
2016-02-25,12:59:00,38.16,38.19,38.16,38.19,1719.0,1.0,0.0,0.0
2016-02-25,13:02:00,38.17,38.18,38.14,38.17,1476.0,1.0,0.0,0.0
2016-02-25,13:06:00,38.18,38.19,38.17,38.18,1495.0,1.0,0.0,0.0
2016-02-25,13:09:00,38.19,38.2,38.19,38.19,647.0,1.0,0.0,0.0
2016-02-25,13:12:00,38.1999,38.2,38.19,38.2,267.0,1.0,0.0,0.0
2016-02-25,13:15:00,38.19,38.23,38.19,38.23,2701.0,1.0,0.0,0.0
2016-02-25,13:18:00,38.23,38.28,38.23,38.24,3977.0,1.0,0.0,0.0
2016-02-25,13:21:00,38.24,38.24,38.22,38.23,456.0,1.0,0.0,0.0
2016-02-25,13:24:00,38.23,38.27,38.2,38.24,2588.0,1.0,0.0,0.0
2016-02-25,13:29:00,38.25,38.28,38.25,38.27,1231.0,1.0,0.0,0.0
2016-02-25,13:32:00,38.28,38.3,38.28,38.29,1190.0,1.0,0.0,0.0
2016-02-25,13:35:00,38.28,38.28,38.25,38.27,2429.0,1.0,0.0,0.0
2016-02-25,13:38:00,38.27,38.29,38.27,38.29,1726.0,1.0,0.0,0.0
2016-02-25,13:41:00,38.3,38.3437,38.3,38.3437,1269.0,1.0,0.0,0.0
2016-02-25,13:44:00,38.33,38.36,38.33,38.3599,1401.0,1.0,0.0,0.0
2016-02-25,13:47:00,38.35,38.38,38.34,38.34,2410.0,1.0,0.0,0.0
2016-02-25,13:51:00,38.34,38.4,38.333,38.4,1295.0,1.0,0.0,0.0
2016-02-25,13:55:00,38.4085,38.43,38.4,38.4,2670.0,1.0,0.0,0.0
2016-02-25,13:58:00,38.38,38.4,38.36,38.4,1798.0,1.0,0.0,0.0
2016-02-25,14:01:00,38.42,38.44,38.4001,38.4162,2392.0,1.0,0.0,0.0
2016-02-25,14:04:00,38.42,38.45,38.4056,38.45,1979.0,1.0,0.0,0.0
2016-02-25,14:07:00,38.44,38.46,38.43,38.45,1383.0,1.0,0.0,0.0
2016-02-25,14:10:00,38.4456,38.47,38.44,38.47,1335.0,1.0,0.0,0.0
2016-02-25,14:13:00,38.49,38.509,38.45,38.4885,2077.0,1.0,0.0,0.0
2016-02-25,14:16:00,38.49,38.54,38.49,38.52,1394.0,1.0,0.0,0.0
2016-02-25,14:19:00,38.5,38.55,38.49,38.55,1451.0,1.0,0.0,0.0
2016-02-25,14:22:00,38.56,38.56,38.53,38.54,1911.0,1.0,0.0,0.0
2016-02-25,14:25:00,38.56,38.57,38.51,38.51,1861.0,1.0,0.0,0.0
2016-02-25,14:28:00,38.505,38.51,38.48,38.49,1947.0,1.0,0.0,0.0
2016-02-25,14:31:00,38.49,38.49,38.47,38.47,1302.0,1.0,0.0,0.0
2016-02-25,14:35:00,38.4699,38.49,38.46,38.48,2970.0,1.0,0.0,0.0
2016-02-25,14:38:00,38.46,38.47,38.45,38.47,1113.0,1.0,0.0,0.0
2016-02-25,14:41:00,38.47,38.48,38.45,38.47,1734.0,1.0,0.0,0.0
2016-02-25,14:44:00,38.47,38.509,38.46,38.4801,1975.0,1.0,0.0,0.0
2016-02-25,14:48:00,38.49,38.51,38.48,38.49,3108.0,1.0,0.0,0.0
2016-02-25,14:52:00,38.49,38.49,38.46,38.46,3042.0,1.0,0.0,0.0
2016-02-25,14:55:00,38.44,38.46,38.44,38.46,2787.0,1.0,0.0,0.0
2016-02-25,14:58:00,38.45,38.46,38.42,38.42,2334.0,1.0,0.0,0.0
2016-02-25,15:01:00,38.41,38.43,38.39,38.41,7647.0,1.0,0.0,0.0
2016-02-25,15:04:00,38.42,38.52,38.42,38.51,1570.0,1.0,0.0,0.0
2016-02-25,15:07:00,38.52,38.529,38.5,38.51,2985.0,1.0,0.0,0.0
2016-02-25,15:11:00,38.52,38.534,38.51,38.53,2499.0,1.0,0.0,0.0
2016-02-25,15:14:00,38.53,38.5399,38.51,38.53,1851.0,1.0,0.0,0.0
2016-02-25,15:17:00,38.52,38.52,38.49,38.49,2259.0,1.0,0.0,0.0
2016-02-25,15:20:00,38.49,38.49,38.48,38.49,1880.0,1.0,0.0,0.0
2016-02-25,15:24:00,38.49,38.5,38.46,38.49,3496.0,1.0,0.0,0.0
2016-02-25,15:27:00,38.489000000000004,38.489000000000004,38.43,38.44,5310.0,1.0,0.0,0.0
2016-02-25,15:30:00,38.45,38.46,38.42,38.45,2308.0,1.0,0.0,0.0
2016-02-25,15:33:00,38.46,38.47,38.45,38.45,4136.0,1.0,0.0,0.0
2016-02-25,15:36:00,38.46,38.4701,38.43,38.47,1714.0,1.0,0.0,0.0
2016-02-25,15:39:00,38.47,38.485,38.46,38.46,7735.0,1.0,0.0,0.0
2016-02-25,15:42:00,38.45,38.49,38.43,38.47,16350.0,1.0,0.0,0.0
2016-02-25,15:45:00,38.47,38.5,38.46,38.48,11169.0,1.0,0.0,0.0
2016-02-25,15:48:00,38.48,38.48,38.44,38.44,9957.0,1.0,0.0,0.0
2016-02-25,15:51:00,38.45,38.46,38.4399,38.46,15581.0,1.0,0.0,0.0
2016-02-25,15:54:00,38.47,38.47,38.44,38.44,10200.0,1.0,0.0,0.0
2016-02-25,15:57:00,38.45,38.48,38.44,38.47,21451.0,1.0,0.0,0.0
2016-02-26,09:30:00,38.465,38.86,38.46,38.68,27950.0,1.0,0.0,0.0
2016-02-26,09:33:00,38.69,38.81,38.69,38.72,1010.0,1.0,0.0,0.0
2016-02-26,09:36:00,38.71,38.83,38.56,38.82,3133.0,1.0,0.0,0.0
2016-02-26,09:39:00,38.76,38.87,38.73,38.84,2334.0,1.0,0.0,0.0
2016-02-26,09:42:00,38.8308,38.87,38.77,38.87,801.0,1.0,0.0,0.0
2016-02-26,09:45:00,38.81,38.86,38.79,38.83,8423.0,1.0,0.0,0.0
2016-02-26,09:48:00,38.8,38.82,38.68,38.75,5616.0,1.0,0.0,0.0
2016-02-26,09:51:00,38.7215,38.86,38.71,38.84,29706.0,1.0,0.0,0.0
2016-02-26,09:54:00,38.83,38.96,38.83,38.91,2952.0,1.0,0.0,0.0
2016-02-26,09:57:00,38.89,38.96,38.82,38.83,13370.0,1.0,0.0,0.0
2016-02-26,10:00:00,38.79,38.81,38.76,38.8,3152.0,1.0,0.0,0.0
2016-02-26,10:03:00,38.81,38.882,38.81,38.85,3027.0,1.0,0.0,0.0
2016-02-26,10:07:00,38.82,38.89,38.82,38.82,2810.0,1.0,0.0,0.0
2016-02-26,10:10:00,38.81,38.81,38.71,38.71,3480.0,1.0,0.0,0.0
2016-02-26,10:13:00,38.71,38.74,38.66,38.72,5452.0,1.0,0.0,0.0
2016-02-26,10:17:00,38.73,38.75,38.67,38.73,3613.0,1.0,0.0,0.0
2016-02-26,10:20:00,38.72,38.76,38.7,38.76,4557.0,1.0,0.0,0.0
2016-02-26,10:23:00,38.72,38.76,38.71,38.71,13196.0,1.0,0.0,0.0
2016-02-26,10:26:00,38.69,38.77,38.65,38.74,3954.0,1.0,0.0,0.0
2016-02-26,10:30:00,38.72,38.78,38.72,38.78,2944.0,1.0,0.0,0.0
2016-02-26,10:33:00,38.8,38.88,38.79,38.88,3492.0,1.0,0.0,0.0
2016-02-26,10:36:00,38.87,38.97,38.87,38.97,1259.0,1.0,0.0,0.0
2016-02-26,10:39:00,38.98,39.0,38.95,38.9801,2200.0,1.0,0.0,0.0
2016-02-26,10:42:00,39.0,39.03,38.96,39.01,8032.0,1.0,0.0,0.0
2016-02-26,10:45:00,39.01,39.05,39.01,39.03,1345.0,1.0,0.0,0.0
2016-02-26,10:48:00,39.02,39.06,39.01,39.02,1036.0,1.0,0.0,0.0
2016-02-26,10:51:00,39.01,39.04,38.98,39.01,3525.0,1.0,0.0,0.0
2016-02-26,10:54:00,39.0,39.055,38.99,39.055,1000.0,1.0,0.0,0.0
2016-02-26,10:57:00,39.05,39.08,38.9865,39.0,3103.0,1.0,0.0,0.0
2016-02-26,11:00:00,39.02,39.07,39.01,39.03,2120.0,1.0,0.0,0.0
2016-02-26,11:03:00,39.02,39.0301,39.0,39.03,1843.0,1.0,0.0,0.0
2016-02-26,11:06:00,39.06,39.12,39.05,39.12,2891.0,1.0,0.0,0.0
2016-02-26,11:09:00,39.09,39.09,39.06,39.07,2547.0,1.0,0.0,0.0
2016-02-26,11:12:00,39.06,39.07,39.05,39.06,1017.0,1.0,0.0,0.0
2016-02-26,11:16:00,39.06,39.07,39.01,39.07,2061.0,1.0,0.0,0.0
2016-02-26,11:19:00,39.06,39.1,39.05,39.1,2384.0,1.0,0.0,0.0
2016-02-26,11:22:00,39.08,39.1,39.06,39.09,1391.0,1.0,0.0,0.0
2016-02-26,11:26:00,39.0999,39.1,39.05,39.06,2117.0,1.0,0.0,0.0
2016-02-26,11:30:00,39.02,39.05,38.92,38.92,22052.0,1.0,0.0,0.0
2016-02-26,11:33:00,38.92,38.9336,38.89,38.91,2048.0,1.0,0.0,0.0
2016-02-26,11:36:00,38.9,38.92,38.87,38.89,2367.0,1.0,0.0,0.0
2016-02-26,11:39:00,38.92,38.955,38.9,38.9,2089.0,1.0,0.0,0.0
2016-02-26,11:43:00,38.92,38.99,38.91,38.98,3690.0,1.0,0.0,0.0
2016-02-26,11:46:00,38.98,39.01,38.94,38.99,1954.0,1.0,0.0,0.0
2016-02-26,11:50:00,38.989000000000004,39.05,38.97,38.98,1979.0,1.0,0.0,0.0
2016-02-26,11:53:00,38.98,38.98,38.95,38.96,2546.0,1.0,0.0,0.0
2016-02-26,11:56:00,38.94,39.075,38.94,39.075,2718.0,1.0,0.0,0.0
2016-02-26,12:00:00,39.0653,39.16,39.06,39.07,2382.0,1.0,0.0,0.0
2016-02-26,12:03:00,39.05,39.05,39.0,39.05,1976.0,1.0,0.0,0.0
2016-02-26,12:06:00,39.04,39.04,38.99,38.99,1917.0,1.0,0.0,0.0
2016-02-26,12:09:00,39.01,39.07,39.01,39.04,37338.0,1.0,0.0,0.0
2016-02-26,12:12:00,39.05,39.109,39.05,39.07,1822.0,1.0,0.0,0.0
2016-02-26,12:15:00,39.05,39.12,39.05,39.09,3454.0,1.0,0.0,0.0
2016-02-26,12:18:00,39.11,39.16,39.11,39.15,1231.0,1.0,0.0,0.0
2016-02-26,12:21:00,39.13,39.15,39.13,39.15,1263.0,1.0,0.0,0.0
2016-02-26,12:24:00,39.14,39.14,39.1,39.1,8064.0,1.0,0.0,0.0
2016-02-26,12:27:00,39.1,39.13,39.09,39.1,7103.0,1.0,0.0,0.0
2016-02-26,12:30:00,39.08,39.08,39.05,39.06,1915.0,1.0,0.0,0.0
2016-02-26,12:34:00,39.07,39.07,39.05,39.05,1615.0,1.0,0.0,0.0
2016-02-26,12:37:00,39.04,39.08,39.04,39.07,2953.0,1.0,0.0,0.0
2016-02-26,12:40:00,39.07,39.07,39.0161,39.024,1195.0,1.0,0.0,0.0
2016-02-26,12:43:00,39.03,39.03,39.0,39.03,1828.0,1.0,0.0,0.0
2016-02-26,12:46:00,39.04,39.05,39.0001,39.02,1233.0,1.0,0.0,0.0
2016-02-26,12:51:00,38.99,38.99,38.97,38.98,2938.0,1.0,0.0,0.0
2016-02-26,12:54:00,38.98,39.02,38.98,39.02,709.0,1.0,0.0,0.0
2016-02-26,12:57:00,39.03,39.05,39.02,39.02,1296.0,1.0,0.0,0.0
2016-02-26,13:00:00,38.9901,39.035,38.9901,39.02,1263.0,1.0,0.0,0.0
2016-02-26,13:05:00,39.02,39.07,39.02,39.04,2616.0,1.0,0.0,0.0
2016-02-26,13:08:00,39.06,39.09,39.06,39.08,2099.0,1.0,0.0,0.0
2016-02-26,13:12:00,39.06,39.06,39.03,39.03,1085.0,1.0,0.0,0.0
2016-02-26,13:15:00,39.03,39.03,39.0,39.02,2860.0,1.0,0.0,0.0
2016-02-26,13:18:00,39.03,39.08,39.03,39.06,2098.0,1.0,0.0,0.0
2016-02-26,13:21:00,39.08,39.1,39.07,39.07,712.0,1.0,0.0,0.0
2016-02-26,13:24:00,39.07,39.09,39.04,39.06,6706.0,1.0,0.0,0.0
2016-02-26,13:27:00,39.05,39.06,39.0201,39.03,5794.0,1.0,0.0,0.0
2016-02-26,13:30:00,39.04,39.04,39.02,39.02,2904.0,1.0,0.0,0.0
2016-02-26,13:33:00,39.01,39.03,38.99,38.99,3935.0,1.0,0.0,0.0
2016-02-26,13:36:00,38.98,39.01,38.98,39.01,3144.0,1.0,0.0,0.0
2016-02-26,13:39:00,39.01,39.02,39.0,39.01,3450.0,1.0,0.0,0.0
2016-02-26,13:42:00,39.0,39.0,38.9501,38.98,4136.0,1.0,0.0,0.0
2016-02-26,13:45:00,38.96,38.96,38.93,38.937,1280.0,1.0,0.0,0.0
2016-02-26,13:48:00,38.93,38.955,38.93,38.95,2187.0,1.0,0.0,0.0
2016-02-26,13:51:00,38.95,38.95,38.895,38.895,864.0,1.0,0.0,0.0
2016-02-26,13:55:00,38.89,38.89,38.86,38.865,3136.0,1.0,0.0,0.0
2016-02-26,13:58:00,38.86,38.86,38.83,38.85,3135.0,1.0,0.0,0.0
2016-02-26,14:01:00,38.85,38.91,38.85,38.902,3040.0,1.0,0.0,0.0
2016-02-26,14:04:00,38.91,38.91,38.87,38.88,2429.0,1.0,0.0,0.0
2016-02-26,14:07:00,38.89,38.91,38.88,38.8864,2463.0,1.0,0.0,0.0
2016-02-26,14:10:00,38.8971,38.9116,38.87,38.87,2586.0,1.0,0.0,0.0
2016-02-26,14:13:00,38.86,38.88,38.83,38.84,2526.0,1.0,0.0,0.0
2016-02-26,14:16:00,38.84,38.86,38.825,38.825,4005.0,1.0,0.0,0.0
2016-02-26,14:19:00,38.8201,38.83,38.82,38.825,2567.0,1.0,0.0,0.0
2016-02-26,14:22:00,38.82,38.83,38.795,38.82,4279.0,1.0,0.0,0.0
2016-02-26,14:25:00,38.81,38.86,38.81,38.84,2554.0,1.0,0.0,0.0
2016-02-26,14:28:00,38.84,38.9,38.84,38.87,1398.0,1.0,0.0,0.0
2016-02-26,14:31:00,38.88,38.89,38.87,38.87,2043.0,1.0,0.0,0.0
2016-02-26,14:34:00,38.8701,38.88,38.84,38.84,3521.0,1.0,0.0,0.0
2016-02-26,14:37:00,38.85,38.85,38.84,38.84,2105.0,1.0,0.0,0.0
2016-02-26,14:40:00,38.84,38.84,38.77,38.77,2218.0,1.0,0.0,0.0
2016-02-26,14:43:00,38.775,38.8,38.765,38.8,3564.0,1.0,0.0,0.0
2016-02-26,14:46:00,38.81,38.88,38.81,38.88,4317.0,1.0,0.0,0.0
2016-02-26,14:49:00,38.87,38.89,38.85,38.87,4024.0,1.0,0.0,0.0
2016-02-26,14:52:00,38.87,38.87,38.84,38.84,4616.0,1.0,0.0,0.0
2016-02-26,14:55:00,38.8301,38.8301,38.8,38.8,2246.0,1.0,0.0,0.0
2016-02-26,14:58:00,38.8,38.81,38.785,38.785,3613.0,1.0,0.0,0.0
2016-02-26,15:01:00,38.8,38.8,38.74,38.78,7102.0,1.0,0.0,0.0
2016-02-26,15:04:00,38.79,38.81,38.785,38.8,4772.0,1.0,0.0,0.0
2016-02-26,15:07:00,38.8,38.84,38.795,38.84,3408.0,1.0,0.0,0.0
2016-02-26,15:10:00,38.83,38.865,38.81,38.86,7238.0,1.0,0.0,0.0
2016-02-26,15:13:00,38.86,38.8699,38.845,38.845,6820.0,1.0,0.0,0.0
2016-02-26,15:16:00,38.85,38.87,38.845,38.8601,4614.0,1.0,0.0,0.0
2016-02-26,15:19:00,38.87,38.88,38.84,38.85,5798.0,1.0,0.0,0.0
2016-02-26,15:22:00,38.85,38.85,38.81,38.81,4158.0,1.0,0.0,0.0
2016-02-26,15:25:00,38.81,38.82,38.8,38.805,4531.0,1.0,0.0,0.0
2016-02-26,15:28:00,38.8,38.8,38.765,38.79,7710.0,1.0,0.0,0.0
2016-02-26,15:31:00,38.79,38.84,38.7601,38.84,7640.0,1.0,0.0,0.0
2016-02-26,15:34:00,38.84,38.87,38.82,38.8361,10796.0,1.0,0.0,0.0
2016-02-26,15:37:00,38.84,38.84,38.81,38.83,8988.0,1.0,0.0,0.0
2016-02-26,15:40:00,38.83,38.85,38.8,38.84,7432.0,1.0,0.0,0.0
2016-02-26,15:43:00,38.85,38.855,38.835,38.835,9642.0,1.0,0.0,0.0
2016-02-26,15:46:00,38.83,38.89,38.825,38.89,10824.0,1.0,0.0,0.0
2016-02-26,15:49:00,38.89,38.91,38.885,38.91,12140.0,1.0,0.0,0.0
2016-02-26,15:52:00,38.9,38.96,38.9,38.955,14322.0,1.0,0.0,0.0
2016-02-26,15:55:00,38.955,38.97,38.95,38.955,18012.0,1.0,0.0,0.0
2016-02-26,15:58:00,38.96,38.96,38.88,38.88,29480.0,1.0,0.0,0.0
2016-02-29,09:31:00,38.885,39.02,38.75,38.95,29083.0,1.0,0.0,0.0
2016-02-29,09:34:00,38.97,39.1,38.96,39.06,6336.0,1.0,0.0,0.0
2016-02-29,09:37:00,39.0,39.07,38.92,38.92,205.0,1.0,0.0,0.0
2016-02-29,09:41:00,38.85,38.85,38.78,38.84,321.0,1.0,0.0,0.0
2016-02-29,09:44:00,38.78,38.78,38.61,38.61,1118.0,1.0,0.0,0.0
2016-02-29,09:47:00,38.61,38.67,38.58,38.6499,1857.0,1.0,0.0,0.0
2016-02-29,09:50:00,38.61,38.74,38.56,38.6901,10538.0,1.0,0.0,0.0
2016-02-29,09:53:00,38.7,38.7,38.63,38.66,1002.0,1.0,0.0,0.0
2016-02-29,09:56:00,38.66,38.66,38.53,38.53,1457.0,1.0,0.0,0.0
2016-02-29,10:00:00,38.47,38.49,38.36,38.38,2639.0,1.0,0.0,0.0
2016-02-29,10:03:00,38.3679,38.52,38.3679,38.51,936.0,1.0,0.0,0.0
2016-02-29,10:06:00,38.57,38.65,38.47,38.65,3557.0,1.0,0.0,0.0
2016-02-29,10:09:00,38.64,38.64,38.51,38.51,3549.0,1.0,0.0,0.0
2016-02-29,10:12:00,38.5,38.51,38.45,38.4603,4459.0,1.0,0.0,0.0
2016-02-29,10:15:00,38.46,38.53,38.42,38.51,5397.0,1.0,0.0,0.0
2016-02-29,10:18:00,38.46,38.48,38.4,38.41,4658.0,1.0,0.0,0.0
2016-02-29,10:21:00,38.41,38.44,38.34,38.44,3288.0,1.0,0.0,0.0
2016-02-29,10:24:00,38.43,38.49,38.4,38.41,5705.0,1.0,0.0,0.0
2016-02-29,10:27:00,38.41,38.42,38.26,38.31,4105.0,1.0,0.0,0.0
2016-02-29,10:30:00,38.3,38.475,38.3,38.45,4387.0,1.0,0.0,0.0
2016-02-29,10:33:00,38.43,38.43,38.39,38.39,807.0,1.0,0.0,0.0
2016-02-29,10:36:00,38.35,38.39,38.31,38.31,1941.0,1.0,0.0,0.0
2016-02-29,10:39:00,38.33,38.41,38.33,38.41,3326.0,1.0,0.0,0.0
2016-02-29,10:42:00,38.39,38.4598,38.39,38.4598,717.0,1.0,0.0,0.0
2016-02-29,10:45:00,38.48,38.55,38.48,38.55,2598.0,1.0,0.0,0.0
2016-02-29,10:49:00,38.54,38.54,38.48,38.51,2702.0,1.0,0.0,0.0
2016-02-29,10:52:00,38.49,38.55,38.47,38.52,1722.0,1.0,0.0,0.0
2016-02-29,10:55:00,38.52,38.56,38.52,38.55,2430.0,1.0,0.0,0.0
2016-02-29,10:58:00,38.57,38.59,38.53,38.58,1184.0,1.0,0.0,0.0
2016-02-29,11:01:00,38.58,38.62,38.56,38.62,615.0,1.0,0.0,0.0
2016-02-29,11:04:00,38.59,38.67,38.59,38.64,2744.0,1.0,0.0,0.0
2016-02-29,11:08:00,38.62,38.62,38.59,38.61,631.0,1.0,0.0,0.0
2016-02-29,11:11:00,38.62,38.67,38.62,38.64,3122.0,1.0,0.0,0.0
2016-02-29,11:14:00,38.64,38.69,38.63,38.65,5484.0,1.0,0.0,0.0
2016-02-29,11:17:00,38.66,38.69,38.62,38.64,20404.0,1.0,0.0,0.0
2016-02-29,11:20:00,38.65,38.65,38.62,38.62,2185.0,1.0,0.0,0.0
2016-02-29,11:24:00,38.63,38.69,38.63,38.69,750.0,1.0,0.0,0.0
2016-02-29,11:27:00,38.67,38.69,38.64,38.66,1702.0,1.0,0.0,0.0
2016-02-29,11:30:00,38.67,38.67,38.59,38.62,3268.0,1.0,0.0,0.0
2016-02-29,11:33:00,38.62,38.65,38.61,38.61,2060.0,1.0,0.0,0.0
2016-02-29,11:36:00,38.65,38.75,38.65,38.75,1211.0,1.0,0.0,0.0
2016-02-29,11:40:00,38.75,38.85,38.75,38.845,5578.0,1.0,0.0,0.0
2016-02-29,11:43:00,38.83,38.89,38.83,38.84,2747.0,1.0,0.0,0.0
2016-02-29,11:46:00,38.84,38.88,38.84,38.8799,4026.0,1.0,0.0,0.0
2016-02-29,11:49:00,38.88,38.9,38.88,38.8999,2209.0,1.0,0.0,0.0
2016-02-29,11:52:00,38.89,38.91,38.88,38.91,6603.0,1.0,0.0,0.0
2016-02-29,11:55:00,38.9,38.93,38.89,38.89,2378.0,1.0,0.0,0.0
2016-02-29,11:58:00,38.9,38.91,38.89,38.9,1691.0,1.0,0.0,0.0
2016-02-29,12:02:00,38.9,38.9,38.87,38.87,1220.0,1.0,0.0,0.0
2016-02-29,12:05:00,38.87,38.88,38.8345,38.86,5590.0,1.0,0.0,0.0
2016-02-29,12:08:00,38.8541,38.88,38.84,38.87,1783.0,1.0,0.0,0.0
2016-02-29,12:12:00,38.86,38.87,38.86,38.87,1056.0,1.0,0.0,0.0
2016-02-29,12:15:00,38.88,38.9,38.87,38.9,1355.0,1.0,0.0,0.0
2016-02-29,12:18:00,38.9,38.94,38.9,38.94,2737.0,1.0,0.0,0.0
2016-02-29,12:21:00,38.92,38.96,38.92,38.95,826.0,1.0,0.0,0.0
2016-02-29,12:24:00,38.95,38.9599,38.91,38.92,2596.0,1.0,0.0,0.0
2016-02-29,12:27:00,38.9173,38.94,38.88,38.93,7963.0,1.0,0.0,0.0
2016-02-29,12:30:00,38.94,38.98,38.94,38.95,4326.0,1.0,0.0,0.0
2016-02-29,12:33:00,38.95,38.96,38.92,38.95,515.0,1.0,0.0,0.0
2016-02-29,12:36:00,38.96,39.0,38.96,38.99,2663.0,1.0,0.0,0.0
2016-02-29,12:39:00,38.98,38.985,38.9,38.93,3534.0,1.0,0.0,0.0
2016-02-29,12:42:00,38.94,38.96,38.93,38.93,3150.0,1.0,0.0,0.0
2016-02-29,12:45:00,38.9201,38.93,38.92,38.93,739.0,1.0,0.0,0.0
2016-02-29,12:48:00,38.921,38.93,38.9,38.92,1177.0,1.0,0.0,0.0
2016-02-29,12:51:00,38.91,38.96,38.91,38.94,1662.0,1.0,0.0,0.0
2016-02-29,12:54:00,38.94,38.96,38.93,38.95,855.0,1.0,0.0,0.0
2016-02-29,12:57:00,38.95,38.99,38.94,38.98,2684.0,1.0,0.0,0.0
2016-02-29,13:00:00,38.99,39.02,38.99,39.01,1420.0,1.0,0.0,0.0
2016-02-29,13:04:00,39.01,39.04,39.0,39.02,1654.0,1.0,0.0,0.0
2016-02-29,13:08:00,39.01,39.03,39.01,39.03,1168.0,1.0,0.0,0.0
2016-02-29,13:11:00,39.02,39.06,39.01,39.0434,2731.0,1.0,0.0,0.0
2016-02-29,13:14:00,39.0399,39.05,39.01,39.01,2406.0,1.0,0.0,0.0
2016-02-29,13:17:00,39.02,39.05,39.02,39.04,3769.0,1.0,0.0,0.0
2016-02-29,13:20:00,39.05,39.05,38.97,38.97,1501.0,1.0,0.0,0.0
2016-02-29,13:24:00,38.96,38.965,38.94,38.965,2061.0,1.0,0.0,0.0
2016-02-29,13:28:00,38.95,38.99,38.95,38.97,4444.0,1.0,0.0,0.0
2016-02-29,13:31:00,38.965,38.985,38.94,38.98,6570.0,1.0,0.0,0.0
2016-02-29,13:34:00,38.965,38.99,38.96,38.99,3942.0,1.0,0.0,0.0
2016-02-29,13:37:00,38.99,39.0,38.99,39.0,2227.0,1.0,0.0,0.0
2016-02-29,13:40:00,39.01,39.01,39.0,39.0,1606.0,1.0,0.0,0.0
2016-02-29,13:43:00,38.99,39.005,38.96,38.9728,5576.0,1.0,0.0,0.0
2016-02-29,13:46:00,38.97,39.02,38.97,39.02,1770.0,1.0,0.0,0.0
2016-02-29,13:49:00,39.02,39.02,38.98,39.0,6743.0,1.0,0.0,0.0
2016-02-29,13:52:00,39.01,39.02,38.99,39.01,6366.0,1.0,0.0,0.0
2016-02-29,13:55:00,39.02,39.03,39.01,39.01,4110.0,1.0,0.0,0.0
2016-02-29,13:58:00,39.01,39.03,39.01,39.01,566.0,1.0,0.0,0.0
2016-02-29,14:01:00,39.02,39.05,39.02,39.02,2535.0,1.0,0.0,0.0
2016-02-29,14:04:00,39.025,39.04,39.02,39.0258,786.0,1.0,0.0,0.0
2016-02-29,14:07:00,39.02,39.03,38.9801,38.985,6326.0,1.0,0.0,0.0
2016-02-29,14:10:00,38.99,39.005,38.97,38.99,7554.0,1.0,0.0,0.0
2016-02-29,14:13:00,38.985,38.99,38.96,38.96,6742.0,1.0,0.0,0.0
2016-02-29,14:16:00,38.97,38.995,38.96,38.96,8421.0,1.0,0.0,0.0
2016-02-29,14:19:00,38.96,38.97,38.95,38.95,3051.0,1.0,0.0,0.0
2016-02-29,14:22:00,38.94,38.945,38.9,38.93,8450.0,1.0,0.0,0.0
2016-02-29,14:25:00,38.9142,38.95,38.91,38.95,5011.0,1.0,0.0,0.0
2016-02-29,14:28:00,38.9401,38.98,38.94,38.98,2467.0,1.0,0.0,0.0
2016-02-29,14:31:00,38.98,39.0,38.96,38.97,3827.0,1.0,0.0,0.0
2016-02-29,14:34:00,38.98,38.98,38.931,38.95,1206.0,1.0,0.0,0.0
2016-02-29,14:37:00,38.9301,38.95,38.915,38.93,4005.0,1.0,0.0,0.0
2016-02-29,14:40:00,38.93,38.95,38.92,38.94,4986.0,1.0,0.0,0.0
2016-02-29,14:43:00,38.93,38.93,38.88,38.89,1387.0,1.0,0.0,0.0
2016-02-29,14:46:00,38.89,38.9,38.87,38.88,3780.0,1.0,0.0,0.0
2016-02-29,14:49:00,38.89,38.9,38.88,38.88,2235.0,1.0,0.0,0.0
2016-02-29,14:52:00,38.89,38.89,38.8701,38.88,1918.0,1.0,0.0,0.0
2016-02-29,14:55:00,38.88,38.885,38.87,38.88,7573.0,1.0,0.0,0.0
2016-02-29,14:58:00,38.87,38.87,38.8,38.81,4093.0,1.0,0.0,0.0
2016-02-29,15:01:00,38.81,38.81,38.76,38.76,2380.0,1.0,0.0,0.0
2016-02-29,15:04:00,38.76,38.79,38.75,38.7898,6558.0,1.0,0.0,0.0
2016-02-29,15:07:00,38.78,38.8,38.765,38.8,10635.0,1.0,0.0,0.0
2016-02-29,15:10:00,38.81,38.81,38.78,38.7801,2153.0,1.0,0.0,0.0
2016-02-29,15:13:00,38.7801,38.785,38.76,38.775,6643.0,1.0,0.0,0.0
2016-02-29,15:16:00,38.77,38.8,38.76,38.77,8871.0,1.0,0.0,0.0
2016-02-29,15:19:00,38.78,38.8,38.76,38.7701,10787.0,1.0,0.0,0.0
2016-02-29,15:22:00,38.77,38.84,38.77,38.83,9331.0,1.0,0.0,0.0
2016-02-29,15:25:00,38.82,38.84,38.806,38.825,3780.0,1.0,0.0,0.0
2016-02-29,15:28:00,38.83,38.85,38.81,38.84,2883.0,1.0,0.0,0.0
2016-02-29,15:31:00,38.85,38.87,38.84,38.86,13846.0,1.0,0.0,0.0
2016-02-29,15:34:00,38.86,38.874,38.8,38.82,9477.0,1.0,0.0,0.0
2016-02-29,15:37:00,38.83,38.86,38.82,38.86,18480.0,1.0,0.0,0.0
2016-02-29,15:40:00,38.85,38.88,38.85,38.85,17241.0,1.0,0.0,0.0
2016-02-29,15:43:00,38.86,38.9,38.85,38.9,14161.0,1.0,0.0,0.0
2016-02-29,15:46:00,38.91,38.93,38.84,38.85,18245.0,1.0,0.0,0.0
2016-02-29,15:49:00,38.85,38.8599,38.8,38.82,17761.0,1.0,0.0,0.0
2016-02-29,15:52:00,38.81,38.82,38.77,38.7701,14888.0,1.0,0.0,0.0
2016-02-29,15:55:00,38.77,38.78,38.71,38.75,30250.0,1.0,0.0,0.0
2016-02-29,15:58:00,38.74,38.74,38.69,38.69,49965.0,1.0,0.0,0.0
2016-03-01,09:31:00,38.69,39.24,38.65,39.21,49571.0,1.0,0.0,0.0
2016-03-01,09:34:00,39.14,39.19,38.93,39.08,11303.0,1.0,0.0,0.0
2016-03-01,09:37:00,38.97,39.07,38.95,38.95,2340.0,1.0,0.0,0.0
2016-03-01,09:40:00,38.95,38.95,38.77,38.77,1483.0,1.0,0.0,0.0
2016-03-01,09:43:00,38.76,38.9,38.76,38.9,847.0,1.0,0.0,0.0
2016-03-01,09:46:00,38.92,38.96,38.88,38.91,3040.0,1.0,0.0,0.0
2016-03-01,09:49:00,38.89,38.92,38.76,38.91,2885.0,1.0,0.0,0.0
2016-03-01,09:52:00,38.93,39.0,38.89,38.98,5046.0,1.0,0.0,0.0
2016-03-01,09:56:00,38.98,38.98,38.84,38.88,2645.0,1.0,0.0,0.0
2016-03-01,09:59:00,38.88,38.93,38.81,38.93,20642.0,1.0,0.0,0.0
2016-03-01,10:02:00,38.92,39.19,38.92,39.14,5600.0,1.0,0.0,0.0
2016-03-01,10:06:00,39.11,39.13,39.07,39.09,3704.0,1.0,0.0,0.0
2016-03-01,10:09:00,39.09,39.14,39.09,39.14,2974.0,1.0,0.0,0.0
2016-03-01,10:12:00,39.15,39.18,39.08,39.13,4104.0,1.0,0.0,0.0
2016-03-01,10:15:00,39.16,39.17,39.09,39.1,6044.0,1.0,0.0,0.0
2016-03-01,10:18:00,39.11,39.25,39.11,39.21,3447.0,1.0,0.0,0.0
2016-03-01,10:21:00,39.2,39.22,39.1836,39.21,3178.0,1.0,0.0,0.0
2016-03-01,10:24:00,39.22,39.38,39.21,39.35,12332.0,1.0,0.0,0.0
2016-03-01,10:27:00,39.34,39.365,39.27,39.32,1250.0,1.0,0.0,0.0
2016-03-01,10:30:00,39.34,39.395,39.28,39.28,5282.0,1.0,0.0,0.0
2016-03-01,10:33:00,39.27,39.31,39.25,39.31,1804.0,1.0,0.0,0.0
2016-03-01,10:36:00,39.33,39.34,39.29,39.3,4158.0,1.0,0.0,0.0
2016-03-01,10:39:00,39.27,39.29,39.24,39.26,3113.0,1.0,0.0,0.0
2016-03-01,10:43:00,39.23,39.2444,39.19,39.2444,3260.0,1.0,0.0,0.0
2016-03-01,10:46:00,39.27,39.31,39.25,39.26,4204.0,1.0,0.0,0.0
2016-03-01,10:49:00,39.25,39.3,39.25,39.26,4468.0,1.0,0.0,0.0
2016-03-01,10:52:00,39.25,39.26,39.22,39.2599,4837.0,1.0,0.0,0.0
2016-03-01,10:55:00,39.26,39.31,39.22,39.3,4503.0,1.0,0.0,0.0
2016-03-01,10:58:00,39.31,39.34,39.22,39.22,4129.0,1.0,0.0,0.0
2016-03-01,11:01:00,39.22,39.31,39.2,39.31,2041.0,1.0,0.0,0.0
2016-03-01,11:04:00,39.32,39.325,39.26,39.26,7360.0,1.0,0.0,0.0
2016-03-01,11:07:00,39.25,39.28,39.23,39.28,1559.0,1.0,0.0,0.0
2016-03-01,11:10:00,39.28,39.35,39.28,39.35,1421.0,1.0,0.0,0.0
2016-03-01,11:13:00,39.35,39.44,39.35,39.39,4158.0,1.0,0.0,0.0
2016-03-01,11:16:00,39.4,39.42,39.37,39.3899,1237.0,1.0,0.0,0.0
2016-03-01,11:19:00,39.36,39.49,39.36,39.46,5058.0,1.0,0.0,0.0
2016-03-01,11:22:00,39.46,39.5,39.44,39.46,1381.0,1.0,0.0,0.0
2016-03-01,11:25:00,39.445,39.46,39.42,39.42,853.0,1.0,0.0,0.0
2016-03-01,11:28:00,39.43,39.47,39.43,39.47,2689.0,1.0,0.0,0.0
2016-03-01,11:31:00,39.47,39.51,39.47,39.49,6285.0,1.0,0.0,0.0
2016-03-01,11:35:00,39.51,39.51,39.47,39.5,4158.0,1.0,0.0,0.0
2016-03-01,11:38:00,39.48,39.4801,39.46,39.4801,1443.0,1.0,0.0,0.0
2016-03-01,11:41:00,39.5,39.52,39.48,39.48,3541.0,1.0,0.0,0.0
2016-03-01,11:44:00,39.48,39.59,39.48,39.565,2913.0,1.0,0.0,0.0
2016-03-01,11:47:00,39.57,39.61,39.55,39.57,2401.0,1.0,0.0,0.0
2016-03-01,11:50:00,39.57,39.64,39.57,39.64,558.0,1.0,0.0,0.0
2016-03-01,11:53:00,39.64,39.67,39.64,39.65,2911.0,1.0,0.0,0.0
2016-03-01,11:56:00,39.65,39.67,39.6,39.61,2159.0,1.0,0.0,0.0
2016-03-01,11:59:00,39.62,39.65,39.6,39.62,3688.0,1.0,0.0,0.0
2016-03-01,12:02:00,39.64,39.65,39.61,39.62,3173.0,1.0,0.0,0.0
2016-03-01,12:05:00,39.64,39.65,39.61,39.6341,1295.0,1.0,0.0,0.0
2016-03-01,12:08:00,39.64,39.7,39.64,39.695,1955.0,1.0,0.0,0.0
2016-03-01,12:11:00,39.6941,39.74,39.64,39.64,4015.0,1.0,0.0,0.0
2016-03-01,12:14:00,39.64,39.68,39.62,39.62,1888.0,1.0,0.0,0.0
2016-03-01,12:17:00,39.626999999999995,39.626999999999995,39.58,39.62,3162.0,1.0,0.0,0.0
2016-03-01,12:20:00,39.64,39.71,39.63,39.7,3810.0,1.0,0.0,0.0
2016-03-01,12:23:00,39.6906,39.71,39.64,39.64,793.0,1.0,0.0,0.0
2016-03-01,12:27:00,39.62,39.64,39.62,39.62,1305.0,1.0,0.0,0.0
2016-03-01,12:30:00,39.62,39.7,39.62,39.6999,1436.0,1.0,0.0,0.0
2016-03-01,12:33:00,39.7,39.72,39.7,39.7,210.0,1.0,0.0,0.0
2016-03-01,12:36:00,39.71,39.74,39.71,39.73,3969.0,1.0,0.0,0.0
2016-03-01,12:39:00,39.7,39.7,39.63,39.63,3756.0,1.0,0.0,0.0
2016-03-01,12:42:00,39.62,39.62,39.58,39.58,1277.0,1.0,0.0,0.0
2016-03-01,12:45:00,39.58,39.59,39.58,39.59,903.0,1.0,0.0,0.0
2016-03-01,12:48:00,39.58,39.685,39.57,39.685,3095.0,1.0,0.0,0.0
2016-03-01,12:52:00,39.67,39.69,39.66,39.6794,2007.0,1.0,0.0,0.0
2016-03-01,12:55:00,39.67,39.69,39.64,39.66,1867.0,1.0,0.0,0.0
2016-03-01,12:58:00,39.67,39.73,39.67,39.71,3264.0,1.0,0.0,0.0
2016-03-01,13:01:00,39.7,39.73,39.68,39.68,2648.0,1.0,0.0,0.0
2016-03-01,13:05:00,39.6834,39.7,39.68,39.69,2329.0,1.0,0.0,0.0
2016-03-01,13:09:00,39.7,39.72,39.67,39.67,1238.0,1.0,0.0,0.0
2016-03-01,13:12:00,39.68,39.68,39.64,39.6799,2312.0,1.0,0.0,0.0
2016-03-01,13:15:00,39.675,39.72,39.675,39.72,2792.0,1.0,0.0,0.0
2016-03-01,13:18:00,39.71,39.73,39.71,39.71,4551.0,1.0,0.0,0.0
2016-03-01,13:21:00,39.7,39.72,39.69,39.7,3055.0,1.0,0.0,0.0
2016-03-01,13:24:00,39.7,39.7,39.64,39.64,2241.0,1.0,0.0,0.0
2016-03-01,13:27:00,39.62,39.65,39.61,39.61,1559.0,1.0,0.0,0.0
2016-03-01,13:30:00,39.59,39.65,39.58,39.64,4009.0,1.0,0.0,0.0
2016-03-01,13:34:00,39.64,39.65,39.62,39.62,2862.0,1.0,0.0,0.0
2016-03-01,13:37:00,39.62,39.62,39.58,39.6,9193.0,1.0,0.0,0.0
2016-03-01,13:41:00,39.5999,39.653,39.5999,39.653,4793.0,1.0,0.0,0.0
2016-03-01,13:44:00,39.66,39.7,39.66,39.68,2436.0,1.0,0.0,0.0
2016-03-01,13:47:00,39.69,39.69,39.6475,39.6475,6245.0,1.0,0.0,0.0
2016-03-01,13:50:00,39.65,39.65,39.59,39.6,1530.0,1.0,0.0,0.0
2016-03-01,13:53:00,39.6,39.6,39.53,39.54,1361.0,1.0,0.0,0.0
2016-03-01,13:56:00,39.54,39.56,39.5094,39.51,2705.0,1.0,0.0,0.0
2016-03-01,13:59:00,39.49,39.5,39.47,39.489000000000004,1325.0,1.0,0.0,0.0
2016-03-01,14:03:00,39.48,39.51,39.45,39.49,9558.0,1.0,0.0,0.0
2016-03-01,14:06:00,39.48,39.49,39.46,39.49,8379.0,1.0,0.0,0.0
2016-03-01,14:09:00,39.48,39.52,39.48,39.5,5430.0,1.0,0.0,0.0
2016-03-01,14:12:00,39.5,39.505,39.47,39.47,1300.0,1.0,0.0,0.0
2016-03-01,14:15:00,39.4773,39.49,39.46,39.48,5933.0,1.0,0.0,0.0
2016-03-01,14:18:00,39.48,39.51,39.48,39.495,3456.0,1.0,0.0,0.0
2016-03-01,14:21:00,39.49,39.52,39.49,39.52,2140.0,1.0,0.0,0.0
2016-03-01,14:24:00,39.52,39.56,39.52,39.55,3520.0,1.0,0.0,0.0
2016-03-01,14:27:00,39.55,39.57,39.53,39.56,5169.0,1.0,0.0,0.0
2016-03-01,14:30:00,39.56,39.59,39.56,39.56,3344.0,1.0,0.0,0.0
2016-03-01,14:33:00,39.56,39.56,39.53,39.56,1321.0,1.0,0.0,0.0
2016-03-01,14:36:00,39.56,39.57,39.53,39.53,2089.0,1.0,0.0,0.0
2016-03-01,14:39:00,39.52,39.55,39.52,39.5237,3486.0,1.0,0.0,0.0
2016-03-01,14:42:00,39.52,39.56,39.52,39.55,2645.0,1.0,0.0,0.0
2016-03-01,14:45:00,39.56,39.575,39.56,39.575,1636.0,1.0,0.0,0.0
2016-03-01,14:48:00,39.5601,39.59,39.5601,39.58,3327.0,1.0,0.0,0.0
2016-03-01,14:51:00,39.57,39.5927,39.55,39.59,3428.0,1.0,0.0,0.0
2016-03-01,14:54:00,39.59,39.59,39.5673,39.5673,2825.0,1.0,0.0,0.0
2016-03-01,14:57:00,39.58,39.6,39.575,39.6,2321.0,1.0,0.0,0.0
2016-03-01,15:00:00,39.6,39.62,39.59,39.62,2114.0,1.0,0.0,0.0
2016-03-01,15:03:00,39.62,39.62,39.6,39.6,4400.0,1.0,0.0,0.0
2016-03-01,15:06:00,39.61,39.637,39.61,39.61,3431.0,1.0,0.0,0.0
2016-03-01,15:09:00,39.61,39.63,39.59,39.63,3728.0,1.0,0.0,0.0
2016-03-01,15:12:00,39.62,39.65,39.61,39.61,4217.0,1.0,0.0,0.0
2016-03-01,15:15:00,39.61,39.61,39.58,39.61,6529.0,1.0,0.0,0.0
2016-03-01,15:18:00,39.62,39.64,39.62,39.621,2277.0,1.0,0.0,0.0
2016-03-01,15:21:00,39.61,39.63,39.61,39.62,2105.0,1.0,0.0,0.0
2016-03-01,15:24:00,39.62,39.635,39.62,39.6264,3592.0,1.0,0.0,0.0
2016-03-01,15:27:00,39.62,39.62,39.61,39.61,3356.0,1.0,0.0,0.0
2016-03-01,15:30:00,39.61,39.62,39.58,39.59,5391.0,1.0,0.0,0.0
2016-03-01,15:33:00,39.59,39.6,39.57,39.58,5162.0,1.0,0.0,0.0
2016-03-01,15:36:00,39.585,39.59,39.58,39.59,6051.0,1.0,0.0,0.0
2016-03-01,15:39:00,39.59,39.59,39.58,39.585,8107.0,1.0,0.0,0.0
2016-03-01,15:42:00,39.58,39.58,39.55,39.55,4524.0,1.0,0.0,0.0
2016-03-01,15:45:00,39.56,39.56,39.53,39.54,6154.0,1.0,0.0,0.0
2016-03-01,15:48:00,39.54,39.61,39.54,39.59,14351.0,1.0,0.0,0.0
2016-03-01,15:51:00,39.58,39.58,39.56,39.565,6637.0,1.0,0.0,0.0
2016-03-01,15:54:00,39.5672,39.58,39.56,39.58,9073.0,1.0,0.0,0.0
2016-03-01,15:57:00,39.58,39.62,39.57,39.62,20219.0,1.0,0.0,0.0
2016-03-02,09:30:00,39.615,39.67,39.48,39.67,45607.0,1.0,0.0,0.0
2016-03-02,09:33:00,39.55,39.63,39.32,39.63,8337.0,1.0,0.0,0.0
2016-03-02,09:36:00,39.66,39.78,39.57,39.735,18954.0,1.0,0.0,0.0
2016-03-02,09:39:00,39.8,39.88,39.75,39.87,2595.0,1.0,0.0,0.0
2016-03-02,09:42:00,39.89,39.99,39.83,39.98,1759.0,1.0,0.0,0.0
2016-03-02,09:45:00,39.98,40.0,39.93,39.98,1075.0,1.0,0.0,0.0
2016-03-02,09:48:00,39.951,39.951,39.83,39.83,2279.0,1.0,0.0,0.0
2016-03-02,09:51:00,39.85,39.87,39.76,39.765,1889.0,1.0,0.0,0.0
2016-03-02,09:54:00,39.74,39.7899,39.72,39.745,1289.0,1.0,0.0,0.0
2016-03-02,09:57:00,39.699,39.7,39.67,39.68,1450.0,1.0,0.0,0.0
2016-03-02,10:00:00,39.63,39.69,39.6,39.65,2565.0,1.0,0.0,0.0
2016-03-02,10:03:00,39.64,39.69,39.63,39.64,2411.0,1.0,0.0,0.0
2016-03-02,10:06:00,39.6,39.71,39.58,39.71,3418.0,1.0,0.0,0.0
2016-03-02,10:09:00,39.68,39.75,39.62,39.71,5777.0,1.0,0.0,0.0
2016-03-02,10:12:00,39.74,39.77,39.69,39.76,2155.0,1.0,0.0,0.0
2016-03-02,10:15:00,39.76,39.82,39.7,39.76,16417.0,1.0,0.0,0.0
2016-03-02,10:18:00,39.7481,39.83,39.73,39.79,5261.0,1.0,0.0,0.0
2016-03-02,10:21:00,39.7583,39.765,39.695,39.73,15162.0,1.0,0.0,0.0
2016-03-02,10:25:00,39.72,39.75,39.72,39.74,888.0,1.0,0.0,0.0
2016-03-02,10:28:00,39.74,39.76,39.73,39.74,1720.0,1.0,0.0,0.0
2016-03-02,10:31:00,39.72,39.73,39.61,39.61,8016.0,1.0,0.0,0.0
2016-03-02,10:34:00,39.6,39.67,39.54,39.67,22184.0,1.0,0.0,0.0
2016-03-02,10:37:00,39.65,39.7,39.65,39.67,1764.0,1.0,0.0,0.0
2016-03-02,10:40:00,39.65,39.65,39.58,39.58,2920.0,1.0,0.0,0.0
2016-03-02,10:43:00,39.58,39.58,39.53,39.53,2533.0,1.0,0.0,0.0
2016-03-02,10:46:00,39.55,39.68,39.55,39.68,2204.0,1.0,0.0,0.0
2016-03-02,10:49:00,39.69,39.74,39.69,39.74,1289.0,1.0,0.0,0.0
2016-03-02,10:52:00,39.75,39.82,39.75,39.82,1105.0,1.0,0.0,0.0
2016-03-02,10:55:00,39.82,39.88,39.81,39.85,2391.0,1.0,0.0,0.0
2016-03-02,10:58:00,39.83,39.85,39.82,39.85,1485.0,1.0,0.0,0.0
2016-03-02,11:01:00,39.87,39.87,39.8,39.84,3311.0,1.0,0.0,0.0
2016-03-02,11:04:00,39.82,39.85,39.79,39.82,2396.0,1.0,0.0,0.0
2016-03-02,11:07:00,39.84,39.89,39.83,39.86,3618.0,1.0,0.0,0.0
2016-03-02,11:10:00,39.84,39.87,39.83,39.87,1811.0,1.0,0.0,0.0
2016-03-02,11:13:00,39.89,39.91,39.87,39.87,1346.0,1.0,0.0,0.0
2016-03-02,11:16:00,39.8699,39.89,39.8301,39.89,1420.0,1.0,0.0,0.0
2016-03-02,11:19:00,39.8999,39.97,39.86,39.95,23813.0,1.0,0.0,0.0
2016-03-02,11:22:00,39.97,40.06,39.97,40.04,7173.0,1.0,0.0,0.0
2016-03-02,11:25:00,40.04,40.1,40.04,40.04,4197.0,1.0,0.0,0.0
2016-03-02,11:28:00,40.06,40.06,39.9947,40.01,2546.0,1.0,0.0,0.0
2016-03-02,11:31:00,39.992,40.0345,39.98,40.0345,538.0,1.0,0.0,0.0
2016-03-02,11:34:00,40.01,40.01,39.93,39.96,1388.0,1.0,0.0,0.0
2016-03-02,11:37:00,39.95,39.95,39.88,39.9,4575.0,1.0,0.0,0.0
2016-03-02,11:41:00,39.88,39.95,39.87,39.94,3998.0,1.0,0.0,0.0
2016-03-02,11:44:00,39.98,40.01,39.97,40.01,1575.0,1.0,0.0,0.0
2016-03-02,11:47:00,40.0,40.0,39.92,39.92,2837.0,1.0,0.0,0.0
2016-03-02,11:50:00,39.92,39.95,39.91,39.93,2746.0,1.0,0.0,0.0
2016-03-02,11:53:00,39.94,39.95,39.92,39.95,1306.0,1.0,0.0,0.0
2016-03-02,11:56:00,39.9,39.96,39.9,39.95,1612.0,1.0,0.0,0.0
2016-03-02,11:59:00,39.96,39.97,39.88,39.88,1529.0,1.0,0.0,0.0
2016-03-02,12:02:00,39.9,39.94,39.87,39.94,1206.0,1.0,0.0,0.0
2016-03-02,12:05:00,39.9,39.94,39.89,39.9,1625.0,1.0,0.0,0.0
2016-03-02,12:09:00,39.88,39.91,39.88,39.895,1009.0,1.0,0.0,0.0
2016-03-02,12:12:00,39.88,39.88,39.86,39.88,560.0,1.0,0.0,0.0
2016-03-02,12:15:00,39.9,39.9,39.86,39.88,2161.0,1.0,0.0,0.0
2016-03-02,12:18:00,39.9,39.9,39.85,39.87,2007.0,1.0,0.0,0.0
2016-03-02,12:21:00,39.87,39.87,39.835,39.85,713.0,1.0,0.0,0.0
2016-03-02,12:24:00,39.86,39.87,39.83,39.87,376.0,1.0,0.0,0.0
2016-03-02,12:27:00,39.86,39.87,39.84,39.84,1175.0,1.0,0.0,0.0
2016-03-02,12:30:00,39.86,39.87,39.83,39.836,2255.0,1.0,0.0,0.0
2016-03-02,12:33:00,39.81,39.84,39.8,39.83,1204.0,1.0,0.0,0.0
2016-03-02,12:37:00,39.81,39.81,39.78,39.81,1735.0,1.0,0.0,0.0
2016-03-02,12:41:00,39.84,39.84,39.8,39.8,2130.0,1.0,0.0,0.0
2016-03-02,12:44:00,39.81,39.82,39.77,39.77,5312.0,1.0,0.0,0.0
2016-03-02,12:48:00,39.79,39.85,39.79,39.84,1401.0,1.0,0.0,0.0
2016-03-02,12:53:00,39.8,39.81,39.782,39.81,888.0,1.0,0.0,0.0
2016-03-02,12:56:00,39.8001,39.83,39.8001,39.81,1617.0,1.0,0.0,0.0
2016-03-02,13:01:00,39.81,39.82,39.78,39.81,5130.0,1.0,0.0,0.0
2016-03-02,13:04:00,39.81,39.81,39.76,39.77,2289.0,1.0,0.0,0.0
2016-03-02,13:07:00,39.76,39.79,39.74,39.74,4402.0,1.0,0.0,0.0
2016-03-02,13:12:00,39.759,39.76,39.74,39.7433,1681.0,1.0,0.0,0.0
2016-03-02,13:15:00,39.75,39.77,39.73,39.76,1100.0,1.0,0.0,0.0
2016-03-02,13:19:00,39.7696,39.7696,39.75,39.7539,842.0,1.0,0.0,0.0
2016-03-02,13:22:00,39.75,39.76,39.72,39.74,2240.0,1.0,0.0,0.0
2016-03-02,13:25:00,39.735,39.79,39.71,39.7701,1955.0,1.0,0.0,0.0
2016-03-02,13:29:00,39.78,39.79,39.78,39.78,482.0,1.0,0.0,0.0
2016-03-02,13:32:00,39.79,39.79,39.76,39.78,2594.0,1.0,0.0,0.0
2016-03-02,13:38:00,39.79,39.8,39.77,39.79,3133.0,1.0,0.0,0.0
2016-03-02,13:42:00,39.7999,39.81,39.791,39.81,1064.0,1.0,0.0,0.0
2016-03-02,13:45:00,39.81,39.83,39.81,39.82,1224.0,1.0,0.0,0.0
2016-03-02,13:49:00,39.81,39.83,39.81,39.82,671.0,1.0,0.0,0.0
2016-03-02,13:52:00,39.82,39.82,39.805,39.82,2573.0,1.0,0.0,0.0
2016-03-02,13:56:00,39.8,39.82,39.77,39.77,1490.0,1.0,0.0,0.0
2016-03-02,14:01:00,39.77,39.77,39.7,39.71,1730.0,1.0,0.0,0.0
2016-03-02,14:04:00,39.7199,39.75,39.71,39.75,1636.0,1.0,0.0,0.0
2016-03-02,14:07:00,39.7795,39.7795,39.73,39.73,1862.0,1.0,0.0,0.0
2016-03-02,14:10:00,39.73,39.73,39.67,39.68,7079.0,1.0,0.0,0.0
2016-03-02,14:13:00,39.67,39.71,39.65,39.7055,2833.0,1.0,0.0,0.0
2016-03-02,14:16:00,39.719,39.7217,39.6955,39.7084,1478.0,1.0,0.0,0.0
2016-03-02,14:19:00,39.71,39.71,39.66,39.67,2749.0,1.0,0.0,0.0
2016-03-02,14:22:00,39.68,39.72,39.67,39.72,2676.0,1.0,0.0,0.0
2016-03-02,14:26:00,39.71,39.73,39.6999,39.73,2507.0,1.0,0.0,0.0
2016-03-02,14:29:00,39.74,39.78,39.73,39.77,6489.0,1.0,0.0,0.0
2016-03-02,14:32:00,39.76,39.768,39.74,39.74,2044.0,1.0,0.0,0.0
2016-03-02,14:35:00,39.75,39.76,39.75,39.76,1038.0,1.0,0.0,0.0
2016-03-02,14:38:00,39.7593,39.76,39.73,39.75,1644.0,1.0,0.0,0.0
2016-03-02,14:42:00,39.75,39.78,39.72,39.72,1769.0,1.0,0.0,0.0
2016-03-02,14:45:00,39.73,39.74,39.72,39.7301,1901.0,1.0,0.0,0.0
2016-03-02,14:48:00,39.73,39.77,39.73,39.764,4370.0,1.0,0.0,0.0
2016-03-02,14:51:00,39.75,39.76,39.74,39.75,1583.0,1.0,0.0,0.0
2016-03-02,14:54:00,39.7401,39.77,39.7401,39.75,2484.0,1.0,0.0,0.0
2016-03-02,14:57:00,39.74,39.78,39.74,39.78,8540.0,1.0,0.0,0.0
2016-03-02,15:00:00,39.79,39.8,39.77,39.77,965.0,1.0,0.0,0.0
2016-03-02,15:03:00,39.76,39.78,39.76,39.78,1226.0,1.0,0.0,0.0
2016-03-02,15:06:00,39.76,39.76,39.73,39.73,5574.0,1.0,0.0,0.0
2016-03-02,15:09:00,39.73,39.73,39.67,39.7,3241.0,1.0,0.0,0.0
2016-03-02,15:12:00,39.71,39.73,39.71,39.73,2103.0,1.0,0.0,0.0
2016-03-02,15:15:00,39.73,39.76,39.73,39.74,3634.0,1.0,0.0,0.0
2016-03-02,15:18:00,39.75,39.75,39.74,39.75,1257.0,1.0,0.0,0.0
2016-03-02,15:21:00,39.741,39.76,39.74,39.76,4686.0,1.0,0.0,0.0
2016-03-02,15:24:00,39.77,39.79,39.76,39.7799,3515.0,1.0,0.0,0.0
2016-03-02,15:27:00,39.78,39.79,39.75,39.76,4673.0,1.0,0.0,0.0
2016-03-02,15:30:00,39.76,39.77,39.75,39.76,4758.0,1.0,0.0,0.0
2016-03-02,15:33:00,39.76,39.81,39.76,39.8,7860.0,1.0,0.0,0.0
2016-03-02,15:36:00,39.81,39.86,39.81,39.85,11039.0,1.0,0.0,0.0
2016-03-02,15:39:00,39.86,39.88,39.85,39.88,3424.0,1.0,0.0,0.0
2016-03-02,15:42:00,39.87,39.9,39.87,39.89,8153.0,1.0,0.0,0.0
2016-03-02,15:45:00,39.88,39.96,39.88,39.92,11216.0,1.0,0.0,0.0
2016-03-02,15:48:00,39.92,39.9501,39.92,39.95,5040.0,1.0,0.0,0.0
2016-03-02,15:51:00,39.95,39.95,39.9,39.93,9304.0,1.0,0.0,0.0
2016-03-02,15:54:00,39.93,39.96,39.91,39.96,6531.0,1.0,0.0,0.0
2016-03-02,15:57:00,39.95,39.96,39.94,39.955,8280.0,1.0,0.0,0.0
2016-03-03,09:30:00,39.96,40.06,39.72,39.89,38155.0,1.0,0.0,0.0
2016-03-03,09:35:00,40.05,40.06,39.91,40.025,930.0,1.0,0.0,0.0
2016-03-03,09:38:00,40.03,40.12,39.96,40.11,9810.0,1.0,0.0,0.0
2016-03-03,09:41:00,40.14,40.3064,40.0205,40.29,4545.0,1.0,0.0,0.0
2016-03-03,09:44:00,40.23,40.25,40.11,40.12,2028.0,1.0,0.0,0.0
2016-03-03,09:47:00,40.13,40.25,40.1,40.25,2139.0,1.0,0.0,0.0
2016-03-03,09:50:00,40.22,40.28,40.1901,40.28,2120.0,1.0,0.0,0.0
2016-03-03,09:53:00,40.265,40.32,40.22,40.22,2714.0,1.0,0.0,0.0
2016-03-03,09:56:00,40.25,40.26,40.185,40.25,2350.0,1.0,0.0,0.0
2016-03-03,09:59:00,40.24,40.29,40.1,40.2,18351.0,1.0,0.0,0.0
2016-03-03,10:02:00,40.19,40.19,40.03,40.09,3517.0,1.0,0.0,0.0
2016-03-03,10:05:00,40.13,40.23,40.13,40.21,1722.0,1.0,0.0,0.0
2016-03-03,10:08:00,40.19,40.22,40.12,40.21,3236.0,1.0,0.0,0.0
2016-03-03,10:11:00,40.21,40.21,40.1101,40.12,3035.0,1.0,0.0,0.0
2016-03-03,10:14:00,40.1,40.1,40.01,40.01,1619.0,1.0,0.0,0.0
2016-03-03,10:17:00,40.02,40.12,40.0,40.12,2323.0,1.0,0.0,0.0
2016-03-03,10:20:00,40.12,40.17,40.11,40.17,1528.0,1.0,0.0,0.0
2016-03-03,10:24:00,40.13,40.13,40.06,40.13,4013.0,1.0,0.0,0.0
2016-03-03,10:27:00,40.14,40.16,40.09,40.16,1159.0,1.0,0.0,0.0
2016-03-03,10:30:00,40.17,40.21,40.14,40.2,1717.0,1.0,0.0,0.0
2016-03-03,10:33:00,40.2,40.21,40.1,40.21,2157.0,1.0,0.0,0.0
2016-03-03,10:36:00,40.18,40.24,40.18,40.24,3271.0,1.0,0.0,0.0
2016-03-03,10:39:00,40.21,40.29,40.1801,40.28,7814.0,1.0,0.0,0.0
2016-03-03,10:43:00,40.2784,40.35,40.23,40.35,4720.0,1.0,0.0,0.0
2016-03-03,10:46:00,40.34,40.366,40.32,40.366,3000.0,1.0,0.0,0.0
2016-03-03,10:49:00,40.37,40.4,40.37,40.39,1427.0,1.0,0.0,0.0
2016-03-03,10:52:00,40.3898,40.3898,40.32,40.37,2197.0,1.0,0.0,0.0
2016-03-03,10:55:00,40.35,40.38,40.31,40.36,1907.0,1.0,0.0,0.0
2016-03-03,10:58:00,40.37,40.4,40.3688,40.39,1515.0,1.0,0.0,0.0
2016-03-03,11:01:00,40.39,40.41,40.3415,40.35,3259.0,1.0,0.0,0.0
2016-03-03,11:04:00,40.35,40.35,40.31,40.33,1413.0,1.0,0.0,0.0
2016-03-03,11:07:00,40.31,40.43,40.31,40.43,2030.0,1.0,0.0,0.0
2016-03-03,11:10:00,40.43,40.47,40.41,40.41,3453.0,1.0,0.0,0.0
2016-03-03,11:13:00,40.39,40.3965,40.34,40.37,2086.0,1.0,0.0,0.0
2016-03-03,11:16:00,40.38,40.4,40.3799,40.38,1178.0,1.0,0.0,0.0
2016-03-03,11:19:00,40.38,40.38,40.29,40.29,1871.0,1.0,0.0,0.0
2016-03-03,11:23:00,40.21,40.27,40.15,40.16,8866.0,1.0,0.0,0.0
2016-03-03,11:26:00,40.19,40.24,40.17,40.23,2114.0,1.0,0.0,0.0
2016-03-03,11:29:00,40.21,40.21,40.16,40.18,2390.0,1.0,0.0,0.0
2016-03-03,11:32:00,40.19,40.24,40.19,40.24,2481.0,1.0,0.0,0.0
2016-03-03,11:36:00,40.23,40.26,40.22,40.24,1333.0,1.0,0.0,0.0
2016-03-03,11:39:00,40.22,40.23,40.19,40.21,821.0,1.0,0.0,0.0
2016-03-03,11:42:00,40.23,40.3,40.2,40.28,2680.0,1.0,0.0,0.0
2016-03-03,11:45:00,40.3,40.3,40.24,40.27,923.0,1.0,0.0,0.0
2016-03-03,11:48:00,40.28,40.28,40.2487,40.28,801.0,1.0,0.0,0.0
2016-03-03,11:51:00,40.272,40.31,40.272,40.3,576.0,1.0,0.0,0.0
2016-03-03,11:54:00,40.29,40.29,40.24,40.26,2607.0,1.0,0.0,0.0
2016-03-03,11:57:00,40.27,40.2999,40.2617,40.274,3581.0,1.0,0.0,0.0
2016-03-03,12:01:00,40.26,40.28,40.24,40.24,1529.0,1.0,0.0,0.0
2016-03-03,12:04:00,40.22,40.22,40.18,40.18,2277.0,1.0,0.0,0.0
2016-03-03,12:07:00,40.17,40.25,40.16,40.24,1133.0,1.0,0.0,0.0
2016-03-03,12:10:00,40.25,40.27,40.24,40.27,604.0,1.0,0.0,0.0
2016-03-03,12:13:00,40.23,40.27,40.23,40.25,3082.0,1.0,0.0,0.0
2016-03-03,12:16:00,40.25,40.27,40.24,40.27,5050.0,1.0,0.0,0.0
2016-03-03,12:20:00,40.27,40.3,40.2501,40.27,4906.0,1.0,0.0,0.0
2016-03-03,12:23:00,40.28,40.32,40.28,40.32,1397.0,1.0,0.0,0.0
2016-03-03,12:26:00,40.33,40.33,40.28,40.33,2222.0,1.0,0.0,0.0
2016-03-03,12:29:00,40.33,40.37,40.32,40.37,1952.0,1.0,0.0,0.0
2016-03-03,12:32:00,40.37,40.4,40.37,40.39,1428.0,1.0,0.0,0.0
2016-03-03,12:35:00,40.38,40.4002,40.38,40.4002,608.0,1.0,0.0,0.0
2016-03-03,12:38:00,40.38,40.38,40.36,40.38,1764.0,1.0,0.0,0.0
2016-03-03,12:41:00,40.37,40.38,40.36,40.366,960.0,1.0,0.0,0.0
2016-03-03,12:44:00,40.36,40.36,40.32,40.33,2366.0,1.0,0.0,0.0
2016-03-03,12:47:00,40.34,40.35,40.33,40.33,4598.0,1.0,0.0,0.0
2016-03-03,12:50:00,40.3201,40.34,40.3101,40.33,3384.0,1.0,0.0,0.0
2016-03-03,12:53:00,40.34,40.4,40.34,40.4,1964.0,1.0,0.0,0.0
2016-03-03,12:57:00,40.38,40.3999,40.38,40.38,982.0,1.0,0.0,0.0
2016-03-03,13:01:00,40.38,40.42,40.38,40.41,1335.0,1.0,0.0,0.0
2016-03-03,13:04:00,40.405,40.42,40.4,40.41,1845.0,1.0,0.0,0.0
2016-03-03,13:08:00,40.42,40.43,40.41,40.43,931.0,1.0,0.0,0.0
2016-03-03,13:11:00,40.44,40.49,40.44,40.49,2900.0,1.0,0.0,0.0
2016-03-03,13:14:00,40.49,40.5199,40.48,40.48,2823.0,1.0,0.0,0.0
2016-03-03,13:17:00,40.47,40.48,40.45,40.475,1770.0,1.0,0.0,0.0
2016-03-03,13:20:00,40.48,40.5,40.48,40.5,1994.0,1.0,0.0,0.0
2016-03-03,13:23:00,40.48,40.5,40.46,40.465,2643.0,1.0,0.0,0.0
2016-03-03,13:26:00,40.46,40.51,40.46,40.49,5581.0,1.0,0.0,0.0
2016-03-03,13:29:00,40.48,40.51,40.48,40.51,1165.0,1.0,0.0,0.0
2016-03-03,13:32:00,40.51,40.57,40.51,40.56,2297.0,1.0,0.0,0.0
2016-03-03,13:35:00,40.55,40.58,40.53,40.58,3468.0,1.0,0.0,0.0
2016-03-03,13:38:00,40.57,40.6,40.55,40.6,3367.0,1.0,0.0,0.0
2016-03-03,13:41:00,40.59,40.61,40.59,40.61,3345.0,1.0,0.0,0.0
2016-03-03,13:44:00,40.62,40.64,40.61,40.64,4464.0,1.0,0.0,0.0
2016-03-03,13:47:00,40.64,40.66,40.64,40.65,3711.0,1.0,0.0,0.0
2016-03-03,13:50:00,40.64,40.66,40.64,40.64,2852.0,1.0,0.0,0.0
2016-03-03,13:53:00,40.64,40.64,40.56,40.59,3719.0,1.0,0.0,0.0
2016-03-03,13:56:00,40.57,40.59,40.5501,40.5501,2256.0,1.0,0.0,0.0
2016-03-03,13:59:00,40.55,40.56,40.53,40.54,2486.0,1.0,0.0,0.0
2016-03-03,14:02:00,40.55,40.58,40.55,40.56,5572.0,1.0,0.0,0.0
2016-03-03,14:05:00,40.55,40.59,40.54,40.57,2322.0,1.0,0.0,0.0
2016-03-03,14:08:00,40.57,40.57,40.52,40.53,2561.0,1.0,0.0,0.0
2016-03-03,14:11:00,40.53,40.54,40.52,40.54,3432.0,1.0,0.0,0.0
2016-03-03,14:14:00,40.54,40.55,40.54,40.54,1014.0,1.0,0.0,0.0
2016-03-03,14:17:00,40.55,40.56,40.54,40.56,2360.0,1.0,0.0,0.0
2016-03-03,14:20:00,40.55,40.57,40.55,40.55,629.0,1.0,0.0,0.0
2016-03-03,14:23:00,40.57,40.58,40.54,40.5768,3916.0,1.0,0.0,0.0
2016-03-03,14:26:00,40.58,40.64,40.5701,40.615,6477.0,1.0,0.0,0.0
2016-03-03,14:29:00,40.615,40.63,40.6,40.61,5632.0,1.0,0.0,0.0
2016-03-03,14:32:00,40.61,40.626,40.6,40.6,3127.0,1.0,0.0,0.0
2016-03-03,14:35:00,40.59,40.62,40.59,40.62,1777.0,1.0,0.0,0.0
2016-03-03,14:38:00,40.62,40.65,40.62,40.64,1659.0,1.0,0.0,0.0
2016-03-03,14:41:00,40.64,40.65,40.63,40.64,3427.0,1.0,0.0,0.0
2016-03-03,14:44:00,40.64,40.65,40.63,40.64,1968.0,1.0,0.0,0.0
2016-03-03,14:47:00,40.64,40.64,40.58,40.58,2632.0,1.0,0.0,0.0
2016-03-03,14:50:00,40.5938,40.6,40.59,40.59,2731.0,1.0,0.0,0.0
2016-03-03,14:53:00,40.58,40.61,40.56,40.61,4337.0,1.0,0.0,0.0
2016-03-03,14:56:00,40.62,40.62,40.6,40.6,2096.0,1.0,0.0,0.0
2016-03-03,14:59:00,40.61,40.62,40.595,40.6,2753.0,1.0,0.0,0.0
2016-03-03,15:02:00,40.62,40.665,40.61,40.65,4157.0,1.0,0.0,0.0
2016-03-03,15:05:00,40.64,40.65,40.625,40.63,2621.0,1.0,0.0,0.0
2016-03-03,15:08:00,40.63,40.64,40.62,40.63,1331.0,1.0,0.0,0.0
2016-03-03,15:11:00,40.63,40.64,40.59,40.59,13599.0,1.0,0.0,0.0
2016-03-03,15:14:00,40.59,40.61,40.59,40.61,2199.0,1.0,0.0,0.0
2016-03-03,15:17:00,40.61,40.62,40.5901,40.5901,2866.0,1.0,0.0,0.0
2016-03-03,15:20:00,40.59,40.61,40.59,40.6,3595.0,1.0,0.0,0.0
2016-03-03,15:23:00,40.595,40.62,40.59,40.61,2229.0,1.0,0.0,0.0
2016-03-03,15:26:00,40.61,40.63,40.6,40.625,3971.0,1.0,0.0,0.0
2016-03-03,15:29:00,40.62,40.6299,40.61,40.62,1988.0,1.0,0.0,0.0
2016-03-03,15:32:00,40.62,40.65,40.62,40.63,8672.0,1.0,0.0,0.0
2016-03-03,15:35:00,40.64,40.66,40.64,40.66,5493.0,1.0,0.0,0.0
2016-03-03,15:38:00,40.6601,40.69,40.65,40.67,8738.0,1.0,0.0,0.0
2016-03-03,15:41:00,40.68,40.7,40.67,40.69,6071.0,1.0,0.0,0.0
2016-03-03,15:44:00,40.68,40.69,40.6699,40.67,3863.0,1.0,0.0,0.0
2016-03-03,15:47:00,40.68,40.69,40.66,40.68,7222.0,1.0,0.0,0.0
2016-03-03,15:50:00,40.68,40.68,40.65,40.66,8643.0,1.0,0.0,0.0
2016-03-03,15:53:00,40.66,40.66,40.64,40.65,7088.0,1.0,0.0,0.0
2016-03-03,15:56:00,40.66,40.66,40.64,40.6401,11543.0,1.0,0.0,0.0
2016-03-03,15:59:00,40.64,40.64,40.56,40.58,78232.0,1.0,0.0,0.0
2016-03-04,09:34:00,40.7,40.735,40.52,40.62,5617.0,1.0,0.0,0.0
2016-03-04,09:37:00,40.61,40.69,40.6,40.69,2010.0,1.0,0.0,0.0
2016-03-04,09:40:00,40.69,40.73,40.64,40.67,2243.0,1.0,0.0,0.0
2016-03-04,09:43:00,40.63,40.63,40.46,40.55,2763.0,1.0,0.0,0.0
2016-03-04,09:46:00,40.51,40.51,40.28,40.36,11642.0,1.0,0.0,0.0
2016-03-04,09:49:00,40.35,40.35,40.22,40.3,2144.0,1.0,0.0,0.0
2016-03-04,09:52:00,40.29,40.4,40.28,40.32,2536.0,1.0,0.0,0.0
2016-03-04,09:55:00,40.3,40.3,40.17,40.23,11456.0,1.0,0.0,0.0
2016-03-04,09:59:00,40.34,40.34,40.19,40.33,2278.0,1.0,0.0,0.0
2016-03-04,10:02:00,40.3,40.38,40.28,40.28,1204.0,1.0,0.0,0.0
2016-03-04,10:05:00,40.28,40.43,40.25,40.385,4209.0,1.0,0.0,0.0
2016-03-04,10:08:00,40.38,40.51,40.38,40.44,4509.0,1.0,0.0,0.0
2016-03-04,10:11:00,40.5,40.56,40.47,40.56,2400.0,1.0,0.0,0.0
2016-03-04,10:14:00,40.57,40.65,40.53,40.65,1597.0,1.0,0.0,0.0
2016-03-04,10:17:00,40.67,40.68,40.63,40.63,1889.0,1.0,0.0,0.0
2016-03-04,10:20:00,40.62,40.63,40.55,40.6,1391.0,1.0,0.0,0.0
2016-03-04,10:24:00,40.61,40.635,40.53,40.635,2309.0,1.0,0.0,0.0
2016-03-04,10:27:00,40.62,40.72,40.62,40.69,1641.0,1.0,0.0,0.0
2016-03-04,10:31:00,40.72,40.79,40.68,40.74,7206.0,1.0,0.0,0.0
2016-03-04,10:34:00,40.76,40.76,40.68,40.76,2869.0,1.0,0.0,0.0
2016-03-04,10:38:00,40.75,40.78,40.71,40.71,6002.0,1.0,0.0,0.0
2016-03-04,10:41:00,40.73,40.75,40.69,40.7026,2304.0,1.0,0.0,0.0
2016-03-04,10:44:00,40.69,40.76,40.65,40.7429,1667.0,1.0,0.0,0.0
2016-03-04,10:47:00,40.77,40.7899,40.66,40.66,2239.0,1.0,0.0,0.0
2016-03-04,10:51:00,40.68,40.75,40.67,40.72,1686.0,1.0,0.0,0.0
2016-03-04,10:54:00,40.69,40.77,40.69,40.74,3451.0,1.0,0.0,0.0
2016-03-04,10:57:00,40.76,40.81,40.74,40.81,956.0,1.0,0.0,0.0
2016-03-04,11:00:00,40.78,40.8,40.74,40.8,1552.0,1.0,0.0,0.0
2016-03-04,11:03:00,40.84,40.85,40.69,40.69,3281.0,1.0,0.0,0.0
2016-03-04,11:06:00,40.7,40.8,40.7,40.7801,1909.0,1.0,0.0,0.0
2016-03-04,11:09:00,40.78,40.81,40.75,40.79,2712.0,1.0,0.0,0.0
2016-03-04,11:12:00,40.79,40.84,40.76,40.81,3265.0,1.0,0.0,0.0
2016-03-04,11:15:00,40.81,40.81,40.75,40.76,2330.0,1.0,0.0,0.0
2016-03-04,11:18:00,40.79,40.83,40.78,40.78,3499.0,1.0,0.0,0.0
2016-03-04,11:21:00,40.79,40.83,40.75,40.7601,5082.0,1.0,0.0,0.0
2016-03-04,11:24:00,40.78,40.78,40.7,40.72,2995.0,1.0,0.0,0.0
2016-03-04,11:28:00,40.74,40.76,40.72,40.75,1379.0,1.0,0.0,0.0
2016-03-04,11:31:00,40.75,40.79,40.73,40.77,4110.0,1.0,0.0,0.0
2016-03-04,11:34:00,40.78,40.81,40.75,40.75,14721.0,1.0,0.0,0.0
2016-03-04,11:37:00,40.7456,40.76,40.705,40.705,4361.0,1.0,0.0,0.0
2016-03-04,11:40:00,40.7,40.76,40.68,40.72,6577.0,1.0,0.0,0.0
2016-03-04,11:43:00,40.705,40.71,40.63,40.63,5715.0,1.0,0.0,0.0
2016-03-04,11:46:00,40.65,40.66,40.63,40.66,414.0,1.0,0.0,0.0
2016-03-04,11:50:00,40.68,40.72,40.66,40.69,3113.0,1.0,0.0,0.0
2016-03-04,11:53:00,40.71,40.75,40.67,40.7,4204.0,1.0,0.0,0.0
2016-03-04,11:56:00,40.7,40.71,40.68,40.7,3380.0,1.0,0.0,0.0
2016-03-04,11:59:00,40.7,40.72,40.65,40.72,2812.0,1.0,0.0,0.0
2016-03-04,12:02:00,40.71,40.75,40.7,40.75,10680.0,1.0,0.0,0.0
2016-03-04,12:05:00,40.75,40.75,40.69,40.71,2742.0,1.0,0.0,0.0
2016-03-04,12:08:00,40.71,40.71,40.59,40.6,4513.0,1.0,0.0,0.0
2016-03-04,12:11:00,40.61,40.64,40.5801,40.64,2640.0,1.0,0.0,0.0
2016-03-04,12:14:00,40.66,40.695,40.63,40.63,1481.0,1.0,0.0,0.0
2016-03-04,12:18:00,40.63,40.69,40.62,40.66,2224.0,1.0,0.0,0.0
2016-03-04,12:21:00,40.69,40.73,40.69,40.73,2545.0,1.0,0.0,0.0
2016-03-04,12:25:00,40.73,40.73,40.65,40.7,1974.0,1.0,0.0,0.0
2016-03-04,12:28:00,40.7,40.71,40.66,40.69,1960.0,1.0,0.0,0.0
2016-03-04,12:31:00,40.7,40.74,40.69,40.69,6385.0,1.0,0.0,0.0
2016-03-04,12:35:00,40.69,40.73,40.673,40.73,4041.0,1.0,0.0,0.0
2016-03-04,12:38:00,40.73,40.74,40.68,40.69,3930.0,1.0,0.0,0.0
2016-03-04,12:41:00,40.71,40.74,40.67,40.74,373.0,1.0,0.0,0.0
2016-03-04,12:44:00,40.73,40.74,40.6515,40.67,3583.0,1.0,0.0,0.0
2016-03-04,12:47:00,40.68,40.72,40.68,40.69,2408.0,1.0,0.0,0.0
2016-03-04,12:50:00,40.69,40.73,40.68,40.73,1301.0,1.0,0.0,0.0
2016-03-04,12:54:00,40.73,40.78,40.73,40.75,4357.0,1.0,0.0,0.0
2016-03-04,12:57:00,40.75,40.77,40.75,40.76,1728.0,1.0,0.0,0.0
2016-03-04,13:00:00,40.760999999999996,40.79,40.7384,40.74,3158.0,1.0,0.0,0.0
2016-03-04,13:04:00,40.75,40.75,40.69,40.71,1743.0,1.0,0.0,0.0
2016-03-04,13:07:00,40.694,40.71,40.61,40.61,1781.0,1.0,0.0,0.0
2016-03-04,13:10:00,40.6,40.61,40.59,40.61,1642.0,1.0,0.0,0.0
2016-03-04,13:13:00,40.61,40.62,40.59,40.61,1236.0,1.0,0.0,0.0
2016-03-04,13:17:00,40.63,40.67,40.61,40.61,5184.0,1.0,0.0,0.0
2016-03-04,13:20:00,40.63,40.65,40.6,40.64,922.0,1.0,0.0,0.0
2016-03-04,13:23:00,40.67,40.7099,40.64,40.67,8567.0,1.0,0.0,0.0
2016-03-04,13:27:00,40.69,40.7,40.67,40.7,1357.0,1.0,0.0,0.0
2016-03-04,13:30:00,40.69,40.7199,40.6501,40.69,2628.0,1.0,0.0,0.0
2016-03-04,13:33:00,40.68,40.69,40.63,40.64,5118.0,1.0,0.0,0.0
2016-03-04,13:36:00,40.64,40.68,40.64,40.67,6606.0,1.0,0.0,0.0
2016-03-04,13:39:00,40.685,40.75,40.67,40.75,599.0,1.0,0.0,0.0
2016-03-04,13:42:00,40.74,40.74,40.69,40.71,2330.0,1.0,0.0,0.0
2016-03-04,13:45:00,40.71,40.71,40.66,40.66,1354.0,1.0,0.0,0.0
2016-03-04,13:48:00,40.67,40.67,40.6,40.6,9123.0,1.0,0.0,0.0
2016-03-04,13:51:00,40.6223,40.6599,40.6223,40.6599,741.0,1.0,0.0,0.0
2016-03-04,13:54:00,40.65,40.68,40.65,40.68,3621.0,1.0,0.0,0.0
2016-03-04,13:57:00,40.68,40.71,40.67,40.67,4310.0,1.0,0.0,0.0
2016-03-04,14:00:00,40.67,40.67,40.58,40.59,9563.0,1.0,0.0,0.0
2016-03-04,14:03:00,40.58,40.59,40.54,40.56,9022.0,1.0,0.0,0.0
2016-03-04,14:06:00,40.56,40.58,40.55,40.55,2882.0,1.0,0.0,0.0
2016-03-04,14:09:00,40.56,40.57,40.49,40.5,5265.0,1.0,0.0,0.0
2016-03-04,14:12:00,40.49,40.5,40.4,40.4002,3424.0,1.0,0.0,0.0
2016-03-04,14:15:00,40.4,40.44,40.37,40.44,1783.0,1.0,0.0,0.0
2016-03-04,14:18:00,40.4517,40.47,40.44,40.46,3467.0,1.0,0.0,0.0
2016-03-04,14:21:00,40.43,40.44,40.41,40.415,2394.0,1.0,0.0,0.0
2016-03-04,14:24:00,40.41,40.43,40.38,40.41,2120.0,1.0,0.0,0.0
2016-03-04,14:27:00,40.38,40.38,40.33,40.35,2865.0,1.0,0.0,0.0
2016-03-04,14:30:00,40.35,40.36,40.34,40.35,3175.0,1.0,0.0,0.0
2016-03-04,14:33:00,40.36,40.455,40.36,40.44,1424.0,1.0,0.0,0.0
2016-03-04,14:36:00,40.44,40.48,40.44,40.45,2456.0,1.0,0.0,0.0
2016-03-04,14:39:00,40.45,40.45,40.3801,40.39,32166.0,1.0,0.0,0.0
2016-03-04,14:42:00,40.39,40.4,40.3,40.31,3335.0,1.0,0.0,0.0
2016-03-04,14:45:00,40.29,40.31,40.27,40.27,2154.0,1.0,0.0,0.0
2016-03-04,14:48:00,40.27,40.295,40.25,40.29,2992.0,1.0,0.0,0.0
2016-03-04,14:51:00,40.3,40.32,40.29,40.3,7893.0,1.0,0.0,0.0
2016-03-04,14:54:00,40.3,40.32,40.22,40.23,7013.0,1.0,0.0,0.0
2016-03-04,14:57:00,40.2,40.224000000000004,40.16,40.22,8258.0,1.0,0.0,0.0
2016-03-04,15:00:00,40.22,40.29,40.19,40.29,1750.0,1.0,0.0,0.0
2016-03-04,15:03:00,40.29,40.295,40.26,40.28,5250.0,1.0,0.0,0.0
2016-03-04,15:06:00,40.26,40.33,40.25,40.33,12120.0,1.0,0.0,0.0
2016-03-04,15:09:00,40.33,40.36,40.28,40.3542,7071.0,1.0,0.0,0.0
2016-03-04,15:12:00,40.36,40.37,40.3199,40.32,4760.0,1.0,0.0,0.0
2016-03-04,15:15:00,40.31,40.3385,40.27,40.32,10303.0,1.0,0.0,0.0
2016-03-04,15:18:00,40.3199,40.34,40.27,40.31,86606.0,1.0,0.0,0.0
2016-03-04,15:21:00,40.31,40.34,40.3,40.31,23147.0,1.0,0.0,0.0
2016-03-04,15:24:00,40.32,40.32,40.3,40.31,6277.0,1.0,0.0,0.0
2016-03-04,15:27:00,40.31,40.41,40.29,40.405,17229.0,1.0,0.0,0.0
2016-03-04,15:30:00,40.41,40.48,40.41,40.48,3786.0,1.0,0.0,0.0
2016-03-04,15:33:00,40.48,40.58,40.4799,40.58,8737.0,1.0,0.0,0.0
2016-03-04,15:36:00,40.57,40.57,40.53,40.54,8589.0,1.0,0.0,0.0
2016-03-04,15:39:00,40.55,40.56,40.5,40.55,10631.0,1.0,0.0,0.0
2016-03-04,15:42:00,40.54,40.64,40.54,40.62,18373.0,1.0,0.0,0.0
2016-03-04,15:45:00,40.63,40.64,40.6,40.61,18897.0,1.0,0.0,0.0
2016-03-04,15:48:00,40.61,40.67,40.605,40.67,21279.0,1.0,0.0,0.0
2016-03-04,15:51:00,40.67,40.68,40.65,40.67,31613.0,1.0,0.0,0.0
2016-03-04,15:54:00,40.68,40.71,40.67,40.71,21450.0,1.0,0.0,0.0
2016-03-04,15:57:00,40.71,40.75,40.71,40.73,46219.0,1.0,0.0,0.0
2016-03-07,09:30:00,40.73,40.75,40.4,40.66,52513.0,1.0,0.0,0.0
2016-03-07,09:33:00,40.65,40.7,40.63,40.67,2013.0,1.0,0.0,0.0
2016-03-07,09:36:00,40.62,40.92,40.62,40.9,2317.0,1.0,0.0,0.0
2016-03-07,09:39:00,40.88,41.09,40.87,41.09,5052.0,1.0,0.0,0.0
2016-03-07,09:42:00,41.12,41.25,41.09,41.14,1293.0,1.0,0.0,0.0
2016-03-07,09:46:00,41.14,41.16,41.01,41.06,1808.0,1.0,0.0,0.0
2016-03-07,09:49:00,41.025,41.12,41.02,41.09,935.0,1.0,0.0,0.0
2016-03-07,09:53:00,41.08,41.08,41.0,41.02,1112.0,1.0,0.0,0.0
2016-03-07,09:56:00,41.0,41.05,40.87,40.91,9780.0,1.0,0.0,0.0
2016-03-07,09:59:00,40.99,41.16,40.99,41.12,1149.0,1.0,0.0,0.0
2016-03-07,10:02:00,41.12,41.19,41.07,41.19,3194.0,1.0,0.0,0.0
2016-03-07,10:05:00,41.21,41.32,41.19,41.3,5630.0,1.0,0.0,0.0
2016-03-07,10:08:00,41.35,41.44,41.32,41.36,5173.0,1.0,0.0,0.0
2016-03-07,10:11:00,41.33,41.43,41.33,41.43,3007.0,1.0,0.0,0.0
2016-03-07,10:14:00,41.47,41.47,41.29,41.379,3993.0,1.0,0.0,0.0
2016-03-07,10:17:00,41.38,41.45,41.36,41.4,3814.0,1.0,0.0,0.0
2016-03-07,10:20:00,41.45,41.49,41.44,41.45,1492.0,1.0,0.0,0.0
2016-03-07,10:23:00,41.44,41.47,41.39,41.43,20253.0,1.0,0.0,0.0
2016-03-07,10:26:00,41.4101,41.52,41.38,41.38,16364.0,1.0,0.0,0.0
2016-03-07,10:29:00,41.36,41.37,41.31,41.3219,3120.0,1.0,0.0,0.0
2016-03-07,10:32:00,41.34,41.43,41.26,41.4,5519.0,1.0,0.0,0.0
2016-03-07,10:35:00,41.39,41.5399,41.39,41.5399,1341.0,1.0,0.0,0.0
2016-03-07,10:38:00,41.51,41.53,41.47,41.53,3225.0,1.0,0.0,0.0
2016-03-07,10:41:00,41.52,41.5699,41.48,41.48,3271.0,1.0,0.0,0.0
2016-03-07,10:44:00,41.4679,41.49,41.44,41.46,4748.0,1.0,0.0,0.0
2016-03-07,10:47:00,41.47,41.55,41.47,41.49,2379.0,1.0,0.0,0.0
2016-03-07,10:50:00,41.4898,41.53,41.42,41.4455,7431.0,1.0,0.0,0.0
2016-03-07,10:53:00,41.45,41.51,41.42,41.43,5590.0,1.0,0.0,0.0
2016-03-07,10:56:00,41.43,41.57,41.42,41.5515,3392.0,1.0,0.0,0.0
2016-03-07,10:59:00,41.56,41.61,41.52,41.59,13709.0,1.0,0.0,0.0
2016-03-07,11:02:00,41.6089,41.62,41.54,41.54,9380.0,1.0,0.0,0.0
2016-03-07,11:05:00,41.5281,41.5281,41.4,41.43,2339.0,1.0,0.0,0.0
2016-03-07,11:08:00,41.41,41.42,41.36,41.37,1895.0,1.0,0.0,0.0
2016-03-07,11:11:00,41.38,41.39,41.33,41.33,2389.0,1.0,0.0,0.0
2016-03-07,11:14:00,41.32,41.33,41.28,41.3,1834.0,1.0,0.0,0.0
2016-03-07,11:17:00,41.3,41.3,41.21,41.22,5609.0,1.0,0.0,0.0
2016-03-07,11:20:00,41.21,41.3,41.21,41.29,2339.0,1.0,0.0,0.0
2016-03-07,11:23:00,41.29,41.41,41.29,41.39,3638.0,1.0,0.0,0.0
2016-03-07,11:26:00,41.37,41.37,41.33,41.33,1634.0,1.0,0.0,0.0
2016-03-07,11:29:00,41.33,41.33,41.27,41.27,3005.0,1.0,0.0,0.0
2016-03-07,11:32:00,41.3,41.32,41.29,41.3103,2690.0,1.0,0.0,0.0
2016-03-07,11:35:00,41.31,41.36,41.2801,41.32,5036.0,1.0,0.0,0.0
2016-03-07,11:38:00,41.3301,41.44,41.3301,41.42,2791.0,1.0,0.0,0.0
2016-03-07,11:41:00,41.4,41.44,41.39,41.44,1658.0,1.0,0.0,0.0
2016-03-07,11:44:00,41.44,41.48,41.42,41.4401,5549.0,1.0,0.0,0.0
2016-03-07,11:47:00,41.44,41.47,41.39,41.3905,3071.0,1.0,0.0,0.0
2016-03-07,11:50:00,41.38,41.43,41.36,41.4,5253.0,1.0,0.0,0.0
2016-03-07,11:53:00,41.39,41.44,41.39,41.43,2049.0,1.0,0.0,0.0
2016-03-07,11:56:00,41.42,41.47,41.41,41.45,7295.0,1.0,0.0,0.0
2016-03-07,11:59:00,41.45,41.4999,41.42,41.4999,4811.0,1.0,0.0,0.0
2016-03-07,12:02:00,41.4999,41.53,41.48,41.53,2230.0,1.0,0.0,0.0
2016-03-07,12:05:00,41.51,41.57,41.51,41.55,2297.0,1.0,0.0,0.0
2016-03-07,12:08:00,41.57,41.63,41.57,41.63,3855.0,1.0,0.0,0.0
2016-03-07,12:11:00,41.64,41.66,41.61,41.61,5216.0,1.0,0.0,0.0
2016-03-07,12:14:00,41.6,41.6017,41.57,41.6,4355.0,1.0,0.0,0.0
2016-03-07,12:17:00,41.62,41.64,41.615,41.64,1544.0,1.0,0.0,0.0
2016-03-07,12:21:00,41.65,41.6799,41.61,41.6799,3111.0,1.0,0.0,0.0
2016-03-07,12:24:00,41.66,41.66,41.62,41.63,2210.0,1.0,0.0,0.0
2016-03-07,12:27:00,41.63,41.66,41.62,41.64,2500.0,1.0,0.0,0.0
2016-03-07,12:31:00,41.63,41.71,41.63,41.7,5145.0,1.0,0.0,0.0
2016-03-07,12:34:00,41.69,41.7,41.66,41.7,2088.0,1.0,0.0,0.0
2016-03-07,12:37:00,41.71,41.71,41.64,41.64,2809.0,1.0,0.0,0.0
2016-03-07,12:40:00,41.63,41.63,41.57,41.6,1125.0,1.0,0.0,0.0
2016-03-07,12:43:00,41.59,41.64,41.59,41.64,2980.0,1.0,0.0,0.0
2016-03-07,12:46:00,41.65,41.65,41.62,41.64,2825.0,1.0,0.0,0.0
2016-03-07,12:50:00,41.63,41.63,41.58,41.615,3222.0,1.0,0.0,0.0
2016-03-07,12:53:00,41.615,41.665,41.61,41.655,4225.0,1.0,0.0,0.0
2016-03-07,12:56:00,41.66,41.67,41.63,41.63,1431.0,1.0,0.0,0.0
2016-03-07,12:59:00,41.64,41.66,41.61,41.6101,2893.0,1.0,0.0,0.0
2016-03-07,13:02:00,41.6175,41.64,41.61,41.63,4288.0,1.0,0.0,0.0
2016-03-07,13:05:00,41.64,41.65,41.62,41.64,1167.0,1.0,0.0,0.0
2016-03-07,13:08:00,41.64,41.68,41.64,41.66,3378.0,1.0,0.0,0.0
2016-03-07,13:11:00,41.66,41.73,41.66,41.71,3739.0,1.0,0.0,0.0
2016-03-07,13:14:00,41.69,41.705,41.64,41.64,2407.0,1.0,0.0,0.0
2016-03-07,13:17:00,41.64,41.65,41.625,41.65,2148.0,1.0,0.0,0.0
2016-03-07,13:20:00,41.61,41.62,41.59,41.62,2157.0,1.0,0.0,0.0
2016-03-07,13:23:00,41.62,41.75,41.615,41.75,19527.0,1.0,0.0,0.0
2016-03-07,13:26:00,41.74,41.84,41.74,41.84,5675.0,1.0,0.0,0.0
2016-03-07,13:29:00,41.84,41.86,41.825,41.84,3707.0,1.0,0.0,0.0
2016-03-07,13:32:00,41.8425,41.845,41.8,41.8,12784.0,1.0,0.0,0.0
2016-03-07,13:35:00,41.795,41.795,41.7329,41.7329,4784.0,1.0,0.0,0.0
2016-03-07,13:38:00,41.73,41.73,41.69,41.7,2110.0,1.0,0.0,0.0
2016-03-07,13:41:00,41.7,41.7,41.66,41.67,2571.0,1.0,0.0,0.0
2016-03-07,13:44:00,41.67,41.715,41.67,41.71,5062.0,1.0,0.0,0.0
2016-03-07,13:47:00,41.72,41.74,41.7,41.7,2141.0,1.0,0.0,0.0
2016-03-07,13:50:00,41.72,41.73,41.7,41.73,2669.0,1.0,0.0,0.0
2016-03-07,13:53:00,41.74,41.77,41.73,41.77,2024.0,1.0,0.0,0.0
2016-03-07,13:56:00,41.75,41.81,41.75,41.81,6871.0,1.0,0.0,0.0
2016-03-07,13:59:00,41.81,41.81,41.79,41.79,2826.0,1.0,0.0,0.0
2016-03-07,14:02:00,41.79,41.8,41.76,41.79,2507.0,1.0,0.0,0.0
2016-03-07,14:05:00,41.8,41.8,41.75,41.7625,8296.0,1.0,0.0,0.0
2016-03-07,14:08:00,41.76,41.77,41.75,41.76,3408.0,1.0,0.0,0.0
2016-03-07,14:11:00,41.76,41.78,41.75,41.78,5335.0,1.0,0.0,0.0
2016-03-07,14:14:00,41.76,41.78,41.75,41.77,4440.0,1.0,0.0,0.0
2016-03-07,14:17:00,41.76,41.77,41.75,41.75,4788.0,1.0,0.0,0.0
2016-03-07,14:20:00,41.75,41.75,41.69,41.71,3006.0,1.0,0.0,0.0
2016-03-07,14:23:00,41.71,41.72,41.67,41.68,2254.0,1.0,0.0,0.0
2016-03-07,14:26:00,41.67,41.67,41.59,41.59,4093.0,1.0,0.0,0.0
2016-03-07,14:29:00,41.59,41.6,41.58,41.58,3436.0,1.0,0.0,0.0
2016-03-07,14:32:00,41.58,41.59,41.57,41.57,5322.0,1.0,0.0,0.0
2016-03-07,14:35:00,41.58,41.6,41.54,41.54,6961.0,1.0,0.0,0.0
2016-03-07,14:38:00,41.55,41.55,41.48,41.48,6537.0,1.0,0.0,0.0
2016-03-07,14:41:00,41.48,41.51,41.48,41.5,3899.0,1.0,0.0,0.0
2016-03-07,14:44:00,41.52,41.53,41.5,41.51,4563.0,1.0,0.0,0.0
2016-03-07,14:47:00,41.52,41.55,41.5,41.51,5857.0,1.0,0.0,0.0
2016-03-07,14:50:00,41.53,41.56,41.52,41.54,2305.0,1.0,0.0,0.0
2016-03-07,14:53:00,41.55,41.57,41.55,41.55,4077.0,1.0,0.0,0.0
2016-03-07,14:56:00,41.55,41.59,41.55,41.58,4940.0,1.0,0.0,0.0
2016-03-07,14:59:00,41.57,41.6,41.55,41.55,4661.0,1.0,0.0,0.0
2016-03-07,15:02:00,41.56,41.59,41.55,41.57,8312.0,1.0,0.0,0.0
2016-03-07,15:05:00,41.58,41.6,41.58,41.58,8118.0,1.0,0.0,0.0
2016-03-07,15:08:00,41.58,41.62,41.58,41.605,4373.0,1.0,0.0,0.0
2016-03-07,15:11:00,41.61,41.66,41.6,41.66,7137.0,1.0,0.0,0.0
2016-03-07,15:14:00,41.65,41.73,41.65,41.73,4294.0,1.0,0.0,0.0
2016-03-07,15:17:00,41.74,41.76,41.73,41.75,4846.0,1.0,0.0,0.0
2016-03-07,15:20:00,41.75,41.76,41.73,41.76,11115.0,1.0,0.0,0.0
2016-03-07,15:23:00,41.75,41.7625,41.735,41.735,7669.0,1.0,0.0,0.0
2016-03-07,15:26:00,41.735,41.785,41.732,41.77,15277.0,1.0,0.0,0.0
2016-03-07,15:29:00,41.78,41.88,41.78,41.88,24551.0,1.0,0.0,0.0
2016-03-07,15:32:00,41.87,41.92,41.87,41.89,27550.0,1.0,0.0,0.0
2016-03-07,15:35:00,41.89,41.91,41.86,41.86,13440.0,1.0,0.0,0.0
2016-03-07,15:38:00,41.87,41.89,41.86,41.87,14331.0,1.0,0.0,0.0
2016-03-07,15:41:00,41.86,41.87,41.83,41.84,11538.0,1.0,0.0,0.0
2016-03-07,15:44:00,41.83,41.84,41.79,41.8,13301.0,1.0,0.0,0.0
2016-03-07,15:47:00,41.79,41.795,41.74,41.77,27936.0,1.0,0.0,0.0
2016-03-07,15:50:00,41.77,41.83,41.77,41.825,15454.0,1.0,0.0,0.0
2016-03-07,15:53:00,41.83,41.83,41.8,41.82,18865.0,1.0,0.0,0.0
2016-03-07,15:56:00,41.82,41.82,41.78,41.79,23183.0,1.0,0.0,0.0
2016-03-07,15:59:00,41.79,41.85,41.73,41.77,151625.0,1.0,0.0,0.0
2016-03-08,09:32:00,41.41,41.64,41.06,41.61,16662.0,1.0,0.0,0.0
2016-03-08,09:35:00,41.53,41.62,41.35,41.47,3216.0,1.0,0.0,0.0
2016-03-08,09:38:00,41.45,41.61,41.35,41.45,5131.0,1.0,0.0,0.0
2016-03-08,09:41:00,41.405,41.41,41.07,41.11,8121.0,1.0,0.0,0.0
2016-03-08,09:44:00,41.08,41.24,41.01,41.13,16910.0,1.0,0.0,0.0
2016-03-08,09:47:00,41.09,41.15,40.99,41.13,19557.0,1.0,0.0,0.0
2016-03-08,09:50:00,41.14,41.16,41.08,41.1,3027.0,1.0,0.0,0.0
2016-03-08,09:53:00,41.05,41.11,40.95,40.99,3244.0,1.0,0.0,0.0
2016-03-08,09:56:00,40.96,40.96,40.78,40.81,4699.0,1.0,0.0,0.0
2016-03-08,09:59:00,40.79,40.83,40.77,40.795,4173.0,1.0,0.0,0.0
2016-03-08,10:02:00,40.75,40.78,40.7,40.77,5932.0,1.0,0.0,0.0
2016-03-08,10:05:00,40.78,40.83,40.71,40.83,5386.0,1.0,0.0,0.0
2016-03-08,10:08:00,40.84,40.92,40.84,40.86,4995.0,1.0,0.0,0.0
2016-03-08,10:11:00,40.86,40.88,40.8,40.83,7836.0,1.0,0.0,0.0
2016-03-08,10:14:00,40.82,40.88,40.78,40.78,6095.0,1.0,0.0,0.0
2016-03-08,10:17:00,40.78,40.82,40.74,40.76,4080.0,1.0,0.0,0.0
2016-03-08,10:20:00,40.73,40.75,40.66,40.75,3514.0,1.0,0.0,0.0
2016-03-08,10:23:00,40.74,40.85,40.74,40.84,3932.0,1.0,0.0,0.0
2016-03-08,10:26:00,40.83,40.86,40.7423,40.86,5598.0,1.0,0.0,0.0
2016-03-08,10:29:00,40.83,40.83,40.78,40.8,4828.0,1.0,0.0,0.0
2016-03-08,10:32:00,40.78,40.82,40.75,40.8,3014.0,1.0,0.0,0.0
2016-03-08,10:35:00,40.81,40.86,40.8,40.83,4856.0,1.0,0.0,0.0
2016-03-08,10:38:00,40.85,40.91,40.78,40.79,4191.0,1.0,0.0,0.0
2016-03-08,10:41:00,40.8,40.86,40.8,40.8199,5798.0,1.0,0.0,0.0
2016-03-08,10:44:00,40.82,40.83,40.8,40.8,2132.0,1.0,0.0,0.0
2016-03-08,10:47:00,40.8,40.81,40.7,40.7,2647.0,1.0,0.0,0.0
2016-03-08,10:51:00,40.72,40.72,40.64,40.66,4782.0,1.0,0.0,0.0
2016-03-08,10:54:00,40.66,40.75,40.66,40.69,6124.0,1.0,0.0,0.0
2016-03-08,10:57:00,40.67,40.67,40.6,40.6,1266.0,1.0,0.0,0.0
2016-03-08,11:00:00,40.58,40.58,40.51,40.55,5748.0,1.0,0.0,0.0
2016-03-08,11:03:00,40.57,40.6,40.57,40.6,3441.0,1.0,0.0,0.0
2016-03-08,11:06:00,40.61,40.69,40.61,40.66,5562.0,1.0,0.0,0.0
2016-03-08,11:09:00,40.6599,40.76,40.6599,40.75,7395.0,1.0,0.0,0.0
2016-03-08,11:12:00,40.75,40.76,40.71,40.74,8835.0,1.0,0.0,0.0
2016-03-08,11:15:00,40.72,40.76,40.71,40.74,10253.0,1.0,0.0,0.0
2016-03-08,11:18:00,40.75,40.81,40.75,40.76,13388.0,1.0,0.0,0.0
2016-03-08,11:21:00,40.76,40.76,40.6,40.62,11502.0,1.0,0.0,0.0
2016-03-08,11:24:00,40.61,40.61,40.5,40.53,6738.0,1.0,0.0,0.0
2016-03-08,11:27:00,40.51,40.59,40.5,40.583,5842.0,1.0,0.0,0.0
2016-03-08,11:30:00,40.58,40.58,40.51,40.56,4463.0,1.0,0.0,0.0
2016-03-08,11:33:00,40.58,40.59,40.52,40.56,11902.0,1.0,0.0,0.0
2016-03-08,11:36:00,40.56,40.59,40.53,40.58,5924.0,1.0,0.0,0.0
2016-03-08,11:39:00,40.58,40.59,40.48,40.48,2720.0,1.0,0.0,0.0
2016-03-08,11:42:00,40.47,40.5017,40.45,40.46,3522.0,1.0,0.0,0.0
2016-03-08,11:45:00,40.45,40.46,40.39,40.43,3648.0,1.0,0.0,0.0
2016-03-08,11:48:00,40.45,40.48,40.45,40.45,3090.0,1.0,0.0,0.0
2016-03-08,11:51:00,40.4601,40.59,40.44,40.59,5309.0,1.0,0.0,0.0
2016-03-08,11:54:00,40.59,40.59,40.51,40.51,2429.0,1.0,0.0,0.0
2016-03-08,11:57:00,40.52,40.53,40.46,40.46,2924.0,1.0,0.0,0.0
2016-03-08,12:00:00,40.4691,40.51,40.43,40.43,4897.0,1.0,0.0,0.0
2016-03-08,12:03:00,40.43,40.46,40.43,40.44,3758.0,1.0,0.0,0.0
2016-03-08,12:06:00,40.457,40.5123,40.457,40.5,1804.0,1.0,0.0,0.0
2016-03-08,12:09:00,40.5,40.51,40.49,40.51,595.0,1.0,0.0,0.0
2016-03-08,12:12:00,40.51,40.6,40.51,40.585,18644.0,1.0,0.0,0.0
2016-03-08,12:15:00,40.56,40.596,40.55,40.56,1939.0,1.0,0.0,0.0
2016-03-08,12:18:00,40.54,40.61,40.54,40.5984,2594.0,1.0,0.0,0.0
2016-03-08,12:21:00,40.59,40.62,40.5625,40.62,3774.0,1.0,0.0,0.0
2016-03-08,12:25:00,40.61,40.65,40.6,40.6,2185.0,1.0,0.0,0.0
2016-03-08,12:28:00,40.62,40.66,40.61,40.65,2471.0,1.0,0.0,0.0
2016-03-08,12:31:00,40.64,40.72,40.62,40.72,3580.0,1.0,0.0,0.0
2016-03-08,12:34:00,40.73,40.73,40.67,40.67,1880.0,1.0,0.0,0.0
2016-03-08,12:37:00,40.6699,40.74,40.6699,40.73,13551.0,1.0,0.0,0.0
2016-03-08,12:40:00,40.74,40.76,40.74,40.76,932.0,1.0,0.0,0.0
2016-03-08,12:44:00,40.76,40.82,40.76,40.82,2173.0,1.0,0.0,0.0
2016-03-08,12:47:00,40.8,40.82,40.76,40.76,1366.0,1.0,0.0,0.0
2016-03-08,12:50:00,40.77,40.81,40.77,40.805,2667.0,1.0,0.0,0.0
2016-03-08,12:53:00,40.7901,40.86,40.7677,40.86,13643.0,1.0,0.0,0.0
2016-03-08,12:56:00,40.86,40.94,40.86,40.92,6937.0,1.0,0.0,0.0
2016-03-08,12:59:00,40.91,40.95,40.88,40.95,4258.0,1.0,0.0,0.0
2016-03-08,13:02:00,40.94,40.95,40.91,40.94,2945.0,1.0,0.0,0.0
2016-03-08,13:05:00,40.95,40.95,40.92,40.93,1501.0,1.0,0.0,0.0
2016-03-08,13:08:00,40.92,40.94,40.9,40.94,4511.0,1.0,0.0,0.0
2016-03-08,13:11:00,40.94,40.94,40.85,40.87,2645.0,1.0,0.0,0.0
2016-03-08,13:14:00,40.86,40.92,40.83,40.9,8069.0,1.0,0.0,0.0
2016-03-08,13:17:00,40.89,40.97,40.84,40.97,5622.0,1.0,0.0,0.0
2016-03-08,13:20:00,40.9598,40.9598,40.89,40.9,3147.0,1.0,0.0,0.0
2016-03-08,13:23:00,40.91,41.0,40.9,40.99,5515.0,1.0,0.0,0.0
2016-03-08,13:26:00,40.96,40.99,40.9,40.9,2291.0,1.0,0.0,0.0
2016-03-08,13:29:00,40.91,40.93,40.9,40.92,5110.0,1.0,0.0,0.0
2016-03-08,13:32:00,40.91,40.95,40.91,40.95,4656.0,1.0,0.0,0.0
2016-03-08,13:35:00,40.92,40.995,40.9,40.995,7056.0,1.0,0.0,0.0
2016-03-08,13:38:00,40.98,41.02,40.98,41.01,2061.0,1.0,0.0,0.0
2016-03-08,13:41:00,41.0,41.02,41.0,41.0,802.0,1.0,0.0,0.0
2016-03-08,13:44:00,41.01,41.025,40.97,40.9897,3508.0,1.0,0.0,0.0
2016-03-08,13:47:00,40.99,40.99,40.93,40.93,3793.0,1.0,0.0,0.0
2016-03-08,13:50:00,40.93,40.99,40.93,40.96,3947.0,1.0,0.0,0.0
2016-03-08,13:53:00,40.935,40.96,40.93,40.96,2733.0,1.0,0.0,0.0
2016-03-08,13:56:00,40.95,40.97,40.93,40.97,3044.0,1.0,0.0,0.0
2016-03-08,13:59:00,40.97,40.97,40.93,40.94,1479.0,1.0,0.0,0.0
2016-03-08,14:02:00,40.93,40.97,40.91,40.94,4190.0,1.0,0.0,0.0
2016-03-08,14:05:00,40.95,40.98,40.93,40.93,1134.0,1.0,0.0,0.0
2016-03-08,14:08:00,40.93,40.95,40.93,40.94,1801.0,1.0,0.0,0.0
2016-03-08,14:11:00,40.95,40.96,40.93,40.94,3943.0,1.0,0.0,0.0
2016-03-08,14:14:00,40.95,40.985,40.95,40.98,3172.0,1.0,0.0,0.0
2016-03-08,14:17:00,40.98,40.98,40.93,40.93,1517.0,1.0,0.0,0.0
2016-03-08,14:20:00,40.93,41.001000000000005,40.93,41.0,4112.0,1.0,0.0,0.0
2016-03-08,14:23:00,41.01,41.01,40.99,41.0,4406.0,1.0,0.0,0.0
2016-03-08,14:26:00,40.99,41.07,40.96,41.06,10872.0,1.0,0.0,0.0
2016-03-08,14:29:00,41.06,41.1,41.05,41.1,12416.0,1.0,0.0,0.0
2016-03-08,14:32:00,41.095,41.13,41.07,41.12,6547.0,1.0,0.0,0.0
2016-03-08,14:35:00,41.11,41.115,41.06,41.0725,6557.0,1.0,0.0,0.0
2016-03-08,14:38:00,41.07,41.0793,41.04,41.04,7834.0,1.0,0.0,0.0
2016-03-08,14:41:00,41.04,41.0778,41.04,41.075,8016.0,1.0,0.0,0.0
2016-03-08,14:44:00,41.07,41.17,41.07,41.1699,5662.0,1.0,0.0,0.0
2016-03-08,14:47:00,41.1679,41.17,41.13,41.13,5613.0,1.0,0.0,0.0
2016-03-08,14:50:00,41.13,41.1301,41.07,41.07,5526.0,1.0,0.0,0.0
2016-03-08,14:53:00,41.06,41.06,41.0193,41.0193,3137.0,1.0,0.0,0.0
2016-03-08,14:56:00,41.02,41.0238,41.0,41.0206,3853.0,1.0,0.0,0.0
2016-03-08,14:59:00,41.0,41.015,40.9878,40.9878,3458.0,1.0,0.0,0.0
2016-03-08,15:02:00,40.98,41.01,40.94,40.94,5073.0,1.0,0.0,0.0
2016-03-08,15:05:00,40.94,40.96,40.93,40.94,3897.0,1.0,0.0,0.0
2016-03-08,15:08:00,40.94,40.94,40.92,40.93,1826.0,1.0,0.0,0.0
2016-03-08,15:11:00,40.91,40.92,40.88,40.9,5984.0,1.0,0.0,0.0
2016-03-08,15:14:00,40.92,40.93,40.88,40.885,1125.0,1.0,0.0,0.0
2016-03-08,15:17:00,40.89,40.9,40.8606,40.89,7265.0,1.0,0.0,0.0
2016-03-08,15:20:00,40.88,40.89,40.83,40.83,7012.0,1.0,0.0,0.0
2016-03-08,15:23:00,40.83,40.87,40.81,40.87,6901.0,1.0,0.0,0.0
2016-03-08,15:26:00,40.87,40.88,40.81,40.812,9530.0,1.0,0.0,0.0
2016-03-08,15:29:00,40.82,40.83,40.73,40.73,3258.0,1.0,0.0,0.0
2016-03-08,15:32:00,40.72,40.77,40.71,40.71,10156.0,1.0,0.0,0.0
2016-03-08,15:35:00,40.71,40.78,40.7,40.78,9386.0,1.0,0.0,0.0
2016-03-08,15:38:00,40.78,40.8,40.76,40.77,9856.0,1.0,0.0,0.0
2016-03-08,15:41:00,40.77,40.815,40.76,40.78,12060.0,1.0,0.0,0.0
2016-03-08,15:44:00,40.77,40.84,40.77,40.79,10799.0,1.0,0.0,0.0
2016-03-08,15:47:00,40.77,40.84,40.72,40.84,27189.0,1.0,0.0,0.0
2016-03-08,15:50:00,40.83,40.86,40.79,40.82,15252.0,1.0,0.0,0.0
2016-03-08,15:53:00,40.81,40.87,40.81,40.86,15806.0,1.0,0.0,0.0
2016-03-08,15:56:00,40.85,40.86,40.79,40.81,18538.0,1.0,0.0,0.0
2016-03-08,15:59:00,40.81,40.85,40.77,40.78,41472.0,1.0,0.0,0.0
2016-03-09,09:33:00,41.09,41.11,40.997,41.11,6868.0,1.0,0.0,0.0
2016-03-09,09:38:00,41.005,41.005,40.87,40.88,1257.0,1.0,0.0,0.0
2016-03-09,09:41:00,40.88,41.03,40.88,41.03,551.0,1.0,0.0,0.0
2016-03-09,09:45:00,40.99,40.99,40.86,40.95,1160.0,1.0,0.0,0.0
2016-03-09,09:48:00,40.97,40.98,40.91,40.95,1955.0,1.0,0.0,0.0
2016-03-09,09:51:00,40.96,40.99,40.9075,40.92,1566.0,1.0,0.0,0.0
2016-03-09,09:54:00,40.93,40.9525,40.88,40.92,22367.0,1.0,0.0,0.0
2016-03-09,09:58:00,40.905,40.96,40.89,40.91,8599.0,1.0,0.0,0.0
2016-03-09,10:01:00,40.91,40.98,40.91,40.93,3277.0,1.0,0.0,0.0
2016-03-09,10:04:00,40.92,40.97,40.83,40.95,4201.0,1.0,0.0,0.0
2016-03-09,10:07:00,40.95,40.99,40.9,40.92,3657.0,1.0,0.0,0.0
2016-03-09,10:10:00,40.92,40.93,40.87,40.92,4073.0,1.0,0.0,0.0
2016-03-09,10:13:00,40.92,40.95,40.88,40.89,3544.0,1.0,0.0,0.0
2016-03-09,10:16:00,40.87,40.92,40.8,40.85,7860.0,1.0,0.0,0.0
2016-03-09,10:19:00,40.84,40.85,40.73,40.75,2115.0,1.0,0.0,0.0
2016-03-09,10:22:00,40.75,40.8,40.72,40.8,3176.0,1.0,0.0,0.0
2016-03-09,10:25:00,40.81,40.84,40.74,40.76,2084.0,1.0,0.0,0.0
2016-03-09,10:28:00,40.76,40.805,40.75,40.76,1617.0,1.0,0.0,0.0
2016-03-09,10:32:00,40.76,40.8821,40.76,40.81,4460.0,1.0,0.0,0.0
2016-03-09,10:35:00,40.81,40.88,40.79,40.88,3933.0,1.0,0.0,0.0
2016-03-09,10:38:00,40.88,40.88,40.83,40.83,6085.0,1.0,0.0,0.0
2016-03-09,10:41:00,40.825,40.85,40.81,40.81,2898.0,1.0,0.0,0.0
2016-03-09,10:44:00,40.78,40.84,40.78,40.84,1313.0,1.0,0.0,0.0
2016-03-09,10:47:00,40.82,40.82,40.76,40.81,3489.0,1.0,0.0,0.0
2016-03-09,10:50:00,40.8068,40.83,40.7,40.7,5123.0,1.0,0.0,0.0
2016-03-09,10:53:00,40.67,40.69,40.61,40.68,2701.0,1.0,0.0,0.0
2016-03-09,10:56:00,40.67,40.67,40.48,40.51,17784.0,1.0,0.0,0.0
2016-03-09,11:00:00,40.5,40.65,40.47,40.65,4404.0,1.0,0.0,0.0
2016-03-09,11:03:00,40.65,40.71,40.61,40.61,7593.0,1.0,0.0,0.0
2016-03-09,11:06:00,40.63,40.63,40.57,40.59,3118.0,1.0,0.0,0.0
2016-03-09,11:09:00,40.6,40.65,40.58,40.645,3592.0,1.0,0.0,0.0
2016-03-09,11:12:00,40.66,40.72,40.63,40.72,3722.0,1.0,0.0,0.0
2016-03-09,11:15:00,40.72,40.75,40.71,40.71,2361.0,1.0,0.0,0.0
2016-03-09,11:18:00,40.72,40.72,40.6701,40.68,3392.0,1.0,0.0,0.0
2016-03-09,11:21:00,40.669000000000004,40.72,40.655,40.72,3109.0,1.0,0.0,0.0
2016-03-09,11:25:00,40.7,40.84,40.7,40.83,3528.0,1.0,0.0,0.0
2016-03-09,11:28:00,40.83,40.855,40.81,40.81,4753.0,1.0,0.0,0.0
2016-03-09,11:31:00,40.8,40.86,40.78,40.81,8716.0,1.0,0.0,0.0
2016-03-09,11:34:00,40.8,40.81,40.75,40.75,2627.0,1.0,0.0,0.0
2016-03-09,11:37:00,40.747,40.81,40.735,40.8,3384.0,1.0,0.0,0.0
2016-03-09,11:40:00,40.8,40.85,40.78,40.85,2076.0,1.0,0.0,0.0
2016-03-09,11:43:00,40.84,40.85,40.8,40.8,2257.0,1.0,0.0,0.0
2016-03-09,11:46:00,40.8,40.88,40.8,40.83,6324.0,1.0,0.0,0.0
2016-03-09,11:49:00,40.82,40.84,40.78,40.83,2420.0,1.0,0.0,0.0
2016-03-09,11:52:00,40.85,40.89,40.85,40.87,3965.0,1.0,0.0,0.0
2016-03-09,11:55:00,40.87,40.9,40.87,40.87,4213.0,1.0,0.0,0.0
2016-03-09,11:58:00,40.875,40.9,40.84,40.85,10266.0,1.0,0.0,0.0
2016-03-09,12:01:00,40.85,40.85,40.8,40.85,4327.0,1.0,0.0,0.0
2016-03-09,12:04:00,40.84,40.88,40.84,40.85,10146.0,1.0,0.0,0.0
2016-03-09,12:07:00,40.85,40.93,40.85,40.91,2847.0,1.0,0.0,0.0
2016-03-09,12:10:00,40.9,40.96,40.88,40.96,2019.0,1.0,0.0,0.0
2016-03-09,12:13:00,40.93,40.94,40.92,40.93,1717.0,1.0,0.0,0.0
2016-03-09,12:16:00,40.94,40.96,40.91,40.91,2431.0,1.0,0.0,0.0
2016-03-09,12:19:00,40.9,40.93,40.9,40.91,1150.0,1.0,0.0,0.0
2016-03-09,12:23:00,40.91,40.94,40.9,40.94,1107.0,1.0,0.0,0.0
2016-03-09,12:26:00,40.96,41.02,40.96,41.02,1330.0,1.0,0.0,0.0
2016-03-09,12:29:00,41.0,41.0,40.94,40.95,2534.0,1.0,0.0,0.0
2016-03-09,12:32:00,40.96,41.03,40.96,41.03,2350.0,1.0,0.0,0.0
2016-03-09,12:35:00,41.035,41.035,40.94,40.94,1720.0,1.0,0.0,0.0
2016-03-09,12:38:00,40.94,40.95,40.91,40.95,1418.0,1.0,0.0,0.0
2016-03-09,12:41:00,40.97,40.97,40.95,40.96,809.0,1.0,0.0,0.0
2016-03-09,12:44:00,40.94,40.94,40.88,40.88,3407.0,1.0,0.0,0.0
2016-03-09,12:47:00,40.9,40.93,40.9,40.91,1717.0,1.0,0.0,0.0
2016-03-09,12:50:00,40.91,40.91,40.86,40.88,1733.0,1.0,0.0,0.0
2016-03-09,12:53:00,40.89,40.94,40.89,40.94,1700.0,1.0,0.0,0.0
2016-03-09,12:56:00,40.92,40.92,40.88,40.9,1625.0,1.0,0.0,0.0
2016-03-09,12:59:00,40.9,40.9,40.89,40.89,2188.0,1.0,0.0,0.0
2016-03-09,13:02:00,40.86,40.87,40.85,40.85,1848.0,1.0,0.0,0.0
2016-03-09,13:05:00,40.85,40.88,40.85,40.87,1481.0,1.0,0.0,0.0
2016-03-09,13:09:00,40.88,40.89,40.86,40.86,1691.0,1.0,0.0,0.0
2016-03-09,13:12:00,40.86,40.93,40.86,40.92,1620.0,1.0,0.0,0.0
2016-03-09,13:15:00,40.94,40.94,40.88,40.88,2141.0,1.0,0.0,0.0
2016-03-09,13:18:00,40.89,40.89,40.82,40.82,2517.0,1.0,0.0,0.0
2016-03-09,13:22:00,40.82,40.84,40.79,40.79,1599.0,1.0,0.0,0.0
2016-03-09,13:25:00,40.78,40.83,40.78,40.83,929.0,1.0,0.0,0.0
2016-03-09,13:28:00,40.82,40.83,40.81,40.83,993.0,1.0,0.0,0.0
2016-03-09,13:31:00,40.84,40.87,40.84,40.85,1818.0,1.0,0.0,0.0
2016-03-09,13:34:00,40.85,40.85,40.83,40.83,1961.0,1.0,0.0,0.0
2016-03-09,13:37:00,40.83,40.85,40.82,40.82,2141.0,1.0,0.0,0.0
2016-03-09,13:41:00,40.81,40.82,40.8,40.82,1905.0,1.0,0.0,0.0
2016-03-09,13:44:00,40.82,40.83,40.81,40.83,1250.0,1.0,0.0,0.0
2016-03-09,13:47:00,40.84,40.87,40.84,40.87,2037.0,1.0,0.0,0.0
2016-03-09,13:50:00,40.88,40.91,40.87,40.9,2916.0,1.0,0.0,0.0
2016-03-09,13:53:00,40.89,40.9,40.89,40.89,1202.0,1.0,0.0,0.0
2016-03-09,13:56:00,40.88,40.9,40.88,40.9,1419.0,1.0,0.0,0.0
2016-03-09,13:59:00,40.9,40.95,40.9,40.94,1959.0,1.0,0.0,0.0
2016-03-09,14:03:00,40.94,40.96,40.93,40.935,1632.0,1.0,0.0,0.0
2016-03-09,14:06:00,40.94,40.94,40.91,40.94,1936.0,1.0,0.0,0.0
2016-03-09,14:09:00,40.94,40.98,40.94,40.98,1823.0,1.0,0.0,0.0
2016-03-09,14:12:00,40.98,41.0,40.97,40.97,2200.0,1.0,0.0,0.0
2016-03-09,14:15:00,40.99,40.99,40.95,40.95,2461.0,1.0,0.0,0.0
2016-03-09,14:18:00,40.94,40.99,40.93,40.98,1523.0,1.0,0.0,0.0
2016-03-09,14:21:00,40.97,40.97,40.86,40.87,14194.0,1.0,0.0,0.0
2016-03-09,14:24:00,40.86,40.86,40.8,40.81,2708.0,1.0,0.0,0.0
2016-03-09,14:27:00,40.8,40.82,40.7801,40.7981,3204.0,1.0,0.0,0.0
2016-03-09,14:30:00,40.8101,40.8101,40.7755,40.78,2477.0,1.0,0.0,0.0
2016-03-09,14:33:00,40.78,40.785,40.77,40.779,3154.0,1.0,0.0,0.0
2016-03-09,14:36:00,40.78,40.82,40.78,40.81,4901.0,1.0,0.0,0.0
2016-03-09,14:39:00,40.81,40.81,40.76,40.78,2639.0,1.0,0.0,0.0
2016-03-09,14:42:00,40.78,40.78,40.75,40.75,2139.0,1.0,0.0,0.0
2016-03-09,14:45:00,40.75,40.78,40.74,40.78,1450.0,1.0,0.0,0.0
2016-03-09,14:48:00,40.79,40.79,40.76,40.78,2722.0,1.0,0.0,0.0
2016-03-09,14:51:00,40.78,40.78,40.77,40.77,2408.0,1.0,0.0,0.0
2016-03-09,14:54:00,40.77,40.78,40.74,40.75,1983.0,1.0,0.0,0.0
2016-03-09,14:57:00,40.75,40.753,40.74,40.74,2978.0,1.0,0.0,0.0
2016-03-09,15:00:00,40.75,40.76,40.73,40.76,3876.0,1.0,0.0,0.0
2016-03-09,15:03:00,40.76,40.76,40.74,40.74,3058.0,1.0,0.0,0.0
2016-03-09,15:06:00,40.75,40.75,40.73,40.73,2772.0,1.0,0.0,0.0
2016-03-09,15:09:00,40.72,40.72,40.68,40.68,4116.0,1.0,0.0,0.0
2016-03-09,15:12:00,40.68,40.68,40.6526,40.67,2636.0,1.0,0.0,0.0
2016-03-09,15:15:00,40.67,40.7,40.65,40.68,4974.0,1.0,0.0,0.0
2016-03-09,15:18:00,40.69,40.71,40.66,40.6601,3242.0,1.0,0.0,0.0
2016-03-09,15:21:00,40.6601,40.67,40.65,40.66,3421.0,1.0,0.0,0.0
2016-03-09,15:24:00,40.66,40.66,40.61,40.64,5358.0,1.0,0.0,0.0
2016-03-09,15:27:00,40.63,40.64,40.62,40.63,4339.0,1.0,0.0,0.0
2016-03-09,15:30:00,40.63,40.66,40.63,40.66,4834.0,1.0,0.0,0.0
2016-03-09,15:33:00,40.66,40.71,40.63,40.7,6946.0,1.0,0.0,0.0
2016-03-09,15:36:00,40.69,40.7,40.68,40.68,3986.0,1.0,0.0,0.0
2016-03-09,15:39:00,40.68,40.69,40.66,40.67,4354.0,1.0,0.0,0.0
2016-03-09,15:42:00,40.67,40.71,40.66,40.7,11875.0,1.0,0.0,0.0
2016-03-09,15:45:00,40.69,40.72,40.6701,40.69,10881.0,1.0,0.0,0.0
2016-03-09,15:48:00,40.69,40.72,40.68,40.7,8846.0,1.0,0.0,0.0
2016-03-09,15:51:00,40.69,40.71,40.69,40.69,10451.0,1.0,0.0,0.0
2016-03-09,15:54:00,40.69,40.71,40.68,40.69,16035.0,1.0,0.0,0.0
2016-03-09,15:57:00,40.7,40.73,40.68,40.73,22482.0,1.0,0.0,0.0
2016-03-10,09:30:00,40.725,41.01,40.71,40.94,38589.0,1.0,0.0,0.0
2016-03-10,09:33:00,40.94,40.95,40.63,40.72,4587.0,1.0,0.0,0.0
2016-03-10,09:36:00,40.73,40.82,40.564,40.564,2029.0,1.0,0.0,0.0
2016-03-10,09:39:00,40.61,40.69,40.59,40.61,6060.0,1.0,0.0,0.0
2016-03-10,09:42:00,40.59,40.74,40.58,40.72,7567.0,1.0,0.0,0.0
2016-03-10,09:45:00,40.72,40.82,40.7,40.74,899.0,1.0,0.0,0.0
2016-03-10,09:48:00,40.81,40.81,40.66,40.71,2040.0,1.0,0.0,0.0
2016-03-10,09:51:00,40.65,40.79,40.61,40.76,5489.0,1.0,0.0,0.0
2016-03-10,09:54:00,40.76,40.85,40.76,40.85,2032.0,1.0,0.0,0.0
2016-03-10,09:57:00,40.82,40.94,40.82,40.91,1974.0,1.0,0.0,0.0
2016-03-10,10:00:00,40.88,40.91,40.81,40.81,1399.0,1.0,0.0,0.0
2016-03-10,10:03:00,40.8375,40.97,40.8375,40.94,4693.0,1.0,0.0,0.0
2016-03-10,10:07:00,40.95,40.95,40.89,40.9,1282.0,1.0,0.0,0.0
2016-03-10,10:10:00,40.87,40.87,40.79,40.8,2059.0,1.0,0.0,0.0
2016-03-10,10:13:00,40.73,40.79,40.72,40.78,1689.0,1.0,0.0,0.0
2016-03-10,10:16:00,40.72,40.82,40.72,40.77,1759.0,1.0,0.0,0.0
2016-03-10,10:19:00,40.78,40.81,40.74,40.74,934.0,1.0,0.0,0.0
2016-03-10,10:22:00,40.71,40.74,40.68,40.74,1529.0,1.0,0.0,0.0
2016-03-10,10:25:00,40.7,40.82,40.69,40.69,1784.0,1.0,0.0,0.0
2016-03-10,10:28:00,40.69,40.74,40.68,40.68,925.0,1.0,0.0,0.0
2016-03-10,10:31:00,40.67,40.71,40.62,40.68,10072.0,1.0,0.0,0.0
2016-03-10,10:34:00,40.69,40.72,40.59,40.62,10717.0,1.0,0.0,0.0
2016-03-10,10:37:00,40.6209,40.6209,40.51,40.54,2282.0,1.0,0.0,0.0
2016-03-10,10:40:00,40.57,40.6,40.52,40.58,1859.0,1.0,0.0,0.0
2016-03-10,10:43:00,40.57,40.66,40.54,40.66,2565.0,1.0,0.0,0.0
2016-03-10,10:46:00,40.69,40.75,40.64,40.66,5224.0,1.0,0.0,0.0
2016-03-10,10:49:00,40.67,40.68,40.64,40.64,7479.0,1.0,0.0,0.0
2016-03-10,10:52:00,40.61,40.61,40.48,40.49,8048.0,1.0,0.0,0.0
2016-03-10,10:55:00,40.4701,40.51,40.4,40.42,18351.0,1.0,0.0,0.0
2016-03-10,10:58:00,40.41,40.41,40.35,40.37,2426.0,1.0,0.0,0.0
2016-03-10,11:01:00,40.37,40.37,40.27,40.2801,2934.0,1.0,0.0,0.0
2016-03-10,11:04:00,40.29,40.29,40.1025,40.15,6508.0,1.0,0.0,0.0
2016-03-10,11:07:00,40.17,40.22,40.12,40.18,4645.0,1.0,0.0,0.0
2016-03-10,11:10:00,40.18,40.23,40.14,40.19,7686.0,1.0,0.0,0.0
2016-03-10,11:13:00,40.18,40.19,40.1,40.17,8118.0,1.0,0.0,0.0
2016-03-10,11:16:00,40.14,40.16,40.06,40.09,9209.0,1.0,0.0,0.0
2016-03-10,11:19:00,40.13,40.13,40.04,40.07,3537.0,1.0,0.0,0.0
2016-03-10,11:22:00,40.06,40.065,39.92,39.97,8610.0,1.0,0.0,0.0
2016-03-10,11:25:00,39.97,40.02,39.94,39.9788,5749.0,1.0,0.0,0.0
2016-03-10,11:28:00,39.98,39.98,39.87,39.89,3245.0,1.0,0.0,0.0
2016-03-10,11:31:00,39.9,39.99,39.9,39.97,3341.0,1.0,0.0,0.0
2016-03-10,11:34:00,40.0,40.01,39.96,39.96,1119.0,1.0,0.0,0.0
2016-03-10,11:37:00,39.96,40.05,39.96,40.045,2407.0,1.0,0.0,0.0
2016-03-10,11:40:00,40.06,40.11,40.03,40.07,2716.0,1.0,0.0,0.0
2016-03-10,11:43:00,40.0901,40.1347,40.06,40.11,2384.0,1.0,0.0,0.0
2016-03-10,11:46:00,40.09,40.14,40.05,40.12,2913.0,1.0,0.0,0.0
2016-03-10,11:49:00,40.16,40.17,40.14,40.15,1735.0,1.0,0.0,0.0
2016-03-10,11:52:00,40.1601,40.18,40.13,40.17,3092.0,1.0,0.0,0.0
2016-03-10,11:56:00,40.16,40.19,40.11,40.18,3496.0,1.0,0.0,0.0
2016-03-10,11:59:00,40.2,40.23,40.17,40.17,3596.0,1.0,0.0,0.0
2016-03-10,12:02:00,40.14,40.27,40.1,40.25,3466.0,1.0,0.0,0.0
2016-03-10,12:05:00,40.24,40.26,40.21,40.21,1270.0,1.0,0.0,0.0
2016-03-10,12:08:00,40.23,40.27,40.21,40.22,3520.0,1.0,0.0,0.0
2016-03-10,12:11:00,40.23,40.27,40.23,40.235,1852.0,1.0,0.0,0.0
2016-03-10,12:14:00,40.25,40.26,40.23,40.26,1985.0,1.0,0.0,0.0
2016-03-10,12:17:00,40.25,40.32,40.24,40.32,5899.0,1.0,0.0,0.0
2016-03-10,12:20:00,40.31,40.37,40.26,40.33,8698.0,1.0,0.0,0.0
2016-03-10,12:23:00,40.34,40.34,40.22,40.22,2435.0,1.0,0.0,0.0
2016-03-10,12:26:00,40.21,40.21,40.18,40.18,2826.0,1.0,0.0,0.0
2016-03-10,12:29:00,40.2,40.23,40.1801,40.2,1663.0,1.0,0.0,0.0
2016-03-10,12:33:00,40.216,40.216,40.17,40.2,2606.0,1.0,0.0,0.0
2016-03-10,12:36:00,40.2,40.225,40.17,40.175,3269.0,1.0,0.0,0.0
2016-03-10,12:39:00,40.16,40.166,40.13,40.135,801.0,1.0,0.0,0.0
2016-03-10,12:42:00,40.14,40.14,40.09,40.13,2151.0,1.0,0.0,0.0
2016-03-10,12:46:00,40.12,40.13,40.06,40.07,1999.0,1.0,0.0,0.0
2016-03-10,12:49:00,40.08,40.15,40.08,40.11,2228.0,1.0,0.0,0.0
2016-03-10,12:52:00,40.1086,40.16,40.08,40.1397,4246.0,1.0,0.0,0.0
2016-03-10,12:55:00,40.12,40.17,40.11,40.17,2246.0,1.0,0.0,0.0
2016-03-10,12:58:00,40.1717,40.2,40.13,40.2,825.0,1.0,0.0,0.0
2016-03-10,13:01:00,40.17,40.21,40.14,40.19,1850.0,1.0,0.0,0.0
2016-03-10,13:05:00,40.17,40.2,40.17,40.2,715.0,1.0,0.0,0.0
2016-03-10,13:08:00,40.18,40.2,40.14,40.14,2241.0,1.0,0.0,0.0
2016-03-10,13:11:00,40.1345,40.16,40.115,40.12,1895.0,1.0,0.0,0.0
2016-03-10,13:14:00,40.12,40.13,40.08,40.1,2043.0,1.0,0.0,0.0
2016-03-10,13:19:00,40.13,40.22,40.13,40.17,3362.0,1.0,0.0,0.0
2016-03-10,13:23:00,40.18,40.19,40.17,40.19,1771.0,1.0,0.0,0.0
2016-03-10,13:26:00,40.18,40.21,40.15,40.21,2577.0,1.0,0.0,0.0
2016-03-10,13:30:00,40.23,40.26,40.21,40.24,2441.0,1.0,0.0,0.0
2016-03-10,13:33:00,40.24,40.33,40.23,40.33,1135.0,1.0,0.0,0.0
2016-03-10,13:36:00,40.34,40.34,40.32,40.33,1019.0,1.0,0.0,0.0
2016-03-10,13:39:00,40.33,40.34,40.29,40.32,685.0,1.0,0.0,0.0
2016-03-10,13:42:00,40.32,40.35,40.31,40.35,3951.0,1.0,0.0,0.0
2016-03-10,13:45:00,40.37,40.37,40.33,40.37,2551.0,1.0,0.0,0.0
2016-03-10,13:48:00,40.36,40.38,40.3599,40.38,1224.0,1.0,0.0,0.0
2016-03-10,13:51:00,40.38,40.39,40.35,40.38,826.0,1.0,0.0,0.0
2016-03-10,13:54:00,40.4,40.43,40.4,40.41,1004.0,1.0,0.0,0.0
2016-03-10,13:57:00,40.43,40.46,40.42,40.43,2153.0,1.0,0.0,0.0
2016-03-10,14:00:00,40.42,40.42,40.36,40.39,6281.0,1.0,0.0,0.0
2016-03-10,14:03:00,40.38,40.41,40.29,40.3,29206.0,1.0,0.0,0.0
2016-03-10,14:06:00,40.29,40.3,40.28,40.28,3579.0,1.0,0.0,0.0
2016-03-10,14:09:00,40.27,40.27,40.21,40.22,3384.0,1.0,0.0,0.0
2016-03-10,14:12:00,40.21,40.21,40.08,40.15,9138.0,1.0,0.0,0.0
2016-03-10,14:15:00,40.17,40.23,40.17,40.23,2280.0,1.0,0.0,0.0
2016-03-10,14:18:00,40.23,40.28,40.22,40.27,4581.0,1.0,0.0,0.0
2016-03-10,14:21:00,40.26,40.26,40.25,40.26,1256.0,1.0,0.0,0.0
2016-03-10,14:24:00,40.26,40.32,40.26,40.31,2819.0,1.0,0.0,0.0
2016-03-10,14:27:00,40.32,40.32,40.27,40.3,3860.0,1.0,0.0,0.0
2016-03-10,14:30:00,40.32,40.39,40.32,40.39,1937.0,1.0,0.0,0.0
2016-03-10,14:34:00,40.4,40.41,40.35,40.36,2828.0,1.0,0.0,0.0
2016-03-10,14:37:00,40.365,40.39,40.36,40.36,2441.0,1.0,0.0,0.0
2016-03-10,14:40:00,40.38,40.44,40.37,40.43,1439.0,1.0,0.0,0.0
2016-03-10,14:43:00,40.45,40.51,40.43,40.5,2566.0,1.0,0.0,0.0
2016-03-10,14:46:00,40.5,40.55,40.5,40.53,2965.0,1.0,0.0,0.0
2016-03-10,14:49:00,40.54,40.6,40.54,40.57,3660.0,1.0,0.0,0.0
2016-03-10,14:52:00,40.58,40.62,40.58,40.61,2348.0,1.0,0.0,0.0
2016-03-10,14:55:00,40.61,40.6199,40.53,40.57,3692.0,1.0,0.0,0.0
2016-03-10,14:58:00,40.58,40.6044,40.57,40.6,2154.0,1.0,0.0,0.0
2016-03-10,15:01:00,40.59,40.62,40.56,40.5747,4564.0,1.0,0.0,0.0
2016-03-10,15:04:00,40.56,40.58,40.53,40.56,3833.0,1.0,0.0,0.0
2016-03-10,15:07:00,40.57,40.58,40.53,40.57,3873.0,1.0,0.0,0.0
2016-03-10,15:10:00,40.55,40.56,40.49,40.5,3460.0,1.0,0.0,0.0
2016-03-10,15:13:00,40.51,40.53,40.49,40.51,1278.0,1.0,0.0,0.0
2016-03-10,15:16:00,40.51,40.646,40.51,40.6,5439.0,1.0,0.0,0.0
2016-03-10,15:19:00,40.62,40.63,40.6,40.61,3153.0,1.0,0.0,0.0
2016-03-10,15:22:00,40.59,40.61,40.54,40.55,4482.0,1.0,0.0,0.0
2016-03-10,15:25:00,40.5499,40.59,40.53,40.56,1743.0,1.0,0.0,0.0
2016-03-10,15:28:00,40.58,40.69,40.56,40.68,3261.0,1.0,0.0,0.0
2016-03-10,15:31:00,40.6733,40.68,40.64,40.65,4304.0,1.0,0.0,0.0
2016-03-10,15:34:00,40.66,40.66,40.61,40.64,5726.0,1.0,0.0,0.0
2016-03-10,15:37:00,40.62,40.64,40.58,40.58,4137.0,1.0,0.0,0.0
2016-03-10,15:40:00,40.58,40.62,40.52,40.52,7008.0,1.0,0.0,0.0
2016-03-10,15:43:00,40.52,40.56,40.5,40.54,6935.0,1.0,0.0,0.0
2016-03-10,15:46:00,40.55,40.55,40.51,40.53,4063.0,1.0,0.0,0.0
2016-03-10,15:49:00,40.5299,40.53,40.48,40.48,5165.0,1.0,0.0,0.0
2016-03-10,15:52:00,40.48,40.52,40.48,40.51,5751.0,1.0,0.0,0.0
2016-03-10,15:55:00,40.51,40.55,40.5,40.51,11107.0,1.0,0.0,0.0
2016-03-10,15:58:00,40.5,40.55,40.5,40.54,10614.0,1.0,0.0,0.0
2016-03-11,09:31:00,40.54,41.05,40.54,40.8751,16982.0,1.0,0.0,0.0
2016-03-11,09:35:00,41.03,41.05,40.915,40.95,4999.0,1.0,0.0,0.0
2016-03-11,09:38:00,41.085,41.1,40.92,41.02,5786.0,1.0,0.0,0.0
2016-03-11,09:41:00,41.03,41.21,41.03,41.21,4030.0,1.0,0.0,0.0
2016-03-11,09:44:00,41.14,41.14,41.02,41.14,1293.0,1.0,0.0,0.0
2016-03-11,09:47:00,41.17,41.21,41.08,41.21,1330.0,1.0,0.0,0.0
2016-03-11,09:50:00,41.18,41.27,41.12,41.27,5913.0,1.0,0.0,0.0
2016-03-11,09:54:00,41.27,41.32,41.26,41.32,2347.0,1.0,0.0,0.0
2016-03-11,09:58:00,41.33,41.33,41.27,41.31,1229.0,1.0,0.0,0.0
2016-03-11,10:01:00,41.3,41.3,41.22,41.25,3168.0,1.0,0.0,0.0
2016-03-11,10:05:00,41.22,41.28,41.2,41.28,2263.0,1.0,0.0,0.0
2016-03-11,10:08:00,41.28,41.31,41.16,41.16,5022.0,1.0,0.0,0.0
2016-03-11,10:11:00,41.15,41.27,41.08,41.24,24480.0,1.0,0.0,0.0
2016-03-11,10:14:00,41.23,41.46,41.23,41.46,19922.0,1.0,0.0,0.0
2016-03-11,10:17:00,41.45,41.45,41.28,41.33,14218.0,1.0,0.0,0.0
2016-03-11,10:20:00,41.38,41.56,41.31,41.52,25079.0,1.0,0.0,0.0
2016-03-11,10:23:00,41.53,41.66,41.49,41.66,15668.0,1.0,0.0,0.0
2016-03-11,10:26:00,41.65,41.7,41.62,41.67,19704.0,1.0,0.0,0.0
2016-03-11,10:29:00,41.66,41.7,41.61,41.68,7032.0,1.0,0.0,0.0
2016-03-11,10:32:00,41.66,41.81,41.66,41.79,14525.0,1.0,0.0,0.0
2016-03-11,10:35:00,41.81,41.82,41.77,41.82,1631.0,1.0,0.0,0.0
2016-03-11,10:38:00,41.82,41.8247,41.733000000000004,41.74,4442.0,1.0,0.0,0.0
2016-03-11,10:41:00,41.7225,41.75,41.71,41.71,1759.0,1.0,0.0,0.0
2016-03-11,10:44:00,41.72,41.78,41.66,41.66,3983.0,1.0,0.0,0.0
2016-03-11,10:47:00,41.64,41.74,41.64,41.68,8058.0,1.0,0.0,0.0
2016-03-11,10:50:00,41.67,41.67,41.6,41.61,1193.0,1.0,0.0,0.0
2016-03-11,10:54:00,41.6,41.68,41.59,41.68,5580.0,1.0,0.0,0.0
2016-03-11,10:57:00,41.65,41.71,41.64,41.66,5777.0,1.0,0.0,0.0
2016-03-11,11:00:00,41.63,41.7,41.61,41.7,3547.0,1.0,0.0,0.0
2016-03-11,11:03:00,41.71,41.74,41.69,41.74,3646.0,1.0,0.0,0.0
2016-03-11,11:06:00,41.7,41.71,41.65,41.68,3322.0,1.0,0.0,0.0
2016-03-11,11:09:00,41.69,41.74,41.69,41.72,2077.0,1.0,0.0,0.0
2016-03-11,11:12:00,41.74,41.79,41.73,41.76,1192.0,1.0,0.0,0.0
2016-03-11,11:16:00,41.78,41.82,41.76,41.78,2907.0,1.0,0.0,0.0
2016-03-11,11:19:00,41.77,41.79,41.74,41.76,5711.0,1.0,0.0,0.0
2016-03-11,11:22:00,41.77,41.77,41.72,41.73,2022.0,1.0,0.0,0.0
2016-03-11,11:25:00,41.72,41.75,41.72,41.75,569.0,1.0,0.0,0.0
2016-03-11,11:28:00,41.78,41.8,41.75,41.79,1400.0,1.0,0.0,0.0
2016-03-11,11:31:00,41.7901,41.81,41.76,41.81,2205.0,1.0,0.0,0.0
2016-03-11,11:34:00,41.81,41.87,41.81,41.87,5046.0,1.0,0.0,0.0
2016-03-11,11:37:00,41.84,41.87,41.83,41.84,1979.0,1.0,0.0,0.0
2016-03-11,11:40:00,41.84,41.86,41.81,41.84,4239.0,1.0,0.0,0.0
2016-03-11,11:43:00,41.83,41.83,41.78,41.79,1720.0,1.0,0.0,0.0
2016-03-11,11:47:00,41.8,41.81,41.77,41.77,1627.0,1.0,0.0,0.0
2016-03-11,11:50:00,41.76,41.77,41.73,41.74,2489.0,1.0,0.0,0.0
2016-03-11,11:53:00,41.74,41.76,41.7,41.748000000000005,2429.0,1.0,0.0,0.0
2016-03-11,11:56:00,41.75,41.82,41.748999999999995,41.82,1003.0,1.0,0.0,0.0
2016-03-11,11:59:00,41.82,41.82,41.76,41.77,1709.0,1.0,0.0,0.0
2016-03-11,12:02:00,41.76,41.76,41.72,41.72,1045.0,1.0,0.0,0.0
2016-03-11,12:05:00,41.72,41.75,41.71,41.72,1216.0,1.0,0.0,0.0
2016-03-11,12:08:00,41.71,41.74,41.71,41.74,121.0,1.0,0.0,0.0
2016-03-11,12:12:00,41.75,41.79,41.75,41.79,2315.0,1.0,0.0,0.0
2016-03-11,12:15:00,41.8,41.82,41.79,41.8,1812.0,1.0,0.0,0.0
2016-03-11,12:18:00,41.81,41.85,41.81,41.84,2082.0,1.0,0.0,0.0
2016-03-11,12:21:00,41.85,41.88,41.83,41.87,19917.0,1.0,0.0,0.0
2016-03-11,12:24:00,41.85,41.89,41.83,41.88,13921.0,1.0,0.0,0.0
2016-03-11,12:27:00,41.86,41.89,41.83,41.873999999999995,4689.0,1.0,0.0,0.0
2016-03-11,12:30:00,41.89,41.925,41.87,41.89,1742.0,1.0,0.0,0.0
2016-03-11,12:33:00,41.89,41.89,41.81,41.86,12227.0,1.0,0.0,0.0
2016-03-11,12:37:00,41.86,41.86,41.84,41.86,4802.0,1.0,0.0,0.0
2016-03-11,12:40:00,41.86,41.87,41.82,41.82,29175.0,1.0,0.0,0.0
2016-03-11,12:44:00,41.82,41.82,41.75,41.75,1001.0,1.0,0.0,0.0
2016-03-11,12:47:00,41.7599,41.7599,41.69,41.716,2778.0,1.0,0.0,0.0
2016-03-11,12:50:00,41.73,41.74,41.73,41.73,1616.0,1.0,0.0,0.0
2016-03-11,12:53:00,41.72,41.78,41.72,41.78,2079.0,1.0,0.0,0.0
2016-03-11,12:56:00,41.77,41.77,41.7,41.75,7279.0,1.0,0.0,0.0
2016-03-11,12:59:00,41.7262,41.75,41.72,41.72,647.0,1.0,0.0,0.0
2016-03-11,13:02:00,41.72,41.72,41.58,41.61,9843.0,1.0,0.0,0.0
2016-03-11,13:05:00,41.5701,41.62,41.52,41.62,6264.0,1.0,0.0,0.0
2016-03-11,13:08:00,41.61,41.61,41.5,41.51,4779.0,1.0,0.0,0.0
2016-03-11,13:11:00,41.5,41.55,41.44,41.55,6587.0,1.0,0.0,0.0
2016-03-11,13:14:00,41.55,41.57,41.53,41.57,1563.0,1.0,0.0,0.0
2016-03-11,13:17:00,41.56,41.59,41.44,41.54,32013.0,1.0,0.0,0.0
2016-03-11,13:20:00,41.52,41.57,41.52,41.57,5023.0,1.0,0.0,0.0
2016-03-11,13:23:00,41.57,41.57,41.53,41.55,2991.0,1.0,0.0,0.0
2016-03-11,13:26:00,41.55,41.56,41.52,41.555,5837.0,1.0,0.0,0.0
2016-03-11,13:29:00,41.57,41.6,41.57,41.5701,1068.0,1.0,0.0,0.0
2016-03-11,13:33:00,41.58,41.64,41.58,41.64,1743.0,1.0,0.0,0.0
2016-03-11,13:36:00,41.63,41.63,41.61,41.61,679.0,1.0,0.0,0.0
2016-03-11,13:39:00,41.6,41.62,41.6,41.61,1658.0,1.0,0.0,0.0
2016-03-11,13:42:00,41.6,41.61,41.59,41.59,766.0,1.0,0.0,0.0
2016-03-11,13:45:00,41.58,41.59,41.57,41.57,2203.0,1.0,0.0,0.0
2016-03-11,13:48:00,41.58,41.6,41.57,41.586000000000006,2861.0,1.0,0.0,0.0
2016-03-11,13:51:00,41.581,41.61,41.58,41.5946,3025.0,1.0,0.0,0.0
2016-03-11,13:54:00,41.59,41.62,41.59,41.6,1572.0,1.0,0.0,0.0
2016-03-11,13:57:00,41.6045,41.68,41.6045,41.6602,2549.0,1.0,0.0,0.0
2016-03-11,14:01:00,41.65,41.65,41.61,41.64,1527.0,1.0,0.0,0.0
2016-03-11,14:04:00,41.64,41.67,41.64,41.67,1227.0,1.0,0.0,0.0
2016-03-11,14:08:00,41.67,41.67,41.64,41.6575,1382.0,1.0,0.0,0.0
2016-03-11,14:12:00,41.6301,41.65,41.63,41.63,1567.0,1.0,0.0,0.0
2016-03-11,14:15:00,41.64,41.65,41.62,41.62,1160.0,1.0,0.0,0.0
2016-03-11,14:19:00,41.63,41.63,41.61,41.61,2479.0,1.0,0.0,0.0
2016-03-11,14:22:00,41.62,41.62,41.58,41.58,4180.0,1.0,0.0,0.0
2016-03-11,14:25:00,41.59,41.6,41.59,41.6,1083.0,1.0,0.0,0.0
2016-03-11,14:28:00,41.6,41.63,41.59,41.59,2343.0,1.0,0.0,0.0
2016-03-11,14:31:00,41.59,41.59,41.58,41.5833,1500.0,1.0,0.0,0.0
2016-03-11,14:34:00,41.58,41.6,41.58,41.6,2024.0,1.0,0.0,0.0
2016-03-11,14:37:00,41.6,41.6,41.58,41.59,2807.0,1.0,0.0,0.0
2016-03-11,14:40:00,41.59,41.59,41.55,41.55,1824.0,1.0,0.0,0.0
2016-03-11,14:44:00,41.55,41.56,41.54,41.55,3532.0,1.0,0.0,0.0
2016-03-11,14:47:00,41.5551,41.58,41.5551,41.58,1767.0,1.0,0.0,0.0
2016-03-11,14:50:00,41.586000000000006,41.59,41.57,41.57,1102.0,1.0,0.0,0.0
2016-03-11,14:54:00,41.58,41.58,41.56,41.57,1757.0,1.0,0.0,0.0
2016-03-11,14:57:00,41.56,41.58,41.54,41.54,10605.0,1.0,0.0,0.0
2016-03-11,15:00:00,41.54,41.56,41.54,41.56,1547.0,1.0,0.0,0.0
2016-03-11,15:04:00,41.5526,41.59,41.55,41.59,2770.0,1.0,0.0,0.0
2016-03-11,15:07:00,41.59,41.63,41.57,41.62,3954.0,1.0,0.0,0.0
2016-03-11,15:10:00,41.6,41.65,41.6,41.65,1726.0,1.0,0.0,0.0
2016-03-11,15:13:00,41.65,41.69,41.64,41.69,5827.0,1.0,0.0,0.0
2016-03-11,15:16:00,41.68,41.68,41.6113,41.64,3509.0,1.0,0.0,0.0
2016-03-11,15:19:00,41.64,41.64,41.62,41.63,2762.0,1.0,0.0,0.0
2016-03-11,15:22:00,41.631,41.66,41.63,41.65,3013.0,1.0,0.0,0.0
2016-03-11,15:25:00,41.67,41.68,41.66,41.66,2876.0,1.0,0.0,0.0
2016-03-11,15:28:00,41.66,41.68,41.65,41.67,2140.0,1.0,0.0,0.0
2016-03-11,15:31:00,41.69,41.69,41.67,41.67,3186.0,1.0,0.0,0.0
2016-03-11,15:34:00,41.66,41.67,41.64,41.65,3665.0,1.0,0.0,0.0
2016-03-11,15:37:00,41.66,41.66,41.64,41.65,3302.0,1.0,0.0,0.0
2016-03-11,15:40:00,41.65,41.68,41.64,41.66,6993.0,1.0,0.0,0.0
2016-03-11,15:43:00,41.66,41.73,41.66,41.72,8443.0,1.0,0.0,0.0
2016-03-11,15:46:00,41.73,41.82,41.73,41.74,11860.0,1.0,0.0,0.0
2016-03-11,15:49:00,41.75,41.76,41.73,41.73,5356.0,1.0,0.0,0.0
2016-03-11,15:52:00,41.74,41.75,41.72,41.74,5201.0,1.0,0.0,0.0
2016-03-11,15:55:00,41.73,41.74,41.7,41.71,10407.0,1.0,0.0,0.0
2016-03-11,15:58:00,41.71,41.78,41.7,41.76,19284.0,1.0,0.0,0.0
2016-03-14,09:31:00,41.76,41.78,41.285,41.64,26451.0,1.0,0.0,0.0
2016-03-14,09:34:00,41.67,41.67,41.4,41.4,4528.0,1.0,0.0,0.0
2016-03-14,09:37:00,41.44,41.49,41.34,41.46,13910.0,1.0,0.0,0.0
2016-03-14,09:40:00,41.48,41.51,41.41,41.48,2939.0,1.0,0.0,0.0
2016-03-14,09:43:00,41.55,41.57899999999999,41.49,41.52,409.0,1.0,0.0,0.0
2016-03-14,09:46:00,41.52,41.55,41.41,41.41,3740.0,1.0,0.0,0.0
2016-03-14,09:49:00,41.38,41.38,41.26,41.31,404.0,1.0,0.0,0.0
2016-03-14,09:52:00,41.2,41.2,41.0,41.04,11615.0,1.0,0.0,0.0
2016-03-14,09:55:00,41.04,41.08,40.93,41.05,10786.0,1.0,0.0,0.0
2016-03-14,09:58:00,41.07,41.15,41.02,41.02,4284.0,1.0,0.0,0.0
2016-03-14,10:02:00,41.03,41.04,40.98,41.0,7362.0,1.0,0.0,0.0
2016-03-14,10:05:00,41.03,41.15,41.03,41.1,1836.0,1.0,0.0,0.0
2016-03-14,10:09:00,41.09,41.15,41.08,41.095,3539.0,1.0,0.0,0.0
2016-03-14,10:12:00,41.08,41.1,40.98,40.99,15149.0,1.0,0.0,0.0
2016-03-14,10:15:00,40.97,41.115,40.97,41.1,8886.0,1.0,0.0,0.0
2016-03-14,10:18:00,41.1,41.13,41.05,41.05,2291.0,1.0,0.0,0.0
2016-03-14,10:21:00,41.08,41.13,41.05,41.05,8281.0,1.0,0.0,0.0
2016-03-14,10:24:00,41.07,41.09,41.04,41.05,2638.0,1.0,0.0,0.0
2016-03-14,10:27:00,41.07,41.16,41.07,41.11,3767.0,1.0,0.0,0.0
2016-03-14,10:30:00,41.14,41.17,41.1,41.17,1713.0,1.0,0.0,0.0
2016-03-14,10:33:00,41.2,41.25,41.2,41.205,3045.0,1.0,0.0,0.0
2016-03-14,10:36:00,41.19,41.21,41.17,41.2,3008.0,1.0,0.0,0.0
2016-03-14,10:39:00,41.17,41.19,41.11,41.12,4084.0,1.0,0.0,0.0
2016-03-14,10:42:00,41.13,41.19,41.13,41.165,2420.0,1.0,0.0,0.0
2016-03-14,10:45:00,41.18,41.31,41.18,41.3,2676.0,1.0,0.0,0.0
2016-03-14,10:48:00,41.305,41.36,41.305,41.31,1141.0,1.0,0.0,0.0
2016-03-14,10:51:00,41.29,41.29,41.26,41.27,1306.0,1.0,0.0,0.0
2016-03-14,10:54:00,41.26,41.345,41.26,41.31,1172.0,1.0,0.0,0.0
2016-03-14,10:57:00,41.2925,41.33,41.25,41.25,1896.0,1.0,0.0,0.0
2016-03-14,11:00:00,41.23,41.24,41.19,41.24,2276.0,1.0,0.0,0.0
2016-03-14,11:03:00,41.24,41.28,41.24,41.24,2139.0,1.0,0.0,0.0
2016-03-14,11:07:00,41.2399,41.2399,41.16,41.2,5134.0,1.0,0.0,0.0
2016-03-14,11:10:00,41.21,41.23,41.15,41.19,6869.0,1.0,0.0,0.0
2016-03-14,11:13:00,41.1899,41.24,41.185,41.21,1171.0,1.0,0.0,0.0
2016-03-14,11:17:00,41.2,41.2,41.17,41.2,1411.0,1.0,0.0,0.0
2016-03-14,11:20:00,41.21,41.24,41.2,41.21,1134.0,1.0,0.0,0.0
2016-03-14,11:26:00,41.25,41.25,41.18,41.1801,3115.0,1.0,0.0,0.0
2016-03-14,11:29:00,41.18,41.2,41.12,41.13,1908.0,1.0,0.0,0.0
2016-03-14,11:32:00,41.12,41.15,41.1,41.13,1602.0,1.0,0.0,0.0
2016-03-14,11:35:00,41.15,41.15,41.12,41.14,705.0,1.0,0.0,0.0
2016-03-14,11:38:00,41.15,41.21,41.15,41.18,1769.0,1.0,0.0,0.0
2016-03-14,11:41:00,41.196999999999996,41.24,41.196999999999996,41.21,1534.0,1.0,0.0,0.0
2016-03-14,11:46:00,41.22,41.23,41.18,41.18,1008.0,1.0,0.0,0.0
2016-03-14,11:50:00,41.19,41.22,41.19,41.22,1668.0,1.0,0.0,0.0
2016-03-14,11:53:00,41.21,41.24,41.2,41.24,29251.0,1.0,0.0,0.0
2016-03-14,11:56:00,41.26,41.31,41.24,41.245,5353.0,1.0,0.0,0.0
2016-03-14,11:59:00,41.24,41.27,41.24,41.27,1446.0,1.0,0.0,0.0
2016-03-14,12:02:00,41.277,41.29,41.26,41.29,1373.0,1.0,0.0,0.0
2016-03-14,12:05:00,41.29,41.3,41.2521,41.27,1389.0,1.0,0.0,0.0
2016-03-14,12:08:00,41.29,41.35,41.28,41.33,1395.0,1.0,0.0,0.0
2016-03-14,12:11:00,41.35,41.36,41.33,41.36,306.0,1.0,0.0,0.0
2016-03-14,12:17:00,41.3301,41.35,41.3,41.35,4558.0,1.0,0.0,0.0
2016-03-14,12:20:00,41.36,41.42,41.34,41.4,5123.0,1.0,0.0,0.0
2016-03-14,12:23:00,41.4,41.42,41.38,41.417,7401.0,1.0,0.0,0.0
2016-03-14,12:26:00,41.4,41.4,41.35,41.35,3234.0,1.0,0.0,0.0
2016-03-14,12:29:00,41.37,41.4,41.32,41.37,17694.0,1.0,0.0,0.0
2016-03-14,12:32:00,41.37,41.3749,41.33,41.36,2603.0,1.0,0.0,0.0
2016-03-14,12:35:00,41.38,41.4,41.38,41.39,981.0,1.0,0.0,0.0
2016-03-14,12:38:00,41.37,41.41,41.37,41.41,408.0,1.0,0.0,0.0
2016-03-14,12:41:00,41.385,41.4,41.385,41.39,300.0,1.0,0.0,0.0
2016-03-14,12:44:00,41.39,41.41,41.37,41.39,4329.0,1.0,0.0,0.0
2016-03-14,12:47:00,41.39,41.39,41.37,41.37,216.0,1.0,0.0,0.0
2016-03-14,12:50:00,41.39,41.4,41.3701,41.4,1734.0,1.0,0.0,0.0
2016-03-14,12:53:00,41.39,41.41,41.38,41.38,2309.0,1.0,0.0,0.0
2016-03-14,12:56:00,41.4,41.5,41.4,41.461000000000006,9713.0,1.0,0.0,0.0
2016-03-14,12:59:00,41.45,41.47,41.45,41.45,900.0,1.0,0.0,0.0
2016-03-14,13:02:00,41.45,41.45,41.4201,41.44,1221.0,1.0,0.0,0.0
2016-03-14,13:05:00,41.47,41.53,41.47,41.51,2073.0,1.0,0.0,0.0
2016-03-14,13:08:00,41.53,41.58,41.53,41.57,517.0,1.0,0.0,0.0
2016-03-14,13:13:00,41.58,41.6,41.56,41.57,3252.0,1.0,0.0,0.0
2016-03-14,13:16:00,41.57,41.58,41.56,41.56,2112.0,1.0,0.0,0.0
2016-03-14,13:19:00,41.57,41.58,41.55,41.55,630.0,1.0,0.0,0.0
2016-03-14,13:22:00,41.56,41.611000000000004,41.56,41.59,1170.0,1.0,0.0,0.0
2016-03-14,13:25:00,41.62,41.62,41.59,41.62,1867.0,1.0,0.0,0.0
2016-03-14,13:28:00,41.635,41.67,41.62,41.63,1513.0,1.0,0.0,0.0
2016-03-14,13:31:00,41.63,41.63,41.61,41.61,421.0,1.0,0.0,0.0
2016-03-14,13:34:00,41.61,41.64,41.6025,41.64,1311.0,1.0,0.0,0.0
2016-03-14,13:37:00,41.65,41.66,41.63,41.63,5190.0,1.0,0.0,0.0
2016-03-14,13:42:00,41.64,41.65,41.62,41.64,3815.0,1.0,0.0,0.0
2016-03-14,13:45:00,41.65,41.65,41.6,41.6,1226.0,1.0,0.0,0.0
2016-03-14,13:48:00,41.61,41.62,41.58,41.62,1015.0,1.0,0.0,0.0
2016-03-14,13:52:00,41.6,41.61,41.59,41.6,1968.0,1.0,0.0,0.0
2016-03-14,13:55:00,41.62,41.62,41.59,41.59,2124.0,1.0,0.0,0.0
2016-03-14,13:58:00,41.58,41.59,41.56,41.57,3479.0,1.0,0.0,0.0
2016-03-14,14:01:00,41.56,41.56,41.54,41.54,1970.0,1.0,0.0,0.0
2016-03-14,14:06:00,41.5301,41.56,41.52,41.52,1141.0,1.0,0.0,0.0
2016-03-14,14:09:00,41.52,41.56,41.52,41.56,2045.0,1.0,0.0,0.0
2016-03-14,14:12:00,41.56,41.5625,41.54,41.56,1375.0,1.0,0.0,0.0
2016-03-14,14:15:00,41.55,41.56,41.54,41.5401,2673.0,1.0,0.0,0.0
2016-03-14,14:18:00,41.56,41.568999999999996,41.538999999999994,41.5399,1383.0,1.0,0.0,0.0
2016-03-14,14:21:00,41.55,41.58,41.55,41.57,2416.0,1.0,0.0,0.0
2016-03-14,14:24:00,41.57,41.62,41.57,41.61,2004.0,1.0,0.0,0.0
2016-03-14,14:27:00,41.61,41.61,41.57,41.59,1135.0,1.0,0.0,0.0
2016-03-14,14:30:00,41.6017,41.62,41.58,41.61,1202.0,1.0,0.0,0.0
2016-03-14,14:34:00,41.62,41.64,41.62,41.64,1208.0,1.0,0.0,0.0
2016-03-14,14:37:00,41.64,41.65,41.64,41.64,1247.0,1.0,0.0,0.0
2016-03-14,14:40:00,41.66,41.68,41.66,41.6756,4666.0,1.0,0.0,0.0
2016-03-14,14:43:00,41.68,41.68,41.66,41.67,2316.0,1.0,0.0,0.0
2016-03-14,14:47:00,41.66,41.66,41.6,41.61,8354.0,1.0,0.0,0.0
2016-03-14,14:51:00,41.6,41.61,41.59,41.6,2649.0,1.0,0.0,0.0
2016-03-14,14:54:00,41.59,41.599,41.58,41.599,1225.0,1.0,0.0,0.0
2016-03-14,14:57:00,41.59,41.59,41.58,41.58,647.0,1.0,0.0,0.0
2016-03-14,15:00:00,41.57,41.59,41.5664,41.57,1300.0,1.0,0.0,0.0
2016-03-14,15:03:00,41.56,41.58,41.5401,41.56,3653.0,1.0,0.0,0.0
2016-03-14,15:07:00,41.56,41.57,41.559,41.559,913.0,1.0,0.0,0.0
2016-03-14,15:11:00,41.55,41.55,41.53,41.54,1285.0,1.0,0.0,0.0
2016-03-14,15:15:00,41.53,41.56,41.53,41.54,3647.0,1.0,0.0,0.0
2016-03-14,15:18:00,41.53,41.54,41.53,41.54,1540.0,1.0,0.0,0.0
2016-03-14,15:21:00,41.54,41.55,41.53,41.55,1728.0,1.0,0.0,0.0
2016-03-14,15:24:00,41.54,41.57,41.54,41.57,1488.0,1.0,0.0,0.0
2016-03-14,15:27:00,41.57,41.625,41.57,41.61,4401.0,1.0,0.0,0.0
2016-03-14,15:30:00,41.6,41.62,41.58,41.58,3354.0,1.0,0.0,0.0
2016-03-14,15:33:00,41.59,41.62,41.58,41.59,6430.0,1.0,0.0,0.0
2016-03-14,15:36:00,41.6,41.61,41.57,41.58,6487.0,1.0,0.0,0.0
2016-03-14,15:39:00,41.6,41.62,41.5801,41.62,4971.0,1.0,0.0,0.0
2016-03-14,15:42:00,41.61,41.65,41.61,41.62,5441.0,1.0,0.0,0.0
2016-03-14,15:45:00,41.62,41.63,41.58,41.59,7071.0,1.0,0.0,0.0
2016-03-14,15:48:00,41.6,41.61,41.58,41.59,5337.0,1.0,0.0,0.0
2016-03-14,15:51:00,41.58,41.59,41.56,41.59,10148.0,1.0,0.0,0.0
2016-03-14,15:54:00,41.59,41.6,41.57,41.57,8113.0,1.0,0.0,0.0
2016-03-14,15:57:00,41.57,41.58,41.56,41.58,12882.0,1.0,0.0,0.0
2016-03-15,09:30:00,41.57,41.58,40.9,41.1092,24321.0,1.0,0.0,0.0
2016-03-15,09:33:00,41.1,41.32,41.04,41.32,25653.0,1.0,0.0,0.0
2016-03-15,09:36:00,41.315,41.315,41.1,41.18,36718.0,1.0,0.0,0.0
2016-03-15,09:39:00,41.19,41.21,40.96,41.05,23796.0,1.0,0.0,0.0
2016-03-15,09:42:00,41.07,41.5,41.03,41.5,12645.0,1.0,0.0,0.0
2016-03-15,09:45:00,41.44,41.5,41.28,41.405,3548.0,1.0,0.0,0.0
2016-03-15,09:48:00,41.4575,41.5,41.35,41.35,4088.0,1.0,0.0,0.0
2016-03-15,09:51:00,41.39,41.47,41.38,41.44,5806.0,1.0,0.0,0.0
2016-03-15,09:54:00,41.46,41.5,41.38,41.42,4413.0,1.0,0.0,0.0
2016-03-15,09:57:00,41.42,41.55,41.41,41.47,5855.0,1.0,0.0,0.0
2016-03-15,10:00:00,41.48,41.51,41.44,41.44,1175.0,1.0,0.0,0.0
2016-03-15,10:03:00,41.44,41.45,41.3101,41.39,4135.0,1.0,0.0,0.0
2016-03-15,10:06:00,41.36,41.46,41.34,41.44,7638.0,1.0,0.0,0.0
2016-03-15,10:09:00,41.42,41.45,41.19,41.2636,15746.0,1.0,0.0,0.0
2016-03-15,10:13:00,41.26,41.39,41.26,41.39,1625.0,1.0,0.0,0.0
2016-03-15,10:16:00,41.41,41.41,41.32,41.32,2306.0,1.0,0.0,0.0
2016-03-15,10:19:00,41.31,41.31,41.21,41.22,4542.0,1.0,0.0,0.0
2016-03-15,10:23:00,41.21,41.27,41.19,41.26,7385.0,1.0,0.0,0.0
2016-03-15,10:27:00,41.25,41.33,41.23,41.33,2362.0,1.0,0.0,0.0
2016-03-15,10:30:00,41.33,41.37,41.31,41.33,2522.0,1.0,0.0,0.0
2016-03-15,10:33:00,41.355,41.38,41.3101,41.33,2912.0,1.0,0.0,0.0
2016-03-15,10:37:00,41.35,41.35,41.18,41.18,5100.0,1.0,0.0,0.0
2016-03-15,10:42:00,41.2,41.24,41.16,41.215,3372.0,1.0,0.0,0.0
2016-03-15,10:45:00,41.2,41.21,41.1695,41.18,2336.0,1.0,0.0,0.0
2016-03-15,10:48:00,41.14,41.19,41.1201,41.19,5632.0,1.0,0.0,0.0
2016-03-15,10:51:00,41.18,41.18,41.08,41.095,5815.0,1.0,0.0,0.0
2016-03-15,10:54:00,41.08,41.08,41.0,41.0,2220.0,1.0,0.0,0.0
2016-03-15,10:57:00,40.99,41.02,40.97,40.99,1399.0,1.0,0.0,0.0
2016-03-15,11:00:00,41.02,41.104,41.01,41.07,4482.0,1.0,0.0,0.0
2016-03-15,11:03:00,41.07,41.07,40.97,41.0,31061.0,1.0,0.0,0.0
2016-03-15,11:06:00,41.0,41.0,40.96,40.99,16879.0,1.0,0.0,0.0
2016-03-15,11:09:00,40.9888,41.06,40.9888,41.05,3673.0,1.0,0.0,0.0
2016-03-15,11:12:00,41.04,41.05,41.01,41.02,1901.0,1.0,0.0,0.0
2016-03-15,11:16:00,41.01,41.06,41.0,41.04,2815.0,1.0,0.0,0.0
2016-03-15,11:19:00,41.07,41.07,41.0,41.02,2836.0,1.0,0.0,0.0
2016-03-15,11:23:00,41.02,41.1,41.02,41.05,2454.0,1.0,0.0,0.0
2016-03-15,11:27:00,41.03,41.05,41.0,41.02,1821.0,1.0,0.0,0.0
2016-03-15,11:30:00,41.02,41.07,40.99,41.05,960.0,1.0,0.0,0.0
2016-03-15,11:33:00,41.0567,41.09,41.03,41.03,2298.0,1.0,0.0,0.0
2016-03-15,11:37:00,41.03,41.05,40.98,40.98,5410.0,1.0,0.0,0.0
2016-03-15,11:41:00,41.01,41.01,40.94,40.96,2655.0,1.0,0.0,0.0
2016-03-15,11:44:00,40.96,41.0,40.96,40.98,4958.0,1.0,0.0,0.0
2016-03-15,11:47:00,40.97,40.98,40.97,40.9741,1079.0,1.0,0.0,0.0
2016-03-15,11:51:00,40.96,40.98,40.95,40.97,2982.0,1.0,0.0,0.0
2016-03-15,11:56:00,40.99,41.0,40.96,40.97,2935.0,1.0,0.0,0.0
2016-03-15,11:59:00,40.98,40.99,40.9501,40.96,2515.0,1.0,0.0,0.0
2016-03-15,12:02:00,40.94,40.97,40.93,40.95,1548.0,1.0,0.0,0.0
2016-03-15,12:06:00,40.96,40.97,40.94,40.97,1078.0,1.0,0.0,0.0
2016-03-15,12:10:00,40.95,40.965,40.92,40.94,1723.0,1.0,0.0,0.0
2016-03-15,12:14:00,40.94,40.97,40.89,40.89,2633.0,1.0,0.0,0.0
2016-03-15,12:18:00,40.88,40.91,40.87,40.87,2118.0,1.0,0.0,0.0
2016-03-15,12:22:00,40.87,40.91,40.8601,40.91,1620.0,1.0,0.0,0.0
2016-03-15,12:26:00,40.91,40.91,40.89,40.89,699.0,1.0,0.0,0.0
2016-03-15,12:31:00,40.91,40.94,40.89,40.94,1810.0,1.0,0.0,0.0
2016-03-15,12:34:00,40.94,40.94,40.88,40.88,2130.0,1.0,0.0,0.0
2016-03-15,12:39:00,40.89,40.91,40.87,40.87,1457.0,1.0,0.0,0.0
2016-03-15,12:44:00,40.872,40.89,40.86,40.89,1533.0,1.0,0.0,0.0
2016-03-15,12:47:00,40.89,40.91,40.89,40.91,504.0,1.0,0.0,0.0
2016-03-15,12:51:00,40.89,40.92,40.89,40.9,1114.0,1.0,0.0,0.0
2016-03-15,12:54:00,40.91,40.93,40.91,40.93,603.0,1.0,0.0,0.0
2016-03-15,12:58:00,40.93,40.95,40.92,40.9398,3070.0,1.0,0.0,0.0
2016-03-15,13:01:00,40.94,40.96,40.94,40.96,2050.0,1.0,0.0,0.0
2016-03-15,13:04:00,40.97,41.01,40.97,41.0,1691.0,1.0,0.0,0.0
2016-03-15,13:08:00,41.0,41.01,40.99,40.99,586.0,1.0,0.0,0.0
2016-03-15,13:11:00,40.99,40.99,40.96,40.97,1291.0,1.0,0.0,0.0
2016-03-15,13:14:00,40.97,41.0,40.97,40.983999999999995,1256.0,1.0,0.0,0.0
2016-03-15,13:17:00,40.9701,41.0,40.97,41.0,146.0,1.0,0.0,0.0
2016-03-15,13:20:00,41.0,41.01,40.98,41.0,2905.0,1.0,0.0,0.0
2016-03-15,13:23:00,41.01,41.06,41.0001,41.02,2867.0,1.0,0.0,0.0
2016-03-15,13:26:00,41.04,41.07,41.04,41.05,669.0,1.0,0.0,0.0
2016-03-15,13:29:00,41.06,41.11,41.06,41.09,1284.0,1.0,0.0,0.0
2016-03-15,13:32:00,41.1,41.15,41.1,41.12,906.0,1.0,0.0,0.0
2016-03-15,13:35:00,41.14,41.17,41.09,41.12,4379.0,1.0,0.0,0.0
2016-03-15,13:38:00,41.11,41.11,41.08,41.1,889.0,1.0,0.0,0.0
2016-03-15,13:43:00,41.1,41.14,41.1,41.14,2009.0,1.0,0.0,0.0
2016-03-15,13:46:00,41.14,41.17,41.13,41.14,2140.0,1.0,0.0,0.0
2016-03-15,13:49:00,41.13,41.15,41.11,41.14,1075.0,1.0,0.0,0.0
2016-03-15,13:52:00,41.15,41.17,41.13,41.17,2447.0,1.0,0.0,0.0
2016-03-15,13:55:00,41.18,41.2099,41.16,41.2099,768.0,1.0,0.0,0.0
2016-03-15,13:58:00,41.18899999999999,41.22,41.18899999999999,41.22,1099.0,1.0,0.0,0.0
2016-03-15,14:01:00,41.2139,41.25,41.2,41.2184,2295.0,1.0,0.0,0.0
2016-03-15,14:05:00,41.2322,41.24,41.2089,41.2089,1800.0,1.0,0.0,0.0
2016-03-15,14:08:00,41.23,41.23,41.18,41.19,1765.0,1.0,0.0,0.0
2016-03-15,14:11:00,41.2,41.23,41.2,41.23,1339.0,1.0,0.0,0.0
2016-03-15,14:14:00,41.22,41.29,41.22,41.29,643.0,1.0,0.0,0.0
2016-03-15,14:17:00,41.28,41.34,41.28,41.34,1635.0,1.0,0.0,0.0
2016-03-15,14:20:00,41.34,41.36,41.32,41.36,3163.0,1.0,0.0,0.0
2016-03-15,14:23:00,41.37,41.37,41.32,41.34,830.0,1.0,0.0,0.0
2016-03-15,14:26:00,41.33,41.33,41.3,41.3,1101.0,1.0,0.0,0.0
2016-03-15,14:30:00,41.3,41.3,41.25,41.26,1393.0,1.0,0.0,0.0
2016-03-15,14:33:00,41.24,41.28,41.23,41.26,1977.0,1.0,0.0,0.0
2016-03-15,14:37:00,41.26,41.27,41.24,41.26,3173.0,1.0,0.0,0.0
2016-03-15,14:41:00,41.27,41.27,41.21,41.2219,1414.0,1.0,0.0,0.0
2016-03-15,14:44:00,41.22,41.23,41.2,41.21,1400.0,1.0,0.0,0.0
2016-03-15,14:47:00,41.2,41.21,41.18,41.2,1663.0,1.0,0.0,0.0
2016-03-15,14:50:00,41.2,41.2,41.1874,41.2,347.0,1.0,0.0,0.0
2016-03-15,14:53:00,41.2,41.24,41.2,41.22,3584.0,1.0,0.0,0.0
2016-03-15,14:56:00,41.2,41.21,41.18,41.19,1330.0,1.0,0.0,0.0
2016-03-15,14:59:00,41.18,41.19,41.16,41.19,2027.0,1.0,0.0,0.0
2016-03-15,15:02:00,41.17,41.2,41.15,41.19,2533.0,1.0,0.0,0.0
2016-03-15,15:05:00,41.19,41.2,41.16,41.17,2336.0,1.0,0.0,0.0
2016-03-15,15:08:00,41.17,41.17,41.14,41.17,1663.0,1.0,0.0,0.0
2016-03-15,15:11:00,41.1699,41.17,41.14,41.17,2855.0,1.0,0.0,0.0
2016-03-15,15:14:00,41.17,41.21,41.17,41.21,2211.0,1.0,0.0,0.0
2016-03-15,15:17:00,41.22,41.244,41.2,41.24,4447.0,1.0,0.0,0.0
2016-03-15,15:20:00,41.24,41.29,41.24,41.28,1648.0,1.0,0.0,0.0
2016-03-15,15:23:00,41.29,41.33,41.29,41.3299,1125.0,1.0,0.0,0.0
2016-03-15,15:26:00,41.33,41.33,41.27,41.29,4325.0,1.0,0.0,0.0
2016-03-15,15:29:00,41.29,41.3,41.28,41.3,2821.0,1.0,0.0,0.0
2016-03-15,15:32:00,41.29,41.31,41.28,41.28,3471.0,1.0,0.0,0.0
2016-03-15,15:35:00,41.28,41.28,41.26,41.27,2696.0,1.0,0.0,0.0
2016-03-15,15:38:00,41.28,41.325,41.28,41.32,9228.0,1.0,0.0,0.0
2016-03-15,15:41:00,41.31,41.33,41.29,41.3,6524.0,1.0,0.0,0.0
2016-03-15,15:44:00,41.3,41.3,41.26,41.26,3197.0,1.0,0.0,0.0
2016-03-15,15:47:00,41.25,41.29,41.2,41.28,25128.0,1.0,0.0,0.0
2016-03-15,15:50:00,41.27,41.28,41.27,41.28,6605.0,1.0,0.0,0.0
2016-03-15,15:53:00,41.28,41.32,41.27,41.31,14176.0,1.0,0.0,0.0
2016-03-15,15:56:00,41.31,41.36,41.31,41.35,19183.0,1.0,0.0,0.0
2016-03-15,15:59:00,41.35,41.38,41.35,41.35,49457.0,1.0,0.0,0.0
2016-03-16,09:32:00,41.22,41.39,41.22,41.225,4829.0,1.0,0.0,0.0
2016-03-16,09:35:00,41.195,41.44,41.1,41.44,1571.0,1.0,0.0,0.0
2016-03-16,09:38:00,41.5,41.63,41.49,41.49,2985.0,1.0,0.0,0.0
2016-03-16,09:41:00,41.44,41.63,41.44,41.56,1920.0,1.0,0.0,0.0
2016-03-16,09:45:00,41.55,41.6795,41.55,41.65,2293.0,1.0,0.0,0.0
2016-03-16,09:48:00,41.66,41.73,41.61,41.73,26705.0,1.0,0.0,0.0
2016-03-16,09:51:00,41.75,41.8,41.72,41.79,6546.0,1.0,0.0,0.0
2016-03-16,09:54:00,41.79,41.79,41.665,41.665,2875.0,1.0,0.0,0.0
2016-03-16,09:57:00,41.68,41.72,41.62,41.71,2410.0,1.0,0.0,0.0
2016-03-16,10:00:00,41.72,41.72,41.62,41.63,1945.0,1.0,0.0,0.0
2016-03-16,10:03:00,41.63,41.71,41.57,41.62,6282.0,1.0,0.0,0.0
2016-03-16,10:06:00,41.61,41.7,41.55,41.7,5412.0,1.0,0.0,0.0
2016-03-16,10:09:00,41.68,41.7,41.62,41.69,3943.0,1.0,0.0,0.0
2016-03-16,10:12:00,41.7,41.86,41.7,41.86,5282.0,1.0,0.0,0.0
2016-03-16,10:15:00,41.85,41.89,41.83,41.85,7037.0,1.0,0.0,0.0
2016-03-16,10:18:00,41.83,41.84,41.73,41.77,4597.0,1.0,0.0,0.0
2016-03-16,10:21:00,41.79,41.82,41.77,41.79,4602.0,1.0,0.0,0.0
2016-03-16,10:24:00,41.78,41.8,41.74,41.77,6235.0,1.0,0.0,0.0
2016-03-16,10:27:00,41.76,41.77,41.71,41.72,7257.0,1.0,0.0,0.0
2016-03-16,10:30:00,41.73,41.76,41.7,41.74,3156.0,1.0,0.0,0.0
2016-03-16,10:33:00,41.73,41.74,41.68,41.7186,1426.0,1.0,0.0,0.0
2016-03-16,10:37:00,41.72,41.72,41.59,41.66,24373.0,1.0,0.0,0.0
2016-03-16,10:40:00,41.67,41.75,41.64,41.75,3925.0,1.0,0.0,0.0
2016-03-16,10:43:00,41.77,41.77,41.68,41.705,6110.0,1.0,0.0,0.0
2016-03-16,10:46:00,41.71,41.71,41.65,41.66,96984.0,1.0,0.0,0.0
2016-03-16,10:49:00,41.66,41.66,41.6,41.62,62651.0,1.0,0.0,0.0
2016-03-16,10:52:00,41.62,41.635,41.6,41.63,3226.0,1.0,0.0,0.0
2016-03-16,10:56:00,41.61,41.72,41.61,41.72,5453.0,1.0,0.0,0.0
2016-03-16,10:59:00,41.725,41.8,41.72,41.8,5872.0,1.0,0.0,0.0
2016-03-16,11:02:00,41.82,41.843999999999994,41.7701,41.843999999999994,1476.0,1.0,0.0,0.0
2016-03-16,11:05:00,41.82,41.92,41.82,41.87,3285.0,1.0,0.0,0.0
2016-03-16,11:09:00,41.87,41.92,41.86,41.875,3589.0,1.0,0.0,0.0
2016-03-16,11:13:00,41.86,41.86,41.8001,41.8001,1304.0,1.0,0.0,0.0
2016-03-16,11:16:00,41.83,41.86,41.825,41.825,5247.0,1.0,0.0,0.0
2016-03-16,11:19:00,41.83,41.92,41.83,41.88,5965.0,1.0,0.0,0.0
2016-03-16,11:22:00,41.89,41.925,41.88,41.9,2421.0,1.0,0.0,0.0
2016-03-16,11:26:00,41.88,41.88,41.79,41.79,2571.0,1.0,0.0,0.0
2016-03-16,11:29:00,41.78,41.79,41.75,41.75,2010.0,1.0,0.0,0.0
2016-03-16,11:32:00,41.7626,41.7626,41.7,41.705,1096.0,1.0,0.0,0.0
2016-03-16,11:36:00,41.73,41.77,41.73,41.73,2005.0,1.0,0.0,0.0
2016-03-16,11:39:00,41.71,41.75,41.71,41.74,892.0,1.0,0.0,0.0
2016-03-16,11:42:00,41.75,41.76,41.74,41.74,822.0,1.0,0.0,0.0
2016-03-16,11:47:00,41.74,41.74,41.67,41.67,3347.0,1.0,0.0,0.0
2016-03-16,11:50:00,41.67,41.69,41.66,41.66,1747.0,1.0,0.0,0.0
2016-03-16,11:53:00,41.645,41.657,41.6201,41.6201,833.0,1.0,0.0,0.0
2016-03-16,11:56:00,41.64,41.68,41.63,41.66,2137.0,1.0,0.0,0.0
2016-03-16,12:00:00,41.6401,41.65,41.6,41.6,1096.0,1.0,0.0,0.0
2016-03-16,12:03:00,41.63,41.63,41.61,41.62,436.0,1.0,0.0,0.0
2016-03-16,12:07:00,41.61,41.62,41.59,41.62,1289.0,1.0,0.0,0.0
2016-03-16,12:10:00,41.6101,41.64,41.61,41.62,1309.0,1.0,0.0,0.0
2016-03-16,12:13:00,41.62,41.64,41.6,41.63,982.0,1.0,0.0,0.0
2016-03-16,12:17:00,41.6421,41.68,41.6421,41.65,1819.0,1.0,0.0,0.0
2016-03-16,12:20:00,41.6494,41.65,41.64,41.65,817.0,1.0,0.0,0.0
2016-03-16,12:23:00,41.66,41.66,41.63,41.63,721.0,1.0,0.0,0.0
2016-03-16,12:27:00,41.62,41.65,41.5901,41.65,2620.0,1.0,0.0,0.0
2016-03-16,12:32:00,41.67,41.68,41.66,41.68,3199.0,1.0,0.0,0.0
2016-03-16,12:36:00,41.69,41.7,41.68,41.68,326.0,1.0,0.0,0.0
2016-03-16,12:39:00,41.6701,41.71,41.6701,41.69,2155.0,1.0,0.0,0.0
2016-03-16,12:44:00,41.69,41.7,41.67,41.6901,1275.0,1.0,0.0,0.0
2016-03-16,12:47:00,41.71,41.74,41.69,41.72,2491.0,1.0,0.0,0.0
2016-03-16,12:51:00,41.71,41.73,41.71,41.72,1246.0,1.0,0.0,0.0
2016-03-16,12:55:00,41.73,41.77,41.73,41.77,3331.0,1.0,0.0,0.0
2016-03-16,12:58:00,41.76,41.79,41.76,41.79,384.0,1.0,0.0,0.0
2016-03-16,13:01:00,41.79,41.82,41.77,41.79,5878.0,1.0,0.0,0.0
2016-03-16,13:04:00,41.79,41.79,41.76,41.76,2711.0,1.0,0.0,0.0
2016-03-16,13:07:00,41.75,41.79,41.75,41.78,2262.0,1.0,0.0,0.0
2016-03-16,13:10:00,41.79,41.79,41.76,41.76,1298.0,1.0,0.0,0.0
2016-03-16,13:14:00,41.76,41.76,41.72,41.73,1669.0,1.0,0.0,0.0
2016-03-16,13:17:00,41.73,41.7601,41.7,41.73,9699.0,1.0,0.0,0.0
2016-03-16,13:21:00,41.72,41.73,41.71,41.7185,1502.0,1.0,0.0,0.0
2016-03-16,13:24:00,41.72,41.77,41.72,41.77,4113.0,1.0,0.0,0.0
2016-03-16,13:28:00,41.77,41.8,41.76,41.77,2951.0,1.0,0.0,0.0
2016-03-16,13:32:00,41.76,41.76,41.69,41.72,3417.0,1.0,0.0,0.0
2016-03-16,13:35:00,41.705,41.74,41.705,41.71,4000.0,1.0,0.0,0.0
2016-03-16,13:38:00,41.72,41.75,41.72,41.75,2267.0,1.0,0.0,0.0
2016-03-16,13:41:00,41.76,41.79,41.76,41.77,1874.0,1.0,0.0,0.0
2016-03-16,13:44:00,41.78,41.78,41.73,41.73,1228.0,1.0,0.0,0.0
2016-03-16,13:47:00,41.73,41.73,41.71,41.7165,502.0,1.0,0.0,0.0
2016-03-16,13:51:00,41.73,41.77,41.73,41.77,5372.0,1.0,0.0,0.0
2016-03-16,13:54:00,41.77,41.77,41.7601,41.77,724.0,1.0,0.0,0.0
2016-03-16,13:57:00,41.76,41.77,41.76,41.77,2011.0,1.0,0.0,0.0
2016-03-16,14:00:00,41.77,41.97,41.74,41.93,9742.0,1.0,0.0,0.0
2016-03-16,14:03:00,41.93,42.0,41.91,41.93,7637.0,1.0,0.0,0.0
2016-03-16,14:06:00,41.96,41.97,41.93,41.97,1464.0,1.0,0.0,0.0
2016-03-16,14:09:00,41.98,41.99,41.89,41.95,5669.0,1.0,0.0,0.0
2016-03-16,14:12:00,41.92,41.93,41.87,41.87,1634.0,1.0,0.0,0.0
2016-03-16,14:15:00,41.82,41.82,41.7301,41.79,3870.0,1.0,0.0,0.0
2016-03-16,14:18:00,41.79,41.83,41.78,41.8,2067.0,1.0,0.0,0.0
2016-03-16,14:21:00,41.8,41.97,41.8,41.97,9459.0,1.0,0.0,0.0
2016-03-16,14:24:00,41.97,42.03,41.92,41.99,14733.0,1.0,0.0,0.0
2016-03-16,14:27:00,41.9867,42.2,41.98,42.17,12312.0,1.0,0.0,0.0
2016-03-16,14:30:00,42.1689,42.25,42.1539,42.22,7302.0,1.0,0.0,0.0
2016-03-16,14:33:00,42.23,42.25,42.14,42.2,6430.0,1.0,0.0,0.0
2016-03-16,14:36:00,42.22,42.23,42.14,42.14,2635.0,1.0,0.0,0.0
2016-03-16,14:39:00,42.135,42.29,42.13,42.28,15719.0,1.0,0.0,0.0
2016-03-16,14:42:00,42.28,42.36,42.27,42.36,15296.0,1.0,0.0,0.0
2016-03-16,14:45:00,42.37,42.46,42.37,42.46,9253.0,1.0,0.0,0.0
2016-03-16,14:48:00,42.46,42.5,42.42,42.42,9098.0,1.0,0.0,0.0
2016-03-16,14:51:00,42.42,42.47,42.42,42.42,7276.0,1.0,0.0,0.0
2016-03-16,14:54:00,42.41,42.4218,42.38,42.41,7814.0,1.0,0.0,0.0
2016-03-16,14:57:00,42.41,42.48,42.36,42.39,16956.0,1.0,0.0,0.0
2016-03-16,15:00:00,42.39,42.39,42.2,42.2,6420.0,1.0,0.0,0.0
2016-03-16,15:03:00,42.24,42.29,42.2,42.27,3476.0,1.0,0.0,0.0
2016-03-16,15:06:00,42.29,42.39,42.29,42.35,6285.0,1.0,0.0,0.0
2016-03-16,15:09:00,42.32,42.45,42.31,42.45,10211.0,1.0,0.0,0.0
2016-03-16,15:12:00,42.46,42.5,42.4,42.45,4917.0,1.0,0.0,0.0
2016-03-16,15:15:00,42.46,42.5,42.43,42.5,5977.0,1.0,0.0,0.0
2016-03-16,15:18:00,42.5,42.59,42.49,42.58,10422.0,1.0,0.0,0.0
2016-03-16,15:21:00,42.55,42.55,42.39,42.39,8477.0,1.0,0.0,0.0
2016-03-16,15:24:00,42.39,42.48,42.3815,42.45,8796.0,1.0,0.0,0.0
2016-03-16,15:27:00,42.45,42.55,42.45,42.55,5409.0,1.0,0.0,0.0
2016-03-16,15:30:00,42.55,42.59,42.52,42.53,10554.0,1.0,0.0,0.0
2016-03-16,15:33:00,42.53,42.58,42.49,42.54,12953.0,1.0,0.0,0.0
2016-03-16,15:36:00,42.53,42.64,42.53,42.595,17712.0,1.0,0.0,0.0
2016-03-16,15:39:00,42.58,42.65,42.5676,42.64,10002.0,1.0,0.0,0.0
2016-03-16,15:42:00,42.62,42.64,42.58,42.62,16453.0,1.0,0.0,0.0
2016-03-16,15:45:00,42.59,42.62,42.53,42.55,18869.0,1.0,0.0,0.0
2016-03-16,15:48:00,42.54,42.54,42.49,42.49,10693.0,1.0,0.0,0.0
2016-03-16,15:51:00,42.49,42.5,42.45,42.45,15457.0,1.0,0.0,0.0
2016-03-16,15:54:00,42.45,42.48,42.43,42.44,15659.0,1.0,0.0,0.0
2016-03-16,15:57:00,42.43,42.44,42.39,42.4,21989.0,1.0,0.0,0.0
2016-03-17,09:30:00,42.4,42.41,42.26,42.38,63500.0,1.0,0.0,0.0
2016-03-17,09:34:00,42.38,42.5099,42.38,42.4,2322.0,1.0,0.0,0.0
2016-03-17,09:37:00,42.42,42.54,42.4,42.4,3805.0,1.0,0.0,0.0
2016-03-17,09:40:00,42.43,42.45,42.39,42.39,352.0,1.0,0.0,0.0
2016-03-17,09:43:00,42.41,42.46,42.32,42.32,1808.0,1.0,0.0,0.0
2016-03-17,09:46:00,42.31,42.52,42.31,42.52,3552.0,1.0,0.0,0.0
2016-03-17,09:50:00,42.505,42.525,42.47,42.47,6230.0,1.0,0.0,0.0
2016-03-17,09:54:00,42.47,42.53,42.47,42.49100000000001,1119.0,1.0,0.0,0.0
2016-03-17,09:58:00,42.49,42.62,42.49,42.62,2041.0,1.0,0.0,0.0
2016-03-17,10:01:00,42.57,42.58,42.46,42.53,19929.0,1.0,0.0,0.0
2016-03-17,10:04:00,42.52,42.585,42.51,42.55,3002.0,1.0,0.0,0.0
2016-03-17,10:07:00,42.52,42.53,42.51,42.52,1830.0,1.0,0.0,0.0
2016-03-17,10:10:00,42.54,42.5599,42.51,42.51,1107.0,1.0,0.0,0.0
2016-03-17,10:13:00,42.52,42.56,42.476000000000006,42.5,5051.0,1.0,0.0,0.0
2016-03-17,10:16:00,42.5,42.525,42.44,42.45,3162.0,1.0,0.0,0.0
2016-03-17,10:20:00,42.46,42.49,42.42,42.42,4139.0,1.0,0.0,0.0
2016-03-17,10:23:00,42.4299,42.53,42.4,42.53,30555.0,1.0,0.0,0.0
2016-03-17,10:26:00,42.53,42.69,42.51,42.67,6635.0,1.0,0.0,0.0
2016-03-17,10:30:00,42.695,42.75,42.695,42.7,3602.0,1.0,0.0,0.0
2016-03-17,10:33:00,42.72,42.73,42.54,42.59,4323.0,1.0,0.0,0.0
2016-03-17,10:36:00,42.59,42.68,42.59,42.68,6965.0,1.0,0.0,0.0
2016-03-17,10:39:00,42.68,42.79,42.68,42.775,6662.0,1.0,0.0,0.0
2016-03-17,10:42:00,42.79,42.91,42.78,42.9055,14363.0,1.0,0.0,0.0
2016-03-17,10:45:00,42.9084,42.97,42.9,42.97,7015.0,1.0,0.0,0.0
2016-03-17,10:48:00,42.98,43.0,42.91,42.96,20258.0,1.0,0.0,0.0
2016-03-17,10:51:00,42.93,43.07,42.9299,43.07,63708.0,1.0,0.0,0.0
2016-03-17,10:54:00,43.08,43.25,43.08,43.21,65505.0,1.0,0.0,0.0
2016-03-17,10:57:00,43.23,43.25,43.18,43.19,14450.0,1.0,0.0,0.0
2016-03-17,11:00:00,43.22,43.28,43.2,43.2,12724.0,1.0,0.0,0.0
2016-03-17,11:03:00,43.18,43.27,43.18,43.21,4854.0,1.0,0.0,0.0
2016-03-17,11:06:00,43.19,43.27,43.11,43.25,9656.0,1.0,0.0,0.0
2016-03-17,11:09:00,43.25,43.25,43.16,43.21,7273.0,1.0,0.0,0.0
2016-03-17,11:12:00,43.2059,43.35,43.2059,43.35,7695.0,1.0,0.0,0.0
2016-03-17,11:15:00,43.35,43.44,43.33,43.33,7575.0,1.0,0.0,0.0
2016-03-17,11:18:00,43.3,43.45,43.3,43.39,11032.0,1.0,0.0,0.0
2016-03-17,11:21:00,43.41,43.4744,43.39,43.4744,8594.0,1.0,0.0,0.0
2016-03-17,11:25:00,43.48,43.55,43.48,43.5,8465.0,1.0,0.0,0.0
2016-03-17,11:28:00,43.5,43.51,43.38,43.39,3073.0,1.0,0.0,0.0
2016-03-17,11:32:00,43.37,43.37,43.35,43.37,3484.0,1.0,0.0,0.0
2016-03-17,11:35:00,43.355,43.355,43.3,43.33,2036.0,1.0,0.0,0.0
2016-03-17,11:38:00,43.33,43.35,43.27,43.35,9012.0,1.0,0.0,0.0
2016-03-17,11:41:00,43.37,43.37,43.29,43.33,3423.0,1.0,0.0,0.0
2016-03-17,11:44:00,43.3201,43.37,43.32,43.32,1999.0,1.0,0.0,0.0
2016-03-17,11:47:00,43.32,43.33,43.29,43.32,1840.0,1.0,0.0,0.0
2016-03-17,11:50:00,43.33,43.34,43.31,43.34,845.0,1.0,0.0,0.0
2016-03-17,11:53:00,43.34,43.34,43.2998,43.32,1186.0,1.0,0.0,0.0
2016-03-17,11:56:00,43.34,43.36,43.27,43.28,2434.0,1.0,0.0,0.0
2016-03-17,11:59:00,43.3,43.3312,43.29,43.3,910.0,1.0,0.0,0.0
2016-03-17,12:03:00,43.31,43.31100000000001,43.26,43.26,3463.0,1.0,0.0,0.0
2016-03-17,12:07:00,43.27,43.29,43.26,43.2806,1208.0,1.0,0.0,0.0
2016-03-17,12:10:00,43.29,43.41,43.29,43.4,3187.0,1.0,0.0,0.0
2016-03-17,12:13:00,43.42,43.46,43.41,43.46,2268.0,1.0,0.0,0.0
2016-03-17,12:16:00,43.45,43.45,43.41,43.45,1760.0,1.0,0.0,0.0
2016-03-17,12:19:00,43.43,43.434,43.4,43.434,2782.0,1.0,0.0,0.0
2016-03-17,12:22:00,43.41,43.48,43.41,43.48,5438.0,1.0,0.0,0.0
2016-03-17,12:25:00,43.4681,43.5,43.463,43.5,2573.0,1.0,0.0,0.0
2016-03-17,12:28:00,43.51,43.6,43.51,43.6,3350.0,1.0,0.0,0.0
2016-03-17,12:31:00,43.58,43.59,43.55,43.57,4042.0,1.0,0.0,0.0
2016-03-17,12:34:00,43.58,43.58,43.51,43.54,5473.0,1.0,0.0,0.0
2016-03-17,12:38:00,43.56,43.56,43.52,43.52,1377.0,1.0,0.0,0.0
2016-03-17,12:41:00,43.51,43.53,43.49,43.52,2287.0,1.0,0.0,0.0
2016-03-17,12:44:00,43.53,43.55,43.52,43.54,2574.0,1.0,0.0,0.0
2016-03-17,12:47:00,43.53,43.57,43.53,43.57,2354.0,1.0,0.0,0.0
2016-03-17,12:50:00,43.57,43.57,43.51,43.57,2192.0,1.0,0.0,0.0
2016-03-17,12:53:00,43.545,43.56,43.53,43.54,2104.0,1.0,0.0,0.0
2016-03-17,12:56:00,43.5341,43.57,43.5341,43.56,1039.0,1.0,0.0,0.0
2016-03-17,12:59:00,43.59,43.6,43.553000000000004,43.57,3619.0,1.0,0.0,0.0
2016-03-17,13:02:00,43.5684,43.65,43.5684,43.59,6877.0,1.0,0.0,0.0
2016-03-17,13:05:00,43.61,43.64,43.56,43.64,5111.0,1.0,0.0,0.0
2016-03-17,13:08:00,43.64,43.67,43.64,43.65,5565.0,1.0,0.0,0.0
2016-03-17,13:11:00,43.65,43.71,43.62,43.62,12387.0,1.0,0.0,0.0
2016-03-17,13:14:00,43.6,43.69,43.6,43.68,4786.0,1.0,0.0,0.0
2016-03-17,13:17:00,43.69,43.72,43.68,43.71,7469.0,1.0,0.0,0.0
2016-03-17,13:20:00,43.71,43.72,43.68,43.7074,7087.0,1.0,0.0,0.0
2016-03-17,13:24:00,43.6801,43.77,43.68,43.77,9890.0,1.0,0.0,0.0
2016-03-17,13:27:00,43.78,43.83,43.76,43.76,9449.0,1.0,0.0,0.0
2016-03-17,13:30:00,43.77,43.79,43.69,43.69,9923.0,1.0,0.0,0.0
2016-03-17,13:33:00,43.72,43.81,43.71,43.81,10269.0,1.0,0.0,0.0
2016-03-17,13:36:00,43.78,43.8,43.71,43.8,20300.0,1.0,0.0,0.0
2016-03-17,13:39:00,43.7999,43.8,43.77,43.7997,1925.0,1.0,0.0,0.0
2016-03-17,13:42:00,43.81,43.86,43.79,43.85,6819.0,1.0,0.0,0.0
2016-03-17,13:45:00,43.84,43.87,43.83,43.835,16994.0,1.0,0.0,0.0
2016-03-17,13:48:00,43.85,43.87,43.81,43.87,15422.0,1.0,0.0,0.0
2016-03-17,13:51:00,43.84,43.86,43.77,43.77,16175.0,1.0,0.0,0.0
2016-03-17,13:54:00,43.77,43.82,43.74,43.8,16443.0,1.0,0.0,0.0
2016-03-17,13:57:00,43.78,43.85,43.74,43.81,14890.0,1.0,0.0,0.0
2016-03-17,14:00:00,43.81,43.83,43.73,43.76,6617.0,1.0,0.0,0.0
2016-03-17,14:03:00,43.73,43.838,43.69,43.83,10652.0,1.0,0.0,0.0
2016-03-17,14:06:00,43.799,43.91,43.799,43.9,14473.0,1.0,0.0,0.0
2016-03-17,14:09:00,43.9,43.95,43.85,43.93,7866.0,1.0,0.0,0.0
2016-03-17,14:12:00,43.93,43.94,43.87,43.91,2398.0,1.0,0.0,0.0
2016-03-17,14:15:00,43.91,43.96,43.89,43.94,4068.0,1.0,0.0,0.0
2016-03-17,14:18:00,43.92,43.98,43.91,43.94,4434.0,1.0,0.0,0.0
2016-03-17,14:21:00,43.92,43.94,43.89,43.92,4608.0,1.0,0.0,0.0
2016-03-17,14:24:00,43.91,43.91,43.89,43.9,2510.0,1.0,0.0,0.0
2016-03-17,14:27:00,43.91,43.92,43.89,43.91,3615.0,1.0,0.0,0.0
2016-03-17,14:31:00,43.91,43.91,43.82,43.8299,10311.0,1.0,0.0,0.0
2016-03-17,14:34:00,43.82,43.84,43.8,43.83,4938.0,1.0,0.0,0.0
2016-03-17,14:37:00,43.82,43.85,43.81,43.85,4325.0,1.0,0.0,0.0
2016-03-17,14:40:00,43.85,43.8944,43.84,43.88,8370.0,1.0,0.0,0.0
2016-03-17,14:43:00,43.87,43.92,43.82,43.9,12702.0,1.0,0.0,0.0
2016-03-17,14:46:00,43.9,43.9,43.8,43.8112,2703.0,1.0,0.0,0.0
2016-03-17,14:49:00,43.8,43.87,43.7801,43.84,4338.0,1.0,0.0,0.0
2016-03-17,14:52:00,43.84,43.92,43.81,43.86,13315.0,1.0,0.0,0.0
2016-03-17,14:55:00,43.85,43.93,43.81,43.85,17243.0,1.0,0.0,0.0
2016-03-17,14:58:00,43.85,43.92,43.84,43.89,5876.0,1.0,0.0,0.0
2016-03-17,15:01:00,43.89,43.93,43.87,43.91,14047.0,1.0,0.0,0.0
2016-03-17,15:04:00,43.89,43.94,43.88,43.88,5309.0,1.0,0.0,0.0
2016-03-17,15:07:00,43.88,43.95,43.8775,43.92,11003.0,1.0,0.0,0.0
2016-03-17,15:10:00,43.92,43.92,43.84,43.84,7929.0,1.0,0.0,0.0
2016-03-17,15:13:00,43.85,43.9,43.8,43.82,6678.0,1.0,0.0,0.0
2016-03-17,15:16:00,43.83,43.86,43.81,43.82,5875.0,1.0,0.0,0.0
2016-03-17,15:19:00,43.84,43.885,43.76,43.76,21685.0,1.0,0.0,0.0
2016-03-17,15:22:00,43.74,43.92,43.74,43.92,6677.0,1.0,0.0,0.0
2016-03-17,15:25:00,43.9,43.94,43.85,43.92,8670.0,1.0,0.0,0.0
2016-03-17,15:28:00,43.94,43.9699,43.92,43.94,6762.0,1.0,0.0,0.0
2016-03-17,15:31:00,43.92,43.93,43.86,43.87,11047.0,1.0,0.0,0.0
2016-03-17,15:34:00,43.88,43.9,43.84,43.89,9813.0,1.0,0.0,0.0
2016-03-17,15:37:00,43.88,43.98,43.87,43.94,17325.0,1.0,0.0,0.0
2016-03-17,15:40:00,43.94,43.97,43.91,43.92,7202.0,1.0,0.0,0.0
2016-03-17,15:43:00,43.91,43.94,43.87,43.93,11700.0,1.0,0.0,0.0
2016-03-17,15:46:00,43.92,43.94,43.84,43.85,21716.0,1.0,0.0,0.0
2016-03-17,15:49:00,43.86,43.89,43.86,43.88,9954.0,1.0,0.0,0.0
2016-03-17,15:52:00,43.88,43.885,43.84,43.84,18534.0,1.0,0.0,0.0
2016-03-17,15:55:00,43.85,43.86,43.76,43.78,30087.0,1.0,0.0,0.0
2016-03-17,15:58:00,43.78,43.82,43.74,43.82,25262.0,1.0,0.0,0.0
2016-03-18,09:32:00,43.82,43.98,43.76,43.96,148863.0,1.0,0.0,0.0
2016-03-18,09:35:00,43.99,44.18,43.99,44.18,4497.0,1.0,0.0,0.0
2016-03-18,09:38:00,44.2,44.47,44.19,44.47,8821.0,1.0,0.0,0.0
2016-03-18,09:41:00,44.47,44.58,44.44,44.5,15672.0,1.0,0.0,0.0
2016-03-18,09:44:00,44.5,44.57,44.45,44.5,21604.0,1.0,0.0,0.0
2016-03-18,09:47:00,44.42,44.5,44.34,44.35,4929.0,1.0,0.0,0.0
2016-03-18,09:50:00,44.35,44.35,44.29,44.35,1454.0,1.0,0.0,0.0
2016-03-18,09:54:00,44.34,44.38,44.2859,44.2859,3664.0,1.0,0.0,0.0
2016-03-18,09:57:00,44.29,44.44,44.29,44.4,1816.0,1.0,0.0,0.0
2016-03-18,10:00:00,44.39,44.39,44.31,44.31,982.0,1.0,0.0,0.0
2016-03-18,10:03:00,44.31,44.41,44.31,44.41,3327.0,1.0,0.0,0.0
2016-03-18,10:06:00,44.4,44.43,44.34,44.3552,4508.0,1.0,0.0,0.0
2016-03-18,10:10:00,44.32,44.32,44.19,44.26,2889.0,1.0,0.0,0.0
2016-03-18,10:13:00,44.28,44.36,44.27,44.28,10201.0,1.0,0.0,0.0
2016-03-18,10:16:00,44.27,44.31,44.18,44.18,1659.0,1.0,0.0,0.0
2016-03-18,10:19:00,44.16,44.1723,43.96,44.01,4353.0,1.0,0.0,0.0
2016-03-18,10:23:00,43.98,44.05,43.98,44.02,2844.0,1.0,0.0,0.0
2016-03-18,10:26:00,44.04,44.09,44.03,44.04,4017.0,1.0,0.0,0.0
2016-03-18,10:30:00,43.9963,44.0,43.92,43.99,1711.0,1.0,0.0,0.0
2016-03-18,10:33:00,44.02,44.08,43.95,44.065,3519.0,1.0,0.0,0.0
2016-03-18,10:36:00,44.05,44.05,43.93,43.95,2861.0,1.0,0.0,0.0
2016-03-18,10:39:00,43.91,43.945,43.82,43.83,5600.0,1.0,0.0,0.0
2016-03-18,10:42:00,43.8241,43.85,43.81,43.84,1672.0,1.0,0.0,0.0
2016-03-18,10:45:00,43.85,43.93,43.84,43.88,6128.0,1.0,0.0,0.0
2016-03-18,10:48:00,43.85,43.89,43.81,43.89,1050.0,1.0,0.0,0.0
2016-03-18,10:52:00,43.86,43.9,43.78,43.885,4395.0,1.0,0.0,0.0
2016-03-18,10:55:00,43.918,43.94,43.91,43.94,913.0,1.0,0.0,0.0
2016-03-18,10:58:00,43.94,43.94,43.84,43.84,2271.0,1.0,0.0,0.0
2016-03-18,11:02:00,43.85,43.87,43.81,43.86,7268.0,1.0,0.0,0.0
2016-03-18,11:05:00,43.86,43.91,43.84,43.85,1638.0,1.0,0.0,0.0
2016-03-18,11:08:00,43.84,43.9,43.84,43.88,5701.0,1.0,0.0,0.0
2016-03-18,11:12:00,43.89,43.94,43.8801,43.92,1840.0,1.0,0.0,0.0
2016-03-18,11:15:00,43.92,43.92,43.89,43.91,1515.0,1.0,0.0,0.0
2016-03-18,11:18:00,43.9,43.96,43.9,43.96,2328.0,1.0,0.0,0.0
2016-03-18,11:22:00,43.93,43.98,43.9,43.9501,2455.0,1.0,0.0,0.0
2016-03-18,11:25:00,43.98,43.99,43.92,43.92,3117.0,1.0,0.0,0.0
2016-03-18,11:28:00,43.92,44.0,43.92,43.99,10075.0,1.0,0.0,0.0
2016-03-18,11:32:00,43.96,43.96,43.93,43.95,2153.0,1.0,0.0,0.0
2016-03-18,11:35:00,43.93,43.95,43.9,43.92,3403.0,1.0,0.0,0.0
2016-03-18,11:38:00,43.93,43.95,43.91,43.92,1372.0,1.0,0.0,0.0
2016-03-18,11:41:00,43.9101,43.93,43.91,43.91,429.0,1.0,0.0,0.0
2016-03-18,11:44:00,43.93,43.93,43.79,43.8,2175.0,1.0,0.0,0.0
2016-03-18,11:47:00,43.81,43.86,43.8,43.83,2841.0,1.0,0.0,0.0
2016-03-18,11:50:00,43.8296,43.83,43.8,43.82,4424.0,1.0,0.0,0.0
2016-03-18,11:53:00,43.81,43.83,43.79,43.83,3689.0,1.0,0.0,0.0
2016-03-18,11:56:00,43.84,43.87,43.83,43.84,2002.0,1.0,0.0,0.0
2016-03-18,11:59:00,43.83,43.83,43.77,43.81,3320.0,1.0,0.0,0.0
2016-03-18,12:02:00,43.83,43.84,43.8082,43.83,2700.0,1.0,0.0,0.0
2016-03-18,12:05:00,43.83,43.92,43.83,43.91,2667.0,1.0,0.0,0.0
2016-03-18,12:08:00,43.9,43.91,43.86,43.86,978.0,1.0,0.0,0.0
2016-03-18,12:11:00,43.88,43.9,43.85,43.85,1862.0,1.0,0.0,0.0
2016-03-18,12:14:00,43.87,43.88,43.83,43.85,1314.0,1.0,0.0,0.0
2016-03-18,12:17:00,43.85,43.85,43.75,43.81,3415.0,1.0,0.0,0.0
2016-03-18,12:20:00,43.82,43.91,43.82,43.91,3987.0,1.0,0.0,0.0
2016-03-18,12:23:00,43.91,43.92,43.8701,43.9154,4720.0,1.0,0.0,0.0
2016-03-18,12:26:00,43.9,43.91,43.86,43.86,1526.0,1.0,0.0,0.0
2016-03-18,12:29:00,43.885,43.89,43.84,43.8699,1524.0,1.0,0.0,0.0
2016-03-18,12:32:00,43.85,43.85,43.74,43.78,2747.0,1.0,0.0,0.0
2016-03-18,12:35:00,43.76,43.79,43.76,43.79,1434.0,1.0,0.0,0.0
2016-03-18,12:38:00,43.8,43.83,43.78,43.78,944.0,1.0,0.0,0.0
2016-03-18,12:41:00,43.799,43.84,43.79,43.8,546.0,1.0,0.0,0.0
2016-03-18,12:44:00,43.8,43.8199,43.74,43.74,1986.0,1.0,0.0,0.0
2016-03-18,12:48:00,43.73,43.82,43.73,43.82,4445.0,1.0,0.0,0.0
2016-03-18,12:52:00,43.77,43.89,43.75,43.88,11255.0,1.0,0.0,0.0
2016-03-18,12:56:00,43.87,43.91,43.86,43.91,2100.0,1.0,0.0,0.0
2016-03-18,12:59:00,43.9,43.93,43.9,43.9,3214.0,1.0,0.0,0.0
2016-03-18,13:02:00,43.91,43.93,43.86,43.87,3702.0,1.0,0.0,0.0
2016-03-18,13:05:00,43.87,43.923,43.87,43.89,2081.0,1.0,0.0,0.0
2016-03-18,13:08:00,43.9041,44.0,43.9041,43.94,5682.0,1.0,0.0,0.0
2016-03-18,13:11:00,43.96,43.97,43.93,43.93,2513.0,1.0,0.0,0.0
2016-03-18,13:14:00,43.93,43.95,43.89,43.89,1994.0,1.0,0.0,0.0
2016-03-18,13:17:00,43.91,43.94,43.89,43.94,3253.0,1.0,0.0,0.0
2016-03-18,13:20:00,43.92,43.94,43.89,43.93,1321.0,1.0,0.0,0.0
2016-03-18,13:23:00,43.91,43.95,43.8801,43.94,2213.0,1.0,0.0,0.0
2016-03-18,13:26:00,43.94,43.94,43.87,43.91,3320.0,1.0,0.0,0.0
2016-03-18,13:29:00,43.9,43.93,43.89,43.93,7000.0,1.0,0.0,0.0
2016-03-18,13:32:00,43.94,43.94,43.88,43.89,12276.0,1.0,0.0,0.0
2016-03-18,13:35:00,43.88,43.92,43.84,43.92,7159.0,1.0,0.0,0.0
2016-03-18,13:38:00,43.91,43.9399,43.9,43.9,1831.0,1.0,0.0,0.0
2016-03-18,13:42:00,43.8815,43.93,43.875,43.9,8107.0,1.0,0.0,0.0
2016-03-18,13:46:00,43.89,43.99,43.89,43.95,3071.0,1.0,0.0,0.0
2016-03-18,13:49:00,43.96,43.98,43.9501,43.97,1923.0,1.0,0.0,0.0
2016-03-18,13:52:00,43.96,43.99,43.96,43.98,7685.0,1.0,0.0,0.0
2016-03-18,13:55:00,43.985,44.0,43.96,43.96,8802.0,1.0,0.0,0.0
2016-03-18,13:58:00,43.98,43.98,43.9589,43.96,2306.0,1.0,0.0,0.0
2016-03-18,14:01:00,43.965,44.01,43.965,43.99,3161.0,1.0,0.0,0.0
2016-03-18,14:04:00,43.98,43.99,43.93,43.93,1806.0,1.0,0.0,0.0
2016-03-18,14:07:00,43.935,43.94,43.9,43.91,16196.0,1.0,0.0,0.0
2016-03-18,14:10:00,43.91,43.96,43.9,43.94,2172.0,1.0,0.0,0.0
2016-03-18,14:13:00,43.96,44.0,43.96,44.0,2700.0,1.0,0.0,0.0
2016-03-18,14:16:00,44.0,44.02,43.95,43.9799,2559.0,1.0,0.0,0.0
2016-03-18,14:19:00,43.98,43.98,43.93,43.94,1945.0,1.0,0.0,0.0
2016-03-18,14:23:00,43.93,43.99,43.93,43.97,2807.0,1.0,0.0,0.0
2016-03-18,14:26:00,43.9736,43.9744,43.95,43.96,1222.0,1.0,0.0,0.0
2016-03-18,14:29:00,43.9557,43.98,43.9383,43.96,2191.0,1.0,0.0,0.0
2016-03-18,14:32:00,43.95,43.98,43.95,43.98,2243.0,1.0,0.0,0.0
2016-03-18,14:35:00,43.98,43.98,43.94,43.95,1627.0,1.0,0.0,0.0
2016-03-18,14:38:00,43.94,44.0,43.94,44.0,4527.0,1.0,0.0,0.0
2016-03-18,14:41:00,43.98,44.0101,43.97,44.0,3851.0,1.0,0.0,0.0
2016-03-18,14:44:00,44.0,44.1,44.0,44.1,6489.0,1.0,0.0,0.0
2016-03-18,14:47:00,44.1,44.13,44.1,44.1,3006.0,1.0,0.0,0.0
2016-03-18,14:50:00,44.11,44.193999999999996,44.1,44.16,17354.0,1.0,0.0,0.0
2016-03-18,14:53:00,44.16,44.17,44.15,44.16,1368.0,1.0,0.0,0.0
2016-03-18,14:56:00,44.1634,44.17,44.07,44.07,2048.0,1.0,0.0,0.0
2016-03-18,15:00:00,44.06,44.07,44.03,44.0301,2937.0,1.0,0.0,0.0
2016-03-18,15:03:00,44.04,44.08,44.04,44.05,3274.0,1.0,0.0,0.0
2016-03-18,15:06:00,44.06,44.08,44.03,44.08,3750.0,1.0,0.0,0.0
2016-03-18,15:09:00,44.08,44.09,44.0701,44.0719,1822.0,1.0,0.0,0.0
2016-03-18,15:12:00,44.09,44.13,44.09,44.12,3733.0,1.0,0.0,0.0
2016-03-18,15:15:00,44.11,44.12,44.09,44.11,2226.0,1.0,0.0,0.0
2016-03-18,15:18:00,44.11,44.1299,44.08,44.1,2001.0,1.0,0.0,0.0
2016-03-18,15:21:00,44.09,44.13,44.09,44.13,5073.0,1.0,0.0,0.0
2016-03-18,15:24:00,44.14,44.16,44.11,44.15,5312.0,1.0,0.0,0.0
2016-03-18,15:27:00,44.155,44.18,44.15,44.18,5352.0,1.0,0.0,0.0
2016-03-18,15:30:00,44.15,44.15,44.1201,44.14,3069.0,1.0,0.0,0.0
2016-03-18,15:33:00,44.14,44.16,44.13,44.15,4235.0,1.0,0.0,0.0
2016-03-18,15:36:00,44.15,44.19,44.13,44.17,7076.0,1.0,0.0,0.0
2016-03-18,15:39:00,44.16,44.2,44.15,44.2,8168.0,1.0,0.0,0.0
2016-03-18,15:42:00,44.19,44.2,44.17,44.2,4020.0,1.0,0.0,0.0
2016-03-18,15:45:00,44.19,44.2,44.15,44.2,8016.0,1.0,0.0,0.0
2016-03-18,15:48:00,44.2,44.21,44.16,44.16,4079.0,1.0,0.0,0.0
2016-03-18,15:51:00,44.1501,44.17,44.14,44.14,15655.0,1.0,0.0,0.0
2016-03-18,15:54:00,44.14,44.15,44.11,44.11,9223.0,1.0,0.0,0.0
2016-03-18,15:57:00,44.11,44.12,44.09,44.1,16696.0,1.0,0.0,0.0
2016-03-21,09:30:00,44.1,44.11,43.75,43.93,38475.0,1.0,0.0,0.0
2016-03-21,09:33:00,43.6,43.96,43.6,43.96,137.0,1.0,0.0,0.0
2016-03-21,09:37:00,43.75,43.89,43.75,43.88,153.0,1.0,0.0,0.0
2016-03-21,09:40:00,43.98,44.09,43.92100000000001,44.08,1639.0,1.0,0.0,0.0
2016-03-21,09:44:00,44.09,44.13,44.0,44.03,10822.0,1.0,0.0,0.0
2016-03-21,09:48:00,44.13,44.15,43.91,43.99,1191.0,1.0,0.0,0.0
2016-03-21,09:51:00,43.91,43.95,43.91,43.95,450.0,1.0,0.0,0.0
2016-03-21,09:54:00,43.95,43.95,43.78,43.8,1377.0,1.0,0.0,0.0
2016-03-21,09:58:00,43.83,43.8616,43.75,43.76,1875.0,1.0,0.0,0.0
2016-03-21,10:01:00,43.74,43.79,43.74,43.75,635.0,1.0,0.0,0.0
2016-03-21,10:04:00,43.78,43.78,43.71,43.7599,920.0,1.0,0.0,0.0
2016-03-21,10:07:00,43.75,43.78,43.72,43.78,4495.0,1.0,0.0,0.0
2016-03-21,10:10:00,43.75,43.8,43.72,43.76,1120.0,1.0,0.0,0.0
2016-03-21,10:15:00,43.78,43.81,43.77,43.78,622.0,1.0,0.0,0.0
2016-03-21,10:18:00,43.79,43.89,43.79,43.88,7050.0,1.0,0.0,0.0
2016-03-21,10:21:00,43.91,43.94,43.88,43.92,1771.0,1.0,0.0,0.0
2016-03-21,10:24:00,43.91,43.98,43.91,43.98,1450.0,1.0,0.0,0.0
2016-03-21,10:28:00,43.98,43.98,43.95,43.95,949.0,1.0,0.0,0.0
2016-03-21,10:31:00,43.93,43.93,43.84,43.8605,1174.0,1.0,0.0,0.0
2016-03-21,10:34:00,43.84,43.9,43.838,43.88,3700.0,1.0,0.0,0.0
2016-03-21,10:37:00,43.9,43.95,43.89,43.94,2758.0,1.0,0.0,0.0
2016-03-21,10:41:00,43.94,43.95,43.86,43.88,1397.0,1.0,0.0,0.0
2016-03-21,10:44:00,43.87,43.87,43.77,43.77,321.0,1.0,0.0,0.0
2016-03-21,10:47:00,43.73,43.82,43.73,43.82,1691.0,1.0,0.0,0.0
2016-03-21,10:50:00,43.83,43.84,43.76,43.76,847.0,1.0,0.0,0.0
2016-03-21,10:53:00,43.765,43.78,43.73,43.77,1766.0,1.0,0.0,0.0
2016-03-21,10:56:00,43.74,43.75,43.7,43.75,4651.0,1.0,0.0,0.0
2016-03-21,10:59:00,43.72,43.77,43.72,43.77,2755.0,1.0,0.0,0.0
2016-03-21,11:05:00,43.74,43.83,43.74,43.83,4912.0,1.0,0.0,0.0
2016-03-21,11:09:00,43.82,43.8812,43.81,43.8812,2104.0,1.0,0.0,0.0
2016-03-21,11:13:00,43.83,43.88,43.82,43.86,1554.0,1.0,0.0,0.0
2016-03-21,11:16:00,43.83,43.93,43.82,43.93,2551.0,1.0,0.0,0.0
2016-03-21,11:19:00,43.93,43.97,43.9,43.97,4373.0,1.0,0.0,0.0
2016-03-21,11:22:00,43.95,44.01,43.95,44.01,774.0,1.0,0.0,0.0
2016-03-21,11:25:00,43.99,44.02,43.98,43.9801,1247.0,1.0,0.0,0.0
2016-03-21,11:28:00,44.01,44.01,43.92,43.93,654.0,1.0,0.0,0.0
2016-03-21,11:31:00,43.95,43.97,43.9318,43.96,2495.0,1.0,0.0,0.0
2016-03-21,11:34:00,43.97,44.0,43.955,44.0,2969.0,1.0,0.0,0.0
2016-03-21,11:37:00,43.9701,44.0,43.92,43.93,6199.0,1.0,0.0,0.0
2016-03-21,11:40:00,43.91,43.91,43.86,43.86,817.0,1.0,0.0,0.0
2016-03-21,11:43:00,43.856,43.9,43.825,43.84,10419.0,1.0,0.0,0.0
2016-03-21,11:46:00,43.82,43.87,43.79,43.87,22264.0,1.0,0.0,0.0
2016-03-21,11:49:00,43.86,43.88,43.79,43.84,19896.0,1.0,0.0,0.0
2016-03-21,11:54:00,43.84,43.86,43.81,43.86,2928.0,1.0,0.0,0.0
2016-03-21,11:57:00,43.86,43.88,43.82,43.82,1699.0,1.0,0.0,0.0
2016-03-21,12:00:00,43.8145,43.8145,43.73,43.74,1788.0,1.0,0.0,0.0
2016-03-21,12:03:00,43.74,43.78,43.74,43.78,2322.0,1.0,0.0,0.0
2016-03-21,12:07:00,43.77,43.79,43.77,43.79,1299.0,1.0,0.0,0.0
2016-03-21,12:11:00,43.79,43.81,43.79,43.81,2511.0,1.0,0.0,0.0
2016-03-21,12:14:00,43.79,43.8,43.77,43.77,1320.0,1.0,0.0,0.0
2016-03-21,12:17:00,43.77,43.78,43.73,43.75,5216.0,1.0,0.0,0.0
2016-03-21,12:21:00,43.73,43.78,43.73,43.76,4942.0,1.0,0.0,0.0
2016-03-21,12:26:00,43.75,43.77,43.75,43.75,2694.0,1.0,0.0,0.0
2016-03-21,12:30:00,43.76,43.79,43.76,43.78,956.0,1.0,0.0,0.0
2016-03-21,12:33:00,43.78,43.81,43.78,43.78,1428.0,1.0,0.0,0.0
2016-03-21,12:36:00,43.79,43.86,43.79,43.84,3495.0,1.0,0.0,0.0
2016-03-21,12:40:00,43.8622,43.8622,43.8287,43.8287,1168.0,1.0,0.0,0.0
2016-03-21,12:44:00,43.83,43.85,43.82,43.85,1420.0,1.0,0.0,0.0
2016-03-21,12:47:00,43.86,43.88,43.8599,43.87,885.0,1.0,0.0,0.0
2016-03-21,12:50:00,43.86,43.86,43.83,43.85,981.0,1.0,0.0,0.0
2016-03-21,12:55:00,43.8436,43.87,43.83,43.85,4101.0,1.0,0.0,0.0
2016-03-21,12:59:00,43.87,43.91,43.87,43.91,7948.0,1.0,0.0,0.0
2016-03-21,13:02:00,43.89,43.9,43.8601,43.875,1053.0,1.0,0.0,0.0
2016-03-21,13:05:00,43.87,43.89,43.87,43.88,1357.0,1.0,0.0,0.0
2016-03-21,13:09:00,43.88,43.88,43.85,43.87,1162.0,1.0,0.0,0.0
2016-03-21,13:12:00,43.863,43.88,43.85,43.85,1330.0,1.0,0.0,0.0
2016-03-21,13:15:00,43.845,43.87,43.845,43.85,901.0,1.0,0.0,0.0
2016-03-21,13:18:00,43.84,43.88,43.83,43.88,3223.0,1.0,0.0,0.0
2016-03-21,13:21:00,43.88,43.9,43.88,43.89,1163.0,1.0,0.0,0.0
2016-03-21,13:25:00,43.89,43.92,43.89,43.92,1931.0,1.0,0.0,0.0
2016-03-21,13:28:00,43.912,43.97,43.912,43.97,2593.0,1.0,0.0,0.0
2016-03-21,13:32:00,43.99,43.99,43.96,43.964,687.0,1.0,0.0,0.0
2016-03-21,13:35:00,43.95,43.95,43.91,43.93,1302.0,1.0,0.0,0.0
2016-03-21,13:38:00,43.92,43.9399,43.91,43.91,1675.0,1.0,0.0,0.0
2016-03-21,13:41:00,43.93,43.93,43.89,43.9031,1173.0,1.0,0.0,0.0
2016-03-21,13:44:00,43.9,43.93,43.9,43.93,1634.0,1.0,0.0,0.0
2016-03-21,13:47:00,43.92,43.96,43.9125,43.9125,1831.0,1.0,0.0,0.0
2016-03-21,13:50:00,43.9299,43.9299,43.8615,43.88,2130.0,1.0,0.0,0.0
2016-03-21,13:53:00,43.88,43.94,43.88,43.92,5582.0,1.0,0.0,0.0
2016-03-21,13:58:00,43.94,43.95,43.9156,43.93,2055.0,1.0,0.0,0.0
2016-03-21,14:01:00,43.9337,43.95,43.9163,43.95,2941.0,1.0,0.0,0.0
2016-03-21,14:05:00,43.95,43.95,43.93,43.94,832.0,1.0,0.0,0.0
2016-03-21,14:08:00,43.94,43.94,43.92,43.93,960.0,1.0,0.0,0.0
2016-03-21,14:11:00,43.91,43.9399,43.88,43.9101,6667.0,1.0,0.0,0.0
2016-03-21,14:15:00,43.94,43.97,43.88,43.9,3742.0,1.0,0.0,0.0
2016-03-21,14:18:00,43.91,43.93,43.9094,43.93,947.0,1.0,0.0,0.0
2016-03-21,14:21:00,43.94,43.95,43.92,43.93,859.0,1.0,0.0,0.0
2016-03-21,14:24:00,43.92,43.97,43.91,43.95,1328.0,1.0,0.0,0.0
2016-03-21,14:27:00,43.95,43.96,43.91,43.92,2564.0,1.0,0.0,0.0
2016-03-21,14:30:00,43.91,43.98,43.91,43.98,4099.0,1.0,0.0,0.0
2016-03-21,14:33:00,43.95,43.9697,43.9401,43.9401,756.0,1.0,0.0,0.0
2016-03-21,14:36:00,43.94,43.98,43.94,43.96,2466.0,1.0,0.0,0.0
2016-03-21,14:39:00,43.96,43.97,43.952,43.966,3111.0,1.0,0.0,0.0
2016-03-21,14:43:00,43.972,43.99,43.96,43.98,693.0,1.0,0.0,0.0
2016-03-21,14:47:00,43.97,43.98,43.93,43.94,4105.0,1.0,0.0,0.0
2016-03-21,14:50:00,43.94,43.96,43.928000000000004,43.96,1157.0,1.0,0.0,0.0
2016-03-21,14:55:00,43.96,43.97,43.96,43.965,2631.0,1.0,0.0,0.0
2016-03-21,14:58:00,43.96,43.98,43.96,43.97,2797.0,1.0,0.0,0.0
2016-03-21,15:02:00,43.97,43.97,43.93,43.9499,5325.0,1.0,0.0,0.0
2016-03-21,15:05:00,43.9499,43.9699,43.9401,43.95399999999999,2785.0,1.0,0.0,0.0
2016-03-21,15:08:00,43.95,43.97,43.93,43.97,3884.0,1.0,0.0,0.0
2016-03-21,15:11:00,43.9601,43.97,43.9501,43.9501,1063.0,1.0,0.0,0.0
2016-03-21,15:14:00,43.9534,43.97,43.946000000000005,43.97,2636.0,1.0,0.0,0.0
2016-03-21,15:17:00,43.95,43.97,43.93,43.94,2925.0,1.0,0.0,0.0
2016-03-21,15:20:00,43.93899999999999,43.95,43.93899999999999,43.95,3687.0,1.0,0.0,0.0
2016-03-21,15:23:00,43.95,43.98,43.95,43.97,3516.0,1.0,0.0,0.0
2016-03-21,15:26:00,43.98,44.0,43.97,44.0,3614.0,1.0,0.0,0.0
2016-03-21,15:29:00,44.01,44.1,43.9965,44.07,8421.0,1.0,0.0,0.0
2016-03-21,15:32:00,44.07,44.07,44.03,44.06,4040.0,1.0,0.0,0.0
2016-03-21,15:35:00,44.06,44.09,44.05,44.09,7289.0,1.0,0.0,0.0
2016-03-21,15:38:00,44.09,44.135,44.09,44.13,6668.0,1.0,0.0,0.0
2016-03-21,15:41:00,44.12,44.13,44.0841,44.1247,8190.0,1.0,0.0,0.0
2016-03-21,15:44:00,44.13,44.17,44.12,44.16,8865.0,1.0,0.0,0.0
2016-03-21,15:47:00,44.16,44.16,44.13,44.14,10520.0,1.0,0.0,0.0
2016-03-21,15:50:00,44.14,44.16,44.13,44.13,11664.0,1.0,0.0,0.0
2016-03-21,15:53:00,44.14,44.145,44.13,44.13,10198.0,1.0,0.0,0.0
2016-03-21,15:56:00,44.13,44.18,44.13,44.17,23663.0,1.0,0.0,0.0
2016-03-21,15:59:00,44.17,44.17,44.15,44.15,31384.0,1.0,0.0,0.0
2016-03-22,09:32:00,44.12,44.13,43.95,44.02,13403.0,1.0,0.0,0.0
2016-03-22,09:35:00,44.04,44.16,44.03,44.12,1289.0,1.0,0.0,0.0
2016-03-22,09:38:00,44.13,44.24,44.09,44.23,2807.0,1.0,0.0,0.0
2016-03-22,09:41:00,44.17,44.21,44.17,44.21,500.0,1.0,0.0,0.0
2016-03-22,09:44:00,44.15,44.17,44.07,44.16,1029.0,1.0,0.0,0.0
2016-03-22,09:49:00,44.15,44.22,44.06,44.06,2315.0,1.0,0.0,0.0
2016-03-22,09:52:00,44.09,44.16,44.01,44.07,3127.0,1.0,0.0,0.0
2016-03-22,09:55:00,44.1,44.22,44.1,44.18,1589.0,1.0,0.0,0.0
2016-03-22,09:58:00,44.18,44.31,44.18,44.27,1212.0,1.0,0.0,0.0
2016-03-22,10:01:00,44.3,44.4,44.26,44.26,5266.0,1.0,0.0,0.0
2016-03-22,10:04:00,44.26,44.39,44.25,44.38,21961.0,1.0,0.0,0.0
2016-03-22,10:07:00,44.4,44.57,44.4,44.57,9277.0,1.0,0.0,0.0
2016-03-22,10:10:00,44.545,44.545,44.46,44.52,2778.0,1.0,0.0,0.0
2016-03-22,10:13:00,44.5,44.56,44.48,44.56,3831.0,1.0,0.0,0.0
2016-03-22,10:16:00,44.55,44.58,44.48,44.48,3767.0,1.0,0.0,0.0
2016-03-22,10:19:00,44.47,44.5,44.412,44.43,2128.0,1.0,0.0,0.0
2016-03-22,10:23:00,44.431999999999995,44.431999999999995,44.36,44.43,1377.0,1.0,0.0,0.0
2016-03-22,10:26:00,44.39,44.39,44.35,44.353,651.0,1.0,0.0,0.0
2016-03-22,10:29:00,44.35,44.43,44.35,44.41,1189.0,1.0,0.0,0.0
2016-03-22,10:32:00,44.42,44.42,44.34,44.376999999999995,7160.0,1.0,0.0,0.0
2016-03-22,10:35:00,44.35,44.3612,44.28,44.28,7563.0,1.0,0.0,0.0
2016-03-22,10:38:00,44.31,44.34,44.28,44.34,1293.0,1.0,0.0,0.0
2016-03-22,10:42:00,44.3601,44.43,44.36,44.36,1693.0,1.0,0.0,0.0
2016-03-22,10:46:00,44.3617,44.38,44.34,44.35,3164.0,1.0,0.0,0.0
2016-03-22,10:50:00,44.3523,44.3775,44.34,44.3775,1480.0,1.0,0.0,0.0
2016-03-22,10:53:00,44.37,44.44,44.37,44.44,5217.0,1.0,0.0,0.0
2016-03-22,10:57:00,44.45,44.5,44.45,44.47,3030.0,1.0,0.0,0.0
2016-03-22,11:00:00,44.46,44.47,44.42,44.42,20695.0,1.0,0.0,0.0
2016-03-22,11:03:00,44.41,44.43,44.39,44.4,2348.0,1.0,0.0,0.0
2016-03-22,11:06:00,44.39,44.39,44.36,44.37,2181.0,1.0,0.0,0.0
2016-03-22,11:09:00,44.37,44.4,44.37,44.39,2973.0,1.0,0.0,0.0
2016-03-22,11:14:00,44.4,44.43,44.38,44.39,4744.0,1.0,0.0,0.0
2016-03-22,11:17:00,44.41,44.49,44.41,44.47,2473.0,1.0,0.0,0.0
2016-03-22,11:20:00,44.49,44.535,44.49,44.52,1226.0,1.0,0.0,0.0
2016-03-22,11:23:00,44.51,44.52,44.46,44.46,2240.0,1.0,0.0,0.0
2016-03-22,11:26:00,44.47,44.48,44.43,44.47,2110.0,1.0,0.0,0.0
2016-03-22,11:29:00,44.48,44.51,44.48,44.51,1269.0,1.0,0.0,0.0
2016-03-22,11:32:00,44.4876,44.4876,44.45,44.46,1696.0,1.0,0.0,0.0
2016-03-22,11:35:00,44.46,44.49,44.46,44.49,800.0,1.0,0.0,0.0
2016-03-22,11:39:00,44.495,44.52,44.49,44.49,1624.0,1.0,0.0,0.0
2016-03-22,11:42:00,44.48,44.53,44.47,44.5,2411.0,1.0,0.0,0.0
2016-03-22,11:45:00,44.53,44.54,44.47,44.47,2084.0,1.0,0.0,0.0
2016-03-22,11:49:00,44.4841,44.4841,44.43,44.43,2290.0,1.0,0.0,0.0
2016-03-22,11:53:00,44.45,44.46,44.37,44.37,2792.0,1.0,0.0,0.0
2016-03-22,11:56:00,44.38,44.47,44.37,44.47,1978.0,1.0,0.0,0.0
2016-03-22,11:59:00,44.47,44.53,44.47,44.53,3795.0,1.0,0.0,0.0
2016-03-22,12:02:00,44.53,44.54600000000001,44.53,44.54600000000001,4804.0,1.0,0.0,0.0
2016-03-22,12:05:00,44.545,44.545,44.49,44.5,4465.0,1.0,0.0,0.0
2016-03-22,12:09:00,44.49,44.53,44.49,44.49,3988.0,1.0,0.0,0.0
2016-03-22,12:12:00,44.49,44.51,44.49,44.49,1700.0,1.0,0.0,0.0
2016-03-22,12:15:00,44.49,44.49,44.46,44.48,2154.0,1.0,0.0,0.0
2016-03-22,12:18:00,44.49,44.49,44.44,44.44,1677.0,1.0,0.0,0.0
2016-03-22,12:21:00,44.44,44.44,44.42,44.435,1753.0,1.0,0.0,0.0
2016-03-22,12:24:00,44.44,44.44,44.39,44.39,3028.0,1.0,0.0,0.0
2016-03-22,12:27:00,44.39,44.39,44.36,44.37,1303.0,1.0,0.0,0.0
2016-03-22,12:30:00,44.36,44.38,44.33,44.36,4350.0,1.0,0.0,0.0
2016-03-22,12:33:00,44.37,44.376999999999995,44.3494,44.36,2291.0,1.0,0.0,0.0
2016-03-22,12:36:00,44.37,44.37,44.33,44.33,890.0,1.0,0.0,0.0
2016-03-22,12:39:00,44.34,44.34,44.315,44.315,1308.0,1.0,0.0,0.0
2016-03-22,12:42:00,44.33,44.34,44.28,44.33,3643.0,1.0,0.0,0.0
2016-03-22,12:45:00,44.34,44.34,44.31,44.33,2032.0,1.0,0.0,0.0
2016-03-22,12:49:00,44.33,44.33,44.3,44.3299,1749.0,1.0,0.0,0.0
2016-03-22,12:52:00,44.3153,44.3535,44.315,44.3535,1560.0,1.0,0.0,0.0
2016-03-22,12:55:00,44.35,44.38,44.34,44.35,5410.0,1.0,0.0,0.0
2016-03-22,12:58:00,44.35,44.36,44.32,44.34,3894.0,1.0,0.0,0.0
2016-03-22,13:01:00,44.34,44.36,44.33,44.34,2926.0,1.0,0.0,0.0
2016-03-22,13:05:00,44.33,44.34,44.31,44.3101,1830.0,1.0,0.0,0.0
2016-03-22,13:11:00,44.32,44.35,44.3,44.35,2881.0,1.0,0.0,0.0
2016-03-22,13:14:00,44.34,44.36,44.33,44.33,1436.0,1.0,0.0,0.0
2016-03-22,13:17:00,44.32,44.37,44.32,44.37,2060.0,1.0,0.0,0.0
2016-03-22,13:21:00,44.3701,44.41,44.37,44.39,576.0,1.0,0.0,0.0
2016-03-22,13:24:00,44.4075,44.41,44.3901,44.394,421.0,1.0,0.0,0.0
2016-03-22,13:29:00,44.39,44.41,44.37,44.41,2517.0,1.0,0.0,0.0
2016-03-22,13:33:00,44.4142,44.43,44.4142,44.4274,1234.0,1.0,0.0,0.0
2016-03-22,13:36:00,44.423,44.46,44.42,44.46,11275.0,1.0,0.0,0.0
2016-03-22,13:41:00,44.45,44.47,44.41,44.41,2073.0,1.0,0.0,0.0
2016-03-22,13:44:00,44.41,44.43,44.36,44.39,7028.0,1.0,0.0,0.0
2016-03-22,13:47:00,44.3973,44.3973,44.35,44.35,1881.0,1.0,0.0,0.0
2016-03-22,13:50:00,44.37,44.43,44.36,44.43,2036.0,1.0,0.0,0.0
2016-03-22,13:54:00,44.43,44.45,44.43,44.45,2918.0,1.0,0.0,0.0
2016-03-22,13:57:00,44.4401,44.465,44.4401,44.46,3170.0,1.0,0.0,0.0
2016-03-22,14:00:00,44.46,44.51,44.46,44.5,10019.0,1.0,0.0,0.0
2016-03-22,14:03:00,44.5,44.53,44.5,44.53,2295.0,1.0,0.0,0.0
2016-03-22,14:06:00,44.53,44.5399,44.52,44.5358,3019.0,1.0,0.0,0.0
2016-03-22,14:09:00,44.52,44.55,44.52,44.55,5262.0,1.0,0.0,0.0
2016-03-22,14:12:00,44.54,44.59,44.54,44.59,4281.0,1.0,0.0,0.0
2016-03-22,14:15:00,44.59,44.61,44.59,44.6063,5473.0,1.0,0.0,0.0
2016-03-22,14:18:00,44.61,44.62,44.56,44.56,3155.0,1.0,0.0,0.0
2016-03-22,14:21:00,44.57,44.605,44.56,44.6,6941.0,1.0,0.0,0.0
2016-03-22,14:24:00,44.6,44.66,44.6,44.65,9192.0,1.0,0.0,0.0
2016-03-22,14:27:00,44.64,44.68,44.64,44.68,2326.0,1.0,0.0,0.0
2016-03-22,14:30:00,44.7,44.7,44.66,44.67,3729.0,1.0,0.0,0.0
2016-03-22,14:33:00,44.67,44.7,44.66,44.69,4433.0,1.0,0.0,0.0
2016-03-22,14:36:00,44.68,44.7,44.65,44.65,4400.0,1.0,0.0,0.0
2016-03-22,14:39:00,44.66,44.73,44.66,44.722,2837.0,1.0,0.0,0.0
2016-03-22,14:42:00,44.73,44.77,44.73,44.75,4019.0,1.0,0.0,0.0
2016-03-22,14:45:00,44.75,44.77,44.74,44.77,2502.0,1.0,0.0,0.0
2016-03-22,14:48:00,44.76,44.77,44.69,44.69,3849.0,1.0,0.0,0.0
2016-03-22,14:51:00,44.69,44.7,44.66,44.67,3869.0,1.0,0.0,0.0
2016-03-22,14:54:00,44.67,44.69,44.65,44.69,4478.0,1.0,0.0,0.0
2016-03-22,14:57:00,44.685,44.69,44.66,44.668,2963.0,1.0,0.0,0.0
2016-03-22,15:00:00,44.67,44.69,44.64,44.66,6912.0,1.0,0.0,0.0
2016-03-22,15:03:00,44.66,44.69,44.65,44.68,5155.0,1.0,0.0,0.0
2016-03-22,15:07:00,44.68,44.69,44.65,44.67,4869.0,1.0,0.0,0.0
2016-03-22,15:10:00,44.66,44.67,44.6475,44.6475,4211.0,1.0,0.0,0.0
2016-03-22,15:13:00,44.65,44.67,44.64,44.66,4733.0,1.0,0.0,0.0
2016-03-22,15:16:00,44.66,44.66,44.61,44.66,16035.0,1.0,0.0,0.0
2016-03-22,15:19:00,44.651,44.66,44.64,44.65,8263.0,1.0,0.0,0.0
2016-03-22,15:22:00,44.65,44.66,44.62,44.625,8971.0,1.0,0.0,0.0
2016-03-22,15:25:00,44.63,44.663999999999994,44.63,44.66,7324.0,1.0,0.0,0.0
2016-03-22,15:28:00,44.67,44.67,44.65,44.665,3866.0,1.0,0.0,0.0
2016-03-22,15:31:00,44.66,44.68,44.64,44.66,3977.0,1.0,0.0,0.0
2016-03-22,15:34:00,44.65,44.67,44.64,44.66,7146.0,1.0,0.0,0.0
2016-03-22,15:37:00,44.65,44.67,44.64,44.6555,7787.0,1.0,0.0,0.0
2016-03-22,15:40:00,44.66,44.66,44.63,44.64,8937.0,1.0,0.0,0.0
2016-03-22,15:43:00,44.65,44.68,44.64,44.67,9598.0,1.0,0.0,0.0
2016-03-22,15:46:00,44.66,44.663000000000004,44.58,44.59,22698.0,1.0,0.0,0.0
2016-03-22,15:49:00,44.5901,44.6,44.56,44.56,7837.0,1.0,0.0,0.0
2016-03-22,15:52:00,44.56,44.58,44.53,44.53,13346.0,1.0,0.0,0.0
2016-03-22,15:55:00,44.53,44.53,44.51,44.52,14152.0,1.0,0.0,0.0
2016-03-22,15:58:00,44.52,44.55,44.515,44.55,17146.0,1.0,0.0,0.0
2016-03-23,09:32:00,44.55,44.58,44.085,44.13,23179.0,1.0,0.0,0.0
2016-03-23,09:35:00,44.15,44.22,44.1301,44.18,1034.0,1.0,0.0,0.0
2016-03-23,09:38:00,44.2,44.27,44.18,44.18,1415.0,1.0,0.0,0.0
2016-03-23,09:41:00,44.17,44.17,44.12,44.1675,2967.0,1.0,0.0,0.0
2016-03-23,09:44:00,44.21,44.31,44.21,44.3,331.0,1.0,0.0,0.0
2016-03-23,09:48:00,44.31,44.34,44.28,44.3,2251.0,1.0,0.0,0.0
2016-03-23,09:52:00,44.36,44.4,44.3,44.36,2300.0,1.0,0.0,0.0
2016-03-23,09:55:00,44.41,44.41,44.34,44.34,2651.0,1.0,0.0,0.0
2016-03-23,09:58:00,44.35,44.39,44.31,44.34,422.0,1.0,0.0,0.0
2016-03-23,10:02:00,44.35,44.35,44.3,44.34,1007.0,1.0,0.0,0.0
2016-03-23,10:05:00,44.34,44.34,44.26,44.29,1709.0,1.0,0.0,0.0
2016-03-23,10:08:00,44.27,44.27,44.21,44.2201,4849.0,1.0,0.0,0.0
2016-03-23,10:11:00,44.21,44.31,44.21,44.3,9227.0,1.0,0.0,0.0
2016-03-23,10:14:00,44.33,44.37,44.31,44.35,2087.0,1.0,0.0,0.0
2016-03-23,10:17:00,44.33,44.335,44.2,44.2,5145.0,1.0,0.0,0.0
2016-03-23,10:20:00,44.18,44.23,44.14,44.23,4466.0,1.0,0.0,0.0
2016-03-23,10:23:00,44.22,44.24,44.1701,44.2,659.0,1.0,0.0,0.0
2016-03-23,10:26:00,44.25,44.26,44.22,44.22,828.0,1.0,0.0,0.0
2016-03-23,10:29:00,44.2,44.21,44.15,44.15,526.0,1.0,0.0,0.0
2016-03-23,10:32:00,44.14,44.26,44.13,44.19,5916.0,1.0,0.0,0.0
2016-03-23,10:35:00,44.17,44.25,44.14,44.2,27897.0,1.0,0.0,0.0
2016-03-23,10:38:00,44.2,44.27,44.2,44.2,7892.0,1.0,0.0,0.0
2016-03-23,10:41:00,44.21,44.23,44.18,44.22,25844.0,1.0,0.0,0.0
2016-03-23,10:44:00,44.23,44.3,44.21,44.3,8819.0,1.0,0.0,0.0
2016-03-23,10:47:00,44.31,44.36,44.26,44.3,20288.0,1.0,0.0,0.0
2016-03-23,10:50:00,44.31,44.31,44.21,44.2208,2795.0,1.0,0.0,0.0
2016-03-23,10:53:00,44.22,44.22,44.18,44.21,1778.0,1.0,0.0,0.0
2016-03-23,10:57:00,44.18,44.22,44.18,44.2,942.0,1.0,0.0,0.0
2016-03-23,11:00:00,44.19,44.22,44.18,44.18,3242.0,1.0,0.0,0.0
2016-03-23,11:03:00,44.181999999999995,44.181999999999995,44.15,44.18,1515.0,1.0,0.0,0.0
2016-03-23,11:07:00,44.17,44.17,44.15,44.15,1800.0,1.0,0.0,0.0
2016-03-23,11:10:00,44.16,44.19,44.1,44.1,5218.0,1.0,0.0,0.0
2016-03-23,11:14:00,44.08,44.13,44.08,44.11,4174.0,1.0,0.0,0.0
2016-03-23,11:18:00,44.1084,44.12,44.06,44.06,2601.0,1.0,0.0,0.0
2016-03-23,11:21:00,44.06,44.06,44.0,44.01,3158.0,1.0,0.0,0.0
2016-03-23,11:24:00,44.0,44.03,43.99,44.03,1468.0,1.0,0.0,0.0
2016-03-23,11:27:00,44.02,44.04,44.0,44.04,1803.0,1.0,0.0,0.0
2016-03-23,11:30:00,44.04,44.045,43.95,43.95,2926.0,1.0,0.0,0.0
2016-03-23,11:33:00,43.96,43.96,43.88,43.9,2759.0,1.0,0.0,0.0
2016-03-23,11:36:00,43.9,43.96,43.85,43.96,5658.0,1.0,0.0,0.0
2016-03-23,11:39:00,43.92,43.92,43.89,43.92,2387.0,1.0,0.0,0.0
2016-03-23,11:42:00,43.9,43.91,43.87,43.89,1800.0,1.0,0.0,0.0
2016-03-23,11:45:00,43.87,43.87,43.82,43.82,822.0,1.0,0.0,0.0
2016-03-23,11:48:00,43.825,43.85,43.825,43.85,1746.0,1.0,0.0,0.0
2016-03-23,11:51:00,43.84,43.85,43.8,43.82,4766.0,1.0,0.0,0.0
2016-03-23,11:54:00,43.8,43.85,43.8,43.85,2608.0,1.0,0.0,0.0
2016-03-23,11:58:00,43.85,43.86,43.82,43.84,3386.0,1.0,0.0,0.0
2016-03-23,12:01:00,43.83,43.91,43.83,43.91,2894.0,1.0,0.0,0.0
2016-03-23,12:04:00,43.92,43.95,43.91,43.93,1153.0,1.0,0.0,0.0
2016-03-23,12:07:00,43.94,43.95,43.92,43.92,1102.0,1.0,0.0,0.0
2016-03-23,12:10:00,43.94,43.96,43.84,43.94,40067.0,1.0,0.0,0.0
2016-03-23,12:13:00,43.93,43.93,43.88,43.9,6082.0,1.0,0.0,0.0
2016-03-23,12:16:00,43.9,43.9,43.86,43.87,5456.0,1.0,0.0,0.0
2016-03-23,12:19:00,43.88,43.93,43.86,43.87,8481.0,1.0,0.0,0.0
2016-03-23,12:22:00,43.87,43.88,43.85,43.88,8138.0,1.0,0.0,0.0
2016-03-23,12:27:00,43.88,43.89,43.88,43.88,1223.0,1.0,0.0,0.0
2016-03-23,12:30:00,43.88,43.93,43.88,43.9,2151.0,1.0,0.0,0.0
2016-03-23,12:33:00,43.9,43.92,43.88,43.91,2705.0,1.0,0.0,0.0
2016-03-23,12:36:00,43.9,43.9,43.88,43.88,2376.0,1.0,0.0,0.0
2016-03-23,12:39:00,43.89,43.95,43.89,43.93,2966.0,1.0,0.0,0.0
2016-03-23,12:42:00,43.94,43.94,43.92,43.93,607.0,1.0,0.0,0.0
2016-03-23,12:45:00,43.93,43.97,43.91,43.92,4293.0,1.0,0.0,0.0
2016-03-23,12:48:00,43.93,43.95,43.92,43.94,2086.0,1.0,0.0,0.0
2016-03-23,12:51:00,43.93,43.93,43.91,43.91,1602.0,1.0,0.0,0.0
2016-03-23,12:54:00,43.92,43.92,43.87,43.88,2444.0,1.0,0.0,0.0
2016-03-23,12:57:00,43.88,43.93,43.88,43.93,2280.0,1.0,0.0,0.0
2016-03-23,13:00:00,43.92,43.96,43.92,43.96,1008.0,1.0,0.0,0.0
2016-03-23,13:03:00,43.96,43.96,43.92,43.94,2210.0,1.0,0.0,0.0
2016-03-23,13:06:00,43.9301,43.96,43.92,43.92,1519.0,1.0,0.0,0.0
2016-03-23,13:09:00,43.9,43.935,43.9,43.935,1492.0,1.0,0.0,0.0
2016-03-23,13:12:00,43.95,43.96,43.94,43.96,900.0,1.0,0.0,0.0
2016-03-23,13:15:00,43.94,43.96,43.9301,43.955,1295.0,1.0,0.0,0.0
2016-03-23,13:20:00,43.97,43.97,43.92,43.92,2196.0,1.0,0.0,0.0
2016-03-23,13:23:00,43.93,43.95,43.88,43.89,5208.0,1.0,0.0,0.0
2016-03-23,13:26:00,43.89,43.89,43.87,43.88,1823.0,1.0,0.0,0.0
2016-03-23,13:29:00,43.86,43.89,43.86,43.89,1477.0,1.0,0.0,0.0
2016-03-23,13:32:00,43.87,43.88,43.83,43.85,2695.0,1.0,0.0,0.0
2016-03-23,13:37:00,43.8401,43.86,43.84,43.85,1914.0,1.0,0.0,0.0
2016-03-23,13:42:00,43.84,43.88,43.84,43.88,2605.0,1.0,0.0,0.0
2016-03-23,13:45:00,43.89,43.9,43.88,43.89,770.0,1.0,0.0,0.0
2016-03-23,13:48:00,43.89,43.89,43.84,43.86,3398.0,1.0,0.0,0.0
2016-03-23,13:51:00,43.84,43.85,43.84,43.85,853.0,1.0,0.0,0.0
2016-03-23,13:54:00,43.89,43.89,43.8601,43.87,266.0,1.0,0.0,0.0
2016-03-23,13:57:00,43.88,43.89,43.86,43.87,880.0,1.0,0.0,0.0
2016-03-23,14:00:00,43.87,43.89,43.87,43.88,1806.0,1.0,0.0,0.0
2016-03-23,14:03:00,43.89,43.91,43.8887,43.9044,2219.0,1.0,0.0,0.0
2016-03-23,14:07:00,43.9116,43.9116,43.86,43.86,1541.0,1.0,0.0,0.0
2016-03-23,14:10:00,43.8632,43.91,43.8632,43.896,1573.0,1.0,0.0,0.0
2016-03-23,14:13:00,43.9,43.91,43.88,43.88,2676.0,1.0,0.0,0.0
2016-03-23,14:16:00,43.8752,43.92,43.87,43.91,3448.0,1.0,0.0,0.0
2016-03-23,14:19:00,43.9055,43.92,43.9,43.9,804.0,1.0,0.0,0.0
2016-03-23,14:22:00,43.91,43.93,43.8912,43.91,4017.0,1.0,0.0,0.0
2016-03-23,14:25:00,43.91,43.9199,43.89,43.89,1597.0,1.0,0.0,0.0
2016-03-23,14:28:00,43.88,43.88,43.85,43.87,2701.0,1.0,0.0,0.0
2016-03-23,14:31:00,43.86,43.87,43.85,43.87,2524.0,1.0,0.0,0.0
2016-03-23,14:34:00,43.8666,43.88,43.85,43.85,1057.0,1.0,0.0,0.0
2016-03-23,14:37:00,43.85,43.86,43.84,43.84,4303.0,1.0,0.0,0.0
2016-03-23,14:40:00,43.84,43.85,43.81,43.81,8089.0,1.0,0.0,0.0
2016-03-23,14:44:00,43.82,43.86,43.82,43.85,11716.0,1.0,0.0,0.0
2016-03-23,14:47:00,43.86,43.87,43.84,43.85,3433.0,1.0,0.0,0.0
2016-03-23,14:50:00,43.84,43.84,43.78,43.79,11545.0,1.0,0.0,0.0
2016-03-23,14:53:00,43.79,43.79,43.75,43.79,9785.0,1.0,0.0,0.0
2016-03-23,14:56:00,43.79,43.82,43.78,43.79,6596.0,1.0,0.0,0.0
2016-03-23,14:59:00,43.799,43.8,43.78,43.79,1623.0,1.0,0.0,0.0
2016-03-23,15:02:00,43.78,43.79,43.78,43.78,3880.0,1.0,0.0,0.0
2016-03-23,15:05:00,43.78,43.783,43.74,43.74,3390.0,1.0,0.0,0.0
2016-03-23,15:08:00,43.74,43.75,43.73,43.74,4968.0,1.0,0.0,0.0
2016-03-23,15:11:00,43.74,43.74,43.71,43.71,1196.0,1.0,0.0,0.0
2016-03-23,15:14:00,43.7199,43.73,43.7,43.71,4438.0,1.0,0.0,0.0
2016-03-23,15:17:00,43.71,43.73,43.7,43.73,4395.0,1.0,0.0,0.0
2016-03-23,15:20:00,43.71,43.71,43.69,43.69,962.0,1.0,0.0,0.0
2016-03-23,15:23:00,43.69,43.7,43.67,43.68,3236.0,1.0,0.0,0.0
2016-03-23,15:26:00,43.67,43.68,43.66,43.68,2307.0,1.0,0.0,0.0
2016-03-23,15:29:00,43.68,43.73,43.68,43.73,4541.0,1.0,0.0,0.0
2016-03-23,15:32:00,43.72,43.73,43.68,43.7099,1976.0,1.0,0.0,0.0
2016-03-23,15:35:00,43.7,43.71,43.68,43.68,6596.0,1.0,0.0,0.0
2016-03-23,15:38:00,43.68,43.73,43.68,43.72,6388.0,1.0,0.0,0.0
2016-03-23,15:41:00,43.71,43.72,43.68,43.7001,5866.0,1.0,0.0,0.0
2016-03-23,15:44:00,43.7,43.72,43.69,43.69,2861.0,1.0,0.0,0.0
2016-03-23,15:47:00,43.69,43.69,43.64,43.64,7279.0,1.0,0.0,0.0
2016-03-23,15:50:00,43.65,43.66,43.63,43.65,18733.0,1.0,0.0,0.0
2016-03-23,15:53:00,43.65,43.68,43.65,43.65,10710.0,1.0,0.0,0.0
2016-03-23,15:56:00,43.66,43.71,43.65,43.7,11114.0,1.0,0.0,0.0
2016-03-23,15:59:00,43.7,43.71,43.66,43.67,24558.0,1.0,0.0,0.0
2016-03-24,09:33:00,43.35,43.36,43.14,43.19,14078.0,1.0,0.0,0.0
2016-03-24,09:37:00,43.16,43.25,43.16,43.25,2126.0,1.0,0.0,0.0
2016-03-24,09:40:00,43.3,43.4,43.3,43.3,695.0,1.0,0.0,0.0
2016-03-24,09:44:00,43.34,43.38,43.22,43.22,7982.0,1.0,0.0,0.0
2016-03-24,09:47:00,43.2,43.23,43.14,43.18,3806.0,1.0,0.0,0.0
2016-03-24,09:50:00,43.24,43.24,43.21,43.23,1725.0,1.0,0.0,0.0
2016-03-24,09:53:00,43.23,43.26,43.19,43.19,2818.0,1.0,0.0,0.0
2016-03-24,09:56:00,43.2,43.22,43.15,43.18,2504.0,1.0,0.0,0.0
2016-03-24,09:59:00,43.185,43.2999,43.185,43.2999,1614.0,1.0,0.0,0.0
2016-03-24,10:02:00,43.3,43.3,43.23,43.23,1714.0,1.0,0.0,0.0
2016-03-24,10:05:00,43.23,43.255,43.19,43.22,4743.0,1.0,0.0,0.0
2016-03-24,10:08:00,43.2396,43.31,43.21,43.21,3484.0,1.0,0.0,0.0
2016-03-24,10:11:00,43.22,43.25,43.15,43.19,6096.0,1.0,0.0,0.0
2016-03-24,10:14:00,43.19,43.21,43.155,43.155,2335.0,1.0,0.0,0.0
2016-03-24,10:17:00,43.16,43.25,43.16,43.24,3634.0,1.0,0.0,0.0
2016-03-24,10:22:00,43.2,43.28,43.19,43.25,3048.0,1.0,0.0,0.0
2016-03-24,10:25:00,43.24,43.24,43.17,43.19,3619.0,1.0,0.0,0.0
2016-03-24,10:30:00,43.18,43.24,43.18,43.23,2018.0,1.0,0.0,0.0
2016-03-24,10:33:00,43.27,43.31,43.26,43.26,3887.0,1.0,0.0,0.0
2016-03-24,10:36:00,43.27,43.27,43.22,43.25,3949.0,1.0,0.0,0.0
2016-03-24,10:39:00,43.26,43.27,43.25,43.26,1881.0,1.0,0.0,0.0
2016-03-24,10:42:00,43.26,43.35,43.26,43.34,2395.0,1.0,0.0,0.0
2016-03-24,10:45:00,43.36,43.36,43.26,43.265,4850.0,1.0,0.0,0.0
2016-03-24,10:48:00,43.27,43.31,43.26,43.27,5441.0,1.0,0.0,0.0
2016-03-24,10:51:00,43.2598,43.2598,43.22,43.24,4023.0,1.0,0.0,0.0
2016-03-24,10:54:00,43.24,43.26,43.19,43.22,1977.0,1.0,0.0,0.0
2016-03-24,10:57:00,43.23,43.24,43.21,43.23,1553.0,1.0,0.0,0.0
2016-03-24,11:00:00,43.24,43.27,43.21,43.26,3015.0,1.0,0.0,0.0
2016-03-24,11:03:00,43.26,43.27,43.23,43.23,2204.0,1.0,0.0,0.0
2016-03-24,11:06:00,43.2255,43.26,43.21,43.24,3037.0,1.0,0.0,0.0
2016-03-24,11:10:00,43.25,43.26,43.2256,43.26,2527.0,1.0,0.0,0.0
2016-03-24,11:13:00,43.26,43.26,43.2,43.2,10384.0,1.0,0.0,0.0
2016-03-24,11:16:00,43.2,43.2,43.16,43.16,3332.0,1.0,0.0,0.0
2016-03-24,11:19:00,43.17,43.185,43.14,43.14,10724.0,1.0,0.0,0.0
2016-03-24,11:22:00,43.16,43.16,43.11,43.11,2879.0,1.0,0.0,0.0
2016-03-24,11:25:00,43.0901,43.1,43.07,43.07,2183.0,1.0,0.0,0.0
2016-03-24,11:28:00,43.07,43.0999,43.07,43.08,2860.0,1.0,0.0,0.0
2016-03-24,11:31:00,43.08,43.1,43.06,43.095,2522.0,1.0,0.0,0.0
2016-03-24,11:35:00,43.085,43.1,43.06,43.1,7539.0,1.0,0.0,0.0
2016-03-24,11:38:00,43.11,43.12,43.08,43.085,1274.0,1.0,0.0,0.0
2016-03-24,11:41:00,43.0601,43.08,43.04,43.07,3476.0,1.0,0.0,0.0
2016-03-24,11:44:00,43.06,43.09,43.06,43.09,3089.0,1.0,0.0,0.0
2016-03-24,11:47:00,43.09,43.09,42.99,43.0,10024.0,1.0,0.0,0.0
2016-03-24,11:50:00,42.97,43.0,42.96,42.97,3828.0,1.0,0.0,0.0
2016-03-24,11:53:00,42.95,42.98,42.92,42.98,3178.0,1.0,0.0,0.0
2016-03-24,11:56:00,42.94,42.95,42.93,42.93,3240.0,1.0,0.0,0.0
2016-03-24,11:59:00,42.95,43.0,42.9301,42.99,2162.0,1.0,0.0,0.0
2016-03-24,12:02:00,42.98,43.12,42.98,43.12,26078.0,1.0,0.0,0.0
2016-03-24,12:06:00,43.11,43.17,43.09,43.17,2288.0,1.0,0.0,0.0
2016-03-24,12:09:00,43.18,43.21,43.18,43.19,4115.0,1.0,0.0,0.0
2016-03-24,12:12:00,43.18,43.18,43.11,43.12,2829.0,1.0,0.0,0.0
2016-03-24,12:15:00,43.12,43.12,43.09,43.1,2707.0,1.0,0.0,0.0
2016-03-24,12:19:00,43.11,43.11,43.02,43.02,2823.0,1.0,0.0,0.0
2016-03-24,12:22:00,43.02,43.03,43.0,43.02,4701.0,1.0,0.0,0.0
2016-03-24,12:25:00,43.02,43.02,42.97,42.97,1895.0,1.0,0.0,0.0
2016-03-24,12:28:00,42.97,43.04,42.97,43.03,5203.0,1.0,0.0,0.0
2016-03-24,12:31:00,43.02,43.16,43.02,43.13,11093.0,1.0,0.0,0.0
2016-03-24,12:35:00,43.12,43.12,43.06,43.06,1781.0,1.0,0.0,0.0
2016-03-24,12:38:00,43.08,43.09,43.06,43.06,2314.0,1.0,0.0,0.0
2016-03-24,12:41:00,43.07,43.08,43.04,43.08,4201.0,1.0,0.0,0.0
2016-03-24,12:44:00,43.06,43.07,43.04,43.04,3186.0,1.0,0.0,0.0
2016-03-24,12:47:00,43.05,43.09,43.04,43.0703,2279.0,1.0,0.0,0.0
2016-03-24,12:51:00,43.07,43.13,43.07,43.13,4037.0,1.0,0.0,0.0
2016-03-24,12:56:00,43.1337,43.17,43.12,43.17,4969.0,1.0,0.0,0.0
2016-03-24,13:01:00,43.17,43.17,43.12,43.155,7621.0,1.0,0.0,0.0
2016-03-24,13:04:00,43.15,43.19,43.15,43.16,3240.0,1.0,0.0,0.0
2016-03-24,13:07:00,43.15,43.22,43.15,43.19,6215.0,1.0,0.0,0.0
2016-03-24,13:10:00,43.205,43.205,43.17,43.17,763.0,1.0,0.0,0.0
2016-03-24,13:13:00,43.17,43.21,43.16,43.2,3754.0,1.0,0.0,0.0
2016-03-24,13:16:00,43.2,43.21,43.14,43.17,1659.0,1.0,0.0,0.0
2016-03-24,13:19:00,43.15,43.1899,43.1101,43.18,2228.0,1.0,0.0,0.0
2016-03-24,13:22:00,43.1801,43.1873,43.13,43.13,5084.0,1.0,0.0,0.0
2016-03-24,13:25:00,43.11,43.15,43.11,43.14,4789.0,1.0,0.0,0.0
2016-03-24,13:28:00,43.15,43.15,43.1,43.14,3503.0,1.0,0.0,0.0
2016-03-24,13:31:00,43.1441,43.16,43.12,43.15,4056.0,1.0,0.0,0.0
2016-03-24,13:34:00,43.14,43.17,43.14,43.17,740.0,1.0,0.0,0.0
2016-03-24,13:37:00,43.16,43.17,43.15,43.17,2576.0,1.0,0.0,0.0
2016-03-24,13:40:00,43.17,43.18,43.16,43.17,2349.0,1.0,0.0,0.0
2016-03-24,13:43:00,43.1627,43.17,43.16,43.17,1391.0,1.0,0.0,0.0
2016-03-24,13:46:00,43.16,43.16,43.1205,43.13,4664.0,1.0,0.0,0.0
2016-03-24,13:49:00,43.14,43.15,43.14,43.14,3778.0,1.0,0.0,0.0
2016-03-24,13:52:00,43.14,43.16,43.14,43.146,3176.0,1.0,0.0,0.0
2016-03-24,13:55:00,43.15,43.18,43.15,43.18,2394.0,1.0,0.0,0.0
2016-03-24,13:58:00,43.17,43.2,43.16,43.16,3391.0,1.0,0.0,0.0
2016-03-24,14:02:00,43.15,43.16,43.13,43.14,4104.0,1.0,0.0,0.0
2016-03-24,14:05:00,43.14,43.15,43.13,43.13,2672.0,1.0,0.0,0.0
2016-03-24,14:08:00,43.12,43.12,43.09,43.0901,2904.0,1.0,0.0,0.0
2016-03-24,14:11:00,43.0999,43.11,43.09,43.105,4412.0,1.0,0.0,0.0
2016-03-24,14:14:00,43.11,43.11,43.07,43.09,3088.0,1.0,0.0,0.0
2016-03-24,14:17:00,43.085,43.11,43.08,43.1099,2411.0,1.0,0.0,0.0
2016-03-24,14:21:00,43.1,43.13,43.1,43.12,4841.0,1.0,0.0,0.0
2016-03-24,14:24:00,43.13,43.14,43.12,43.13,2943.0,1.0,0.0,0.0
2016-03-24,14:27:00,43.12,43.1301,43.11,43.1301,5684.0,1.0,0.0,0.0
2016-03-24,14:31:00,43.15,43.15,43.13,43.14,3293.0,1.0,0.0,0.0
2016-03-24,14:35:00,43.14,43.14,43.08,43.09,6278.0,1.0,0.0,0.0
2016-03-24,14:38:00,43.08,43.14,43.08,43.13,4691.0,1.0,0.0,0.0
2016-03-24,14:41:00,43.12,43.16,43.1101,43.15,4687.0,1.0,0.0,0.0
2016-03-24,14:44:00,43.16,43.19,43.16,43.19,1950.0,1.0,0.0,0.0
2016-03-24,14:47:00,43.18,43.19,43.17,43.17,2926.0,1.0,0.0,0.0
2016-03-24,14:50:00,43.18,43.19,43.16,43.18,3213.0,1.0,0.0,0.0
2016-03-24,14:53:00,43.18,43.18,43.16,43.16,3105.0,1.0,0.0,0.0
2016-03-24,14:56:00,43.1625,43.17,43.13,43.15,6682.0,1.0,0.0,0.0
2016-03-24,15:00:00,43.14,43.15,43.14,43.14,4482.0,1.0,0.0,0.0
2016-03-24,15:03:00,43.14,43.14,43.1,43.14,9157.0,1.0,0.0,0.0
2016-03-24,15:06:00,43.14,43.17,43.13,43.17,5599.0,1.0,0.0,0.0
2016-03-24,15:09:00,43.17,43.19,43.16,43.18,6571.0,1.0,0.0,0.0
2016-03-24,15:12:00,43.19,43.22,43.19,43.22,18005.0,1.0,0.0,0.0
2016-03-24,15:15:00,43.2,43.22,43.19,43.2,7937.0,1.0,0.0,0.0
2016-03-24,15:18:00,43.2,43.21,43.19,43.19,7319.0,1.0,0.0,0.0
2016-03-24,15:21:00,43.2,43.2,43.19,43.19,5379.0,1.0,0.0,0.0
2016-03-24,15:24:00,43.19,43.205,43.18,43.2,5105.0,1.0,0.0,0.0
2016-03-24,15:27:00,43.19,43.22,43.19,43.21,7083.0,1.0,0.0,0.0
2016-03-24,15:30:00,43.2,43.2,43.1701,43.1701,5136.0,1.0,0.0,0.0
2016-03-24,15:33:00,43.17,43.2,43.17,43.19,5270.0,1.0,0.0,0.0
2016-03-24,15:36:00,43.2,43.2,43.18,43.19,7908.0,1.0,0.0,0.0
2016-03-24,15:39:00,43.19,43.2,43.19,43.2,7476.0,1.0,0.0,0.0
2016-03-24,15:42:00,43.19,43.21,43.19,43.19,12663.0,1.0,0.0,0.0
2016-03-24,15:45:00,43.2,43.27,43.19,43.27,13108.0,1.0,0.0,0.0
2016-03-24,15:48:00,43.27,43.27,43.24,43.25,9806.0,1.0,0.0,0.0
2016-03-24,15:51:00,43.26,43.28,43.25,43.28,12771.0,1.0,0.0,0.0
2016-03-24,15:54:00,43.28,43.28,43.27,43.28,11728.0,1.0,0.0,0.0
2016-03-24,15:57:00,43.28,43.28,43.24,43.25,25586.0,1.0,0.0,0.0
