Date,Time,Open,High,Low,Close,Volume,Split Factor,Earnings,Dividends
2016-01-04,09:34:00,129.398,129.876,128.74200000000002,129.602,282006.29,1.0,0.0,0.0
2016-01-04,09:39:00,129.57399999999998,129.637,129.299,129.468,131130.29999999996,1.0,0.0,0.0
2016-01-04,09:44:00,129.44899999999998,129.627,129.19899999999998,129.518,125925.89999999994,1.0,0.0,0.0
2016-01-04,09:49:00,129.50799999999998,129.856,129.368,129.846,72282.31999999993,1.0,0.0,0.0
2016-01-04,09:54:00,129.846,130.164,129.846,129.945,98584.29999999994,1.0,0.0,0.0
2016-01-04,09:59:00,129.945,130.065,129.806,129.895,70538.87999999995,1.0,0.0,0.0
2016-01-04,10:04:00,129.826,129.836,129.289,129.339,101801.91999999994,1.0,0.0,0.0
2016-01-04,10:09:00,129.339,129.498,129.319,129.403,146743.69999999995,1.0,0.0,0.0
2016-01-04,10:14:00,129.388,129.468,129.249,129.468,182187.59999999998,1.0,0.0,0.0
2016-01-04,10:19:00,129.468,129.47799999999998,129.249,129.289,132140.89999999997,1.0,0.0,0.0
2016-01-04,10:24:00,129.269,129.398,129.16899999999998,129.264,201221.89999999997,1.0,0.0,0.0
2016-01-04,10:29:00,129.279,129.368,129.179,129.279,92662.88999999998,1.0,0.0,0.0
2016-01-04,10:34:00,129.266,129.468,129.239,129.329,83163.09999999996,1.0,0.0,0.0
2016-01-04,10:39:00,129.319,129.42600000000002,129.19899999999998,129.42600000000002,93584.99999999997,1.0,0.0,0.0
2016-01-04,10:44:00,129.408,129.518,129.249,129.488,58080.679999999964,1.0,0.0,0.0
2016-01-04,10:49:00,129.517,129.517,129.299,129.50799999999998,90643.83999999997,1.0,0.0,0.0
2016-01-04,10:54:00,129.488,129.518,129.22899999999998,129.249,79814.59999999996,1.0,0.0,0.0
2016-01-04,10:59:00,129.239,129.289,129.06,129.06,84057.81999999998,1.0,0.0,0.0
2016-01-04,11:04:00,129.07,129.14,128.921,129.032,114705.49999999997,1.0,0.0,0.0
2016-01-04,11:09:00,129.036,129.06,128.881,128.98,79860.89999999998,1.0,0.0,0.0
2016-01-04,11:14:00,128.98,129.07,128.941,129.01,87932.96999999999,1.0,0.0,0.0
2016-01-04,11:19:00,129.01,129.09799999999998,128.971,128.98,58300.900000000016,1.0,0.0,0.0
2016-01-04,11:24:00,128.986,129.12,128.911,129.02,45316.93000000001,1.0,0.0,0.0
2016-01-04,11:29:00,129.05,129.05,128.921,129.02,55043.09,1.0,0.0,0.0
2016-01-04,11:34:00,129.02,129.06,128.921,129.01,82319.31999999999,1.0,0.0,0.0
2016-01-04,11:39:00,129.01,129.014,128.891,129.002,62256.579999999994,1.0,0.0,0.0
2016-01-04,11:44:00,129.01,129.07,128.911,128.911,74523.74999999997,1.0,0.0,0.0
2016-01-04,11:49:00,128.911,129.1,128.901,129.06,52159.369999999966,1.0,0.0,0.0
2016-01-04,11:54:00,129.06,129.1,128.982,129.02,37179.38999999997,1.0,0.0,0.0
2016-01-04,11:59:00,129.01,129.11,128.901,129.06,58539.16999999997,1.0,0.0,0.0
2016-01-04,12:04:00,129.085,129.085,128.911,129.02,48698.34999999996,1.0,0.0,0.0
2016-01-04,12:09:00,129.01,129.1,128.891,128.941,39371.37999999997,1.0,0.0,0.0
2016-01-04,12:14:00,128.94899999999998,128.99,128.881,128.931,51123.579999999965,1.0,0.0,0.0
2016-01-04,12:19:00,128.941,129.08,128.911,128.921,43082.709999999955,1.0,0.0,0.0
2016-01-04,12:24:00,128.951,129.09,128.891,129.03,49126.71999999996,1.0,0.0,0.0
2016-01-04,12:29:00,129.05,129.319,129.02,129.189,102739.11999999995,1.0,0.0,0.0
2016-01-04,12:34:00,129.16899999999998,129.22899999999998,129.09,129.13,67117.22999999994,1.0,0.0,0.0
2016-01-04,12:39:00,129.12,129.344,129.1,129.319,35847.10999999994,1.0,0.0,0.0
2016-01-04,12:44:00,129.319,129.55700000000002,129.189,129.55700000000002,38731.89999999994,1.0,0.0,0.0
2016-01-04,12:49:00,129.53799999999998,129.60399999999998,129.498,129.547,37763.59999999994,1.0,0.0,0.0
2016-01-04,12:54:00,129.542,129.726,129.542,129.687,31016.679999999935,1.0,0.0,0.0
2016-01-04,12:59:00,129.697,129.746,129.53799999999998,129.726,45152.97999999995,1.0,0.0,0.0
2016-01-04,13:04:00,129.726,129.905,129.627,129.885,38491.54999999995,1.0,0.0,0.0
2016-01-04,13:09:00,129.885,129.895,129.67700000000002,129.776,58948.49999999993,1.0,0.0,0.0
2016-01-04,13:14:00,129.76,129.885,129.70600000000002,129.816,40620.19999999993,1.0,0.0,0.0
2016-01-04,13:19:00,129.836,129.995,129.736,129.766,37744.46999999993,1.0,0.0,0.0
2016-01-04,13:24:00,129.796,129.816,129.563,129.58700000000002,28165.069999999927,1.0,0.0,0.0
2016-01-04,13:29:00,129.627,129.667,129.577,129.632,24485.949999999928,1.0,0.0,0.0
2016-01-04,13:34:00,129.61700000000002,129.786,129.577,129.746,70869.71999999993,1.0,0.0,0.0
2016-01-04,13:39:00,129.736,129.865,129.717,129.856,46438.00999999992,1.0,0.0,0.0
2016-01-04,13:44:00,129.856,129.876,129.726,129.773,36169.899999999914,1.0,0.0,0.0
2016-01-04,13:49:00,129.766,129.836,129.717,129.82299999999998,43501.98999999992,1.0,0.0,0.0
2016-01-04,13:54:00,129.796,129.955,129.766,129.816,34655.53999999992,1.0,0.0,0.0
2016-01-04,13:59:00,129.816,129.915,129.687,129.79399999999998,33857.219999999914,1.0,0.0,0.0
2016-01-04,14:04:00,129.766,129.766,129.53799999999998,129.61700000000002,35472.039999999906,1.0,0.0,0.0
2016-01-04,14:09:00,129.62,129.736,129.50799999999998,129.717,28612.519999999917,1.0,0.0,0.0
2016-01-04,14:14:00,129.726,129.726,129.577,129.634,29489.32999999992,1.0,0.0,0.0
2016-01-04,14:19:00,129.637,129.766,129.47799999999998,129.766,36890.80999999992,1.0,0.0,0.0
2016-01-04,14:24:00,129.776,130.015,129.756,129.975,56319.019999999924,1.0,0.0,0.0
2016-01-04,14:29:00,130.005,130.005,129.796,129.811,50441.00999999992,1.0,0.0,0.0
2016-01-04,14:34:00,129.796,129.821,129.44799999999998,129.55700000000002,76026.79999999993,1.0,0.0,0.0
2016-01-04,14:39:00,129.54399999999998,129.627,129.388,129.608,49201.15999999993,1.0,0.0,0.0
2016-01-04,14:44:00,129.615,129.717,129.547,129.649,39810.75999999993,1.0,0.0,0.0
2016-01-04,14:49:00,129.657,129.717,129.533,129.577,55772.10999999991,1.0,0.0,0.0
2016-01-04,14:54:00,129.569,129.627,129.44799999999998,129.53799999999998,79262.5999999999,1.0,0.0,0.0
2016-01-04,14:59:00,129.53799999999998,129.637,129.498,129.627,59766.94999999994,1.0,0.0,0.0
2016-01-04,15:04:00,129.627,129.627,129.299,129.299,53410.17999999994,1.0,0.0,0.0
2016-01-04,15:09:00,129.299,129.458,129.22899999999998,129.438,66604.24999999994,1.0,0.0,0.0
2016-01-04,15:14:00,129.408,129.53799999999998,129.309,129.398,77718.23999999995,1.0,0.0,0.0
2016-01-04,15:19:00,129.398,129.53799999999998,129.358,129.44799999999998,92611.59999999996,1.0,0.0,0.0
2016-01-04,15:24:00,129.438,129.44799999999998,129.19899999999998,129.19899999999998,78696.39999999995,1.0,0.0,0.0
2016-01-04,15:29:00,129.204,129.339,129.179,129.278,67343.45999999996,1.0,0.0,0.0
2016-01-04,15:34:00,129.269,129.468,129.269,129.368,135799.79999999993,1.0,0.0,0.0
2016-01-04,15:39:00,129.388,129.637,129.329,129.627,106098.39999999989,1.0,0.0,0.0
2016-01-04,15:44:00,129.627,129.836,129.627,129.791,130630.5999999999,1.0,0.0,0.0
2016-01-04,15:49:00,129.791,130.144,129.726,130.114,243248.5999999999,1.0,0.0,0.0
2016-01-04,15:54:00,130.10399999999998,130.124,129.945,129.985,195225.99999999994,1.0,0.0,0.0
2016-01-04,15:59:00,129.985,130.293,129.975,130.283,545418.1,1.0,0.0,0.0
2016-01-05,09:35:00,130.43200000000002,130.96,130.363,130.592,137952.69999999995,1.0,0.0,0.0
2016-01-05,09:40:00,130.572,131.128,130.572,130.98,87829.48999999993,1.0,0.0,0.0
2016-01-05,09:45:00,130.99,131.218,130.751,130.91,97692.49999999994,1.0,0.0,0.0
2016-01-05,09:50:00,130.94799999999998,131.109,130.711,130.761,83305.67999999995,1.0,0.0,0.0
2016-01-05,09:55:00,130.781,130.85,130.641,130.681,82838.19999999992,1.0,0.0,0.0
2016-01-05,10:00:00,130.711,130.741,130.403,130.582,70978.22999999994,1.0,0.0,0.0
2016-01-05,10:05:00,130.562,130.592,130.144,130.194,79287.69999999995,1.0,0.0,0.0
2016-01-05,10:10:00,130.224,130.293,130.085,130.214,104496.64999999992,1.0,0.0,0.0
2016-01-05,10:15:00,130.214,130.343,130.064,130.214,65281.10999999991,1.0,0.0,0.0
2016-01-05,10:20:00,130.214,130.35299999999998,130.144,130.244,46863.419999999904,1.0,0.0,0.0
2016-01-05,10:25:00,130.234,130.244,129.917,130.045,55487.569999999905,1.0,0.0,0.0
2016-01-05,10:30:00,130.035,130.07399999999998,129.766,129.836,80356.6099999999,1.0,0.0,0.0
2016-01-05,10:35:00,129.816,130.035,129.816,129.935,50849.189999999915,1.0,0.0,0.0
2016-01-05,10:40:00,129.933,130.253,129.895,130.194,34060.36999999991,1.0,0.0,0.0
2016-01-05,10:45:00,130.207,130.313,130.134,130.194,50852.12999999991,1.0,0.0,0.0
2016-01-05,10:50:00,130.194,130.363,130.10399999999998,130.313,28989.589999999906,1.0,0.0,0.0
2016-01-05,10:55:00,130.313,130.592,130.313,130.542,45820.609999999906,1.0,0.0,0.0
2016-01-05,11:00:00,130.542,130.622,130.512,130.532,34862.709999999905,1.0,0.0,0.0
2016-01-05,11:05:00,130.512,130.532,130.364,130.43200000000002,26388.359999999906,1.0,0.0,0.0
2016-01-05,11:10:00,130.44299999999998,130.46200000000002,130.264,130.264,35062.839999999895,1.0,0.0,0.0
2016-01-05,11:15:00,130.273,130.32299999999998,130.194,130.264,30954.339999999902,1.0,0.0,0.0
2016-01-05,11:20:00,130.273,130.343,130.164,130.214,51150.929999999906,1.0,0.0,0.0
2016-01-05,11:25:00,130.174,130.283,130.134,130.243,49472.63999999989,1.0,0.0,0.0
2016-01-05,11:30:00,130.243,130.283,130.134,130.219,41812.7599999999,1.0,0.0,0.0
2016-01-05,11:35:00,130.22899999999998,130.273,130.179,130.273,34510.8399999999,1.0,0.0,0.0
2016-01-05,11:40:00,130.253,130.273,130.07399999999998,130.124,50722.48999999992,1.0,0.0,0.0
2016-01-05,11:45:00,130.114,130.124,129.70600000000002,129.708,71938.5899999999,1.0,0.0,0.0
2016-01-05,11:50:00,129.736,129.866,129.667,129.836,45538.15999999989,1.0,0.0,0.0
2016-01-05,11:55:00,129.836,129.866,129.756,129.804,43634.759999999886,1.0,0.0,0.0
2016-01-05,12:00:00,129.816,129.985,129.796,129.856,57357.77999999989,1.0,0.0,0.0
2016-01-05,12:05:00,129.875,129.881,129.58700000000002,129.591,83577.23999999989,1.0,0.0,0.0
2016-01-05,12:10:00,129.569,129.637,129.498,129.627,59878.53999999989,1.0,0.0,0.0
2016-01-05,12:15:00,129.637,129.702,129.433,129.468,98282.59999999989,1.0,0.0,0.0
2016-01-05,12:20:00,129.487,129.50799999999998,129.319,129.458,86297.11999999988,1.0,0.0,0.0
2016-01-05,12:25:00,129.464,129.627,129.441,129.58,67284.12999999987,1.0,0.0,0.0
2016-01-05,12:30:00,129.592,129.736,129.52700000000002,129.719,38609.189999999886,1.0,0.0,0.0
2016-01-05,12:35:00,129.746,129.846,129.61700000000002,129.657,31609.929999999877,1.0,0.0,0.0
2016-01-05,12:40:00,129.64700000000002,129.776,129.577,129.67700000000002,32551.07999999987,1.0,0.0,0.0
2016-01-05,12:45:00,129.657,129.657,129.468,129.53799999999998,21398.05999999987,1.0,0.0,0.0
2016-01-05,12:50:00,129.55700000000002,129.61700000000002,129.468,129.536,26325.00999999987,1.0,0.0,0.0
2016-01-05,12:55:00,129.50799999999998,129.736,129.50799999999998,129.697,19443.369999999864,1.0,0.0,0.0
2016-01-05,13:00:00,129.70600000000002,129.885,129.657,129.786,20840.009999999867,1.0,0.0,0.0
2016-01-05,13:05:00,129.786,129.985,129.776,129.975,26660.859999999862,1.0,0.0,0.0
2016-01-05,13:10:00,129.966,129.966,129.806,129.935,44023.86999999986,1.0,0.0,0.0
2016-01-05,13:15:00,129.925,129.955,129.786,129.806,33870.29999999985,1.0,0.0,0.0
2016-01-05,13:20:00,129.796,129.846,129.61700000000002,129.704,65080.02999999986,1.0,0.0,0.0
2016-01-05,13:25:00,129.70600000000002,129.806,129.687,129.744,26027.34999999986,1.0,0.0,0.0
2016-01-05,13:30:00,129.766,129.915,129.766,129.826,18664.099999999864,1.0,0.0,0.0
2016-01-05,13:35:00,129.826,129.945,129.806,129.895,31599.869999999857,1.0,0.0,0.0
2016-01-05,13:40:00,129.905,130.184,129.905,130.164,43038.50999999985,1.0,0.0,0.0
2016-01-05,13:45:00,130.164,130.35299999999998,130.124,130.35299999999998,24373.339999999847,1.0,0.0,0.0
2016-01-05,13:50:00,130.332,130.403,130.214,130.35299999999998,28857.869999999853,1.0,0.0,0.0
2016-01-05,13:55:00,130.333,130.41299999999998,130.264,130.313,30655.709999999846,1.0,0.0,0.0
2016-01-05,14:00:00,130.30700000000002,130.32299999999998,130.124,130.144,34643.499999999854,1.0,0.0,0.0
2016-01-05,14:05:00,130.154,130.164,130.025,130.06,30243.439999999846,1.0,0.0,0.0
2016-01-05,14:10:00,130.06,130.184,130.025,130.174,25175.729999999843,1.0,0.0,0.0
2016-01-05,14:15:00,130.164,130.32299999999998,130.114,130.159,34691.77999999985,1.0,0.0,0.0
2016-01-05,14:20:00,130.179,130.403,130.045,130.35,37209.539999999855,1.0,0.0,0.0
2016-01-05,14:25:00,130.35299999999998,130.502,130.32299999999998,130.41299999999998,28546.159999999843,1.0,0.0,0.0
2016-01-05,14:30:00,130.41299999999998,130.46,130.293,130.38299999999998,40151.67999999985,1.0,0.0,0.0
2016-01-05,14:35:00,130.373,130.373,130.194,130.253,41501.009999999864,1.0,0.0,0.0
2016-01-05,14:40:00,130.249,130.355,130.159,130.192,31715.50999999986,1.0,0.0,0.0
2016-01-05,14:45:00,130.194,130.264,130.065,130.092,34749.10999999986,1.0,0.0,0.0
2016-01-05,14:50:00,130.089,130.224,130.015,130.224,31190.679999999862,1.0,0.0,0.0
2016-01-05,14:55:00,130.214,130.234,129.975,130.114,59699.58999999986,1.0,0.0,0.0
2016-01-05,15:00:00,130.124,130.124,129.905,130.025,41583.529999999846,1.0,0.0,0.0
2016-01-05,15:05:00,130.025,130.04399999999998,129.836,129.876,31306.269999999844,1.0,0.0,0.0
2016-01-05,15:10:00,129.876,129.945,129.806,129.856,57029.92999999984,1.0,0.0,0.0
2016-01-05,15:15:00,129.851,129.935,129.806,129.825,101069.91999999985,1.0,0.0,0.0
2016-01-05,15:20:00,129.816,129.856,129.687,129.687,105875.29999999987,1.0,0.0,0.0
2016-01-05,15:25:00,129.67700000000002,129.814,129.577,129.79399999999998,80903.59999999989,1.0,0.0,0.0
2016-01-05,15:30:00,129.816,129.915,129.796,129.816,78892.5199999999,1.0,0.0,0.0
2016-01-05,15:35:00,129.806,130.065,129.756,129.925,58405.529999999904,1.0,0.0,0.0
2016-01-05,15:40:00,129.923,129.995,129.756,129.99,96219.39999999989,1.0,0.0,0.0
2016-01-05,15:45:00,129.985,130.003,129.70600000000002,129.78799999999998,217376.19999999987,1.0,0.0,0.0
2016-01-05,15:50:00,129.776,129.905,129.736,129.83100000000002,116304.39999999988,1.0,0.0,0.0
2016-01-05,15:55:00,129.836,129.866,129.776,129.796,155144.7999999999,1.0,0.0,0.0
2016-01-06,09:30:00,129.806,129.876,127.85700000000001,128.32399999999998,498839.9999999999,1.0,0.0,0.0
2016-01-06,09:35:00,128.364,128.792,128.314,128.613,72216.99999999977,1.0,0.0,0.0
2016-01-06,09:40:00,128.572,128.841,128.563,128.752,105127.02999999975,1.0,0.0,0.0
2016-01-06,09:45:00,128.752,129.06,128.692,128.821,130626.70999999974,1.0,0.0,0.0
2016-01-06,09:50:00,128.80100000000002,128.861,128.71200000000002,128.809,143063.59999999971,1.0,0.0,0.0
2016-01-06,09:55:00,128.811,128.83100000000002,128.74200000000002,128.796,175703.29999999973,1.0,0.0,0.0
2016-01-06,10:00:00,128.782,128.80100000000002,128.44299999999998,128.60299999999998,107270.85999999972,1.0,0.0,0.0
2016-01-06,10:05:00,128.60299999999998,128.632,128.35399999999998,128.503,155137.69999999972,1.0,0.0,0.0
2016-01-06,10:10:00,128.523,128.792,128.503,128.71200000000002,80033.89999999969,1.0,0.0,0.0
2016-01-06,10:15:00,128.71200000000002,128.80100000000002,128.662,128.692,79579.33999999969,1.0,0.0,0.0
2016-01-06,10:20:00,128.695,128.881,128.672,128.871,111555.29999999967,1.0,0.0,0.0
2016-01-06,10:25:00,128.881,129.1,128.821,128.99,82887.43999999965,1.0,0.0,0.0
2016-01-06,10:30:00,128.98,129.16899999999998,128.951,129.01,84681.13999999966,1.0,0.0,0.0
2016-01-06,10:35:00,129.03,129.05,128.792,128.792,59598.06999999967,1.0,0.0,0.0
2016-01-06,10:40:00,128.792,128.821,128.642,128.792,147602.33999999968,1.0,0.0,0.0
2016-01-06,10:45:00,128.782,128.792,128.642,128.692,83861.7599999997,1.0,0.0,0.0
2016-01-06,10:50:00,128.722,128.752,128.583,128.71200000000002,72803.29999999971,1.0,0.0,0.0
2016-01-06,10:55:00,128.702,128.80100000000002,128.60299999999998,128.782,52841.02999999971,1.0,0.0,0.0
2016-01-06,11:00:00,128.77200000000002,128.83100000000002,128.672,128.80700000000002,38946.0499999997,1.0,0.0,0.0
2016-01-06,11:05:00,128.821,129.04,128.821,128.969,55369.9899999997,1.0,0.0,0.0
2016-01-06,11:10:00,128.961,128.98,128.821,128.861,47656.719999999696,1.0,0.0,0.0
2016-01-06,11:15:00,128.851,128.961,128.77200000000002,128.82399999999998,36691.6899999997,1.0,0.0,0.0
2016-01-06,11:20:00,128.821,129.06,128.792,129.05,49055.319999999694,1.0,0.0,0.0
2016-01-06,11:25:00,129.06,129.15,128.98,129.037,53961.1399999997,1.0,0.0,0.0
2016-01-06,11:30:00,129.05,129.12,128.99,129.02100000000002,61924.75999999971,1.0,0.0,0.0
2016-01-06,11:35:00,129.0,129.06,128.811,128.961,68932.04999999971,1.0,0.0,0.0
2016-01-06,11:40:00,128.961,129.189,128.891,129.10399999999998,65283.15999999973,1.0,0.0,0.0
2016-01-06,11:45:00,129.11,129.14,128.951,129.03,42672.439999999726,1.0,0.0,0.0
2016-01-06,11:50:00,129.04,129.05,128.941,129.003,38791.229999999734,1.0,0.0,0.0
2016-01-06,11:55:00,129.01,129.11,128.951,129.0,44429.07999999974,1.0,0.0,0.0
2016-01-06,12:00:00,129.003,129.046,128.861,128.901,41481.98999999974,1.0,0.0,0.0
2016-01-06,12:05:00,128.901,128.98,128.881,128.922,37235.699999999735,1.0,0.0,0.0
2016-01-06,12:10:00,128.911,128.911,128.69299999999998,128.717,47653.64999999974,1.0,0.0,0.0
2016-01-06,12:15:00,128.732,128.811,128.71200000000002,128.732,35282.03999999974,1.0,0.0,0.0
2016-01-06,12:20:00,128.722,128.811,128.717,128.732,38973.24999999974,1.0,0.0,0.0
2016-01-06,12:25:00,128.732,128.822,128.702,128.77200000000002,49698.929999999746,1.0,0.0,0.0
2016-01-06,12:30:00,128.767,128.80100000000002,128.65200000000002,128.732,77322.97999999976,1.0,0.0,0.0
2016-01-06,12:35:00,128.732,128.752,128.65200000000002,128.722,43895.14999999976,1.0,0.0,0.0
2016-01-06,12:40:00,128.732,128.98,128.722,128.782,38265.34999999977,1.0,0.0,0.0
2016-01-06,12:45:00,128.782,128.811,128.65200000000002,128.732,38243.22999999977,1.0,0.0,0.0
2016-01-06,12:50:00,128.74200000000002,128.861,128.704,128.79,33861.239999999765,1.0,0.0,0.0
2016-01-06,12:55:00,128.782,128.821,128.732,128.80100000000002,53864.72999999976,1.0,0.0,0.0
2016-01-06,13:00:00,128.79399999999998,128.841,128.752,128.83100000000002,41765.47999999977,1.0,0.0,0.0
2016-01-06,13:05:00,128.80100000000002,128.891,128.77200000000002,128.811,38168.79999999977,1.0,0.0,0.0
2016-01-06,13:10:00,128.811,128.881,128.662,128.68200000000002,38530.749999999774,1.0,0.0,0.0
2016-01-06,13:15:00,128.71200000000002,128.732,128.60299999999998,128.71200000000002,75861.12999999976,1.0,0.0,0.0
2016-01-06,13:20:00,128.722,128.74200000000002,128.57299999999998,128.583,55874.56999999973,1.0,0.0,0.0
2016-01-06,13:25:00,128.583,128.65200000000002,128.553,128.563,64843.739999999736,1.0,0.0,0.0
2016-01-06,13:30:00,128.56799999999998,128.613,128.533,128.553,51424.40999999973,1.0,0.0,0.0
2016-01-06,13:35:00,128.57299999999998,128.702,128.493,128.702,54861.11999999972,1.0,0.0,0.0
2016-01-06,13:40:00,128.71200000000002,128.717,128.60299999999998,128.642,32629.529999999722,1.0,0.0,0.0
2016-01-06,13:45:00,128.632,128.632,128.483,128.523,36891.83999999973,1.0,0.0,0.0
2016-01-06,13:50:00,128.503,128.583,128.47299999999998,128.553,59020.89999999972,1.0,0.0,0.0
2016-01-06,13:55:00,128.55100000000002,128.632,128.493,128.533,50098.99999999971,1.0,0.0,0.0
2016-01-06,14:00:00,128.53,128.533,128.434,128.493,78195.78999999972,1.0,0.0,0.0
2016-01-06,14:05:00,128.493,128.632,128.394,128.483,92785.47999999973,1.0,0.0,0.0
2016-01-06,14:10:00,128.49,128.672,128.394,128.496,70699.86999999973,1.0,0.0,0.0
2016-01-06,14:15:00,128.523,128.752,128.463,128.752,56053.54999999973,1.0,0.0,0.0
2016-01-06,14:20:00,128.71200000000002,128.782,128.613,128.662,48264.989999999736,1.0,0.0,0.0
2016-01-06,14:25:00,128.68200000000002,128.702,128.453,128.463,65573.64999999975,1.0,0.0,0.0
2016-01-06,14:30:00,128.463,128.62,128.41899999999998,128.47299999999998,62001.21999999974,1.0,0.0,0.0
2016-01-06,14:35:00,128.483,128.561,128.394,128.493,66999.51999999973,1.0,0.0,0.0
2016-01-06,14:40:00,128.513,128.553,128.374,128.399,112321.59999999974,1.0,0.0,0.0
2016-01-06,14:45:00,128.404,128.424,128.105,128.21,201355.47999999978,1.0,0.0,0.0
2016-01-06,14:50:00,128.235,128.304,127.916,127.936,93456.09999999977,1.0,0.0,0.0
2016-01-06,14:55:00,127.949,128.085,127.936,128.001,72754.02999999974,1.0,0.0,0.0
2016-01-06,15:00:00,127.986,128.08100000000002,127.906,128.026,165521.59999999971,1.0,0.0,0.0
2016-01-06,15:05:00,128.026,128.085,127.936,128.056,121544.79999999968,1.0,0.0,0.0
2016-01-06,15:10:00,128.056,128.185,128.026,128.145,92530.0999999997,1.0,0.0,0.0
2016-01-06,15:15:00,128.145,128.253,128.066,128.209,98744.19999999972,1.0,0.0,0.0
2016-01-06,15:20:00,128.225,128.334,128.136,128.281,103665.1999999997,1.0,0.0,0.0
2016-01-06,15:25:00,128.284,128.29399999999998,128.195,128.274,157087.39999999967,1.0,0.0,0.0
2016-01-06,15:30:00,128.284,128.372,128.205,128.334,212833.29999999973,1.0,0.0,0.0
2016-01-06,15:35:00,128.344,128.378,128.225,128.334,165029.79999999973,1.0,0.0,0.0
2016-01-06,15:40:00,128.334,128.563,128.304,128.41899999999998,116260.09999999973,1.0,0.0,0.0
2016-01-06,15:45:00,128.414,128.483,128.344,128.374,147112.69999999975,1.0,0.0,0.0
2016-01-06,15:50:00,128.364,128.434,128.249,128.29399999999998,165556.79999999973,1.0,0.0,0.0
2016-01-06,15:55:00,128.29399999999998,128.314,128.056,128.291,208376.99999999974,1.0,0.0,0.0
2016-01-07,09:30:00,128.29399999999998,128.463,125.76799999999999,125.977,331154.8999999998,1.0,0.0,0.0
2016-01-07,09:35:00,126.156,126.375,125.93700000000001,126.13600000000001,343970.3899999998,1.0,0.0,0.0
2016-01-07,09:40:00,126.13600000000001,126.514,125.96700000000001,126.06700000000001,212031.99999999977,1.0,0.0,0.0
2016-01-07,09:45:00,126.07600000000001,126.464,126.037,126.256,191094.3999999998,1.0,0.0,0.0
2016-01-07,09:50:00,126.256,126.67299999999999,126.13600000000001,126.564,233275.49999999977,1.0,0.0,0.0
2016-01-07,09:55:00,126.564,126.78299999999999,126.484,126.594,153151.7999999998,1.0,0.0,0.0
2016-01-07,10:00:00,126.584,126.637,126.275,126.415,157760.99999999983,1.0,0.0,0.0
2016-01-07,10:05:00,126.405,126.68299999999999,126.256,126.454,110701.59999999985,1.0,0.0,0.0
2016-01-07,10:10:00,126.484,126.61399999999999,126.405,126.454,49971.37999999983,1.0,0.0,0.0
2016-01-07,10:15:00,126.445,126.70299999999999,126.315,126.65299999999999,63536.559999999845,1.0,0.0,0.0
2016-01-07,10:20:00,126.65299999999999,126.76299999999999,126.445,126.73299999999999,57508.569999999825,1.0,0.0,0.0
2016-01-07,10:25:00,126.73299999999999,126.73299999999999,126.425,126.693,95669.35999999981,1.0,0.0,0.0
2016-01-07,10:30:00,126.68799999999999,126.78299999999999,126.50399999999999,126.756,87890.77999999982,1.0,0.0,0.0
2016-01-07,10:35:00,126.76299999999999,127.01100000000001,126.713,126.80799999999999,100190.09999999983,1.0,0.0,0.0
2016-01-07,10:40:00,126.802,126.97200000000001,126.70299999999999,126.902,140835.4999999998,1.0,0.0,0.0
2016-01-07,10:45:00,126.902,127.031,126.773,126.77799999999999,100322.89999999976,1.0,0.0,0.0
2016-01-07,10:50:00,126.788,127.081,126.76299999999999,127.038,79015.29999999976,1.0,0.0,0.0
2016-01-07,10:55:00,127.01100000000001,127.18,126.95200000000001,127.18,63234.87999999976,1.0,0.0,0.0
2016-01-07,11:00:00,127.15100000000001,127.18,126.87200000000001,126.962,74193.85999999975,1.0,0.0,0.0
2016-01-07,11:05:00,126.97200000000001,127.014,126.773,126.83200000000001,81533.89999999976,1.0,0.0,0.0
2016-01-07,11:10:00,126.83200000000001,126.932,126.773,126.882,75983.69999999976,1.0,0.0,0.0
2016-01-07,11:15:00,126.852,126.962,126.76299999999999,126.822,52770.699999999786,1.0,0.0,0.0
2016-01-07,11:20:00,126.81200000000001,126.962,126.75299999999999,126.79299999999999,45803.5999999998,1.0,0.0,0.0
2016-01-07,11:25:00,126.802,126.81200000000001,126.375,126.464,49296.6899999998,1.0,0.0,0.0
2016-01-07,11:30:00,126.484,126.743,126.47399999999999,126.713,42404.009999999806,1.0,0.0,0.0
2016-01-07,11:35:00,126.73299999999999,126.75299999999999,126.574,126.633,56200.5199999998,1.0,0.0,0.0
2016-01-07,11:40:00,126.62899999999999,126.86200000000001,126.604,126.742,31384.699999999815,1.0,0.0,0.0
2016-01-07,11:45:00,126.76299999999999,126.822,126.609,126.76299999999999,105508.17999999982,1.0,0.0,0.0
2016-01-07,11:50:00,126.773,126.78299999999999,126.435,126.594,73619.65999999983,1.0,0.0,0.0
2016-01-07,11:55:00,126.604,126.713,126.405,126.484,40136.52999999983,1.0,0.0,0.0
2016-01-07,12:00:00,126.47399999999999,126.514,126.266,126.305,47535.01999999984,1.0,0.0,0.0
2016-01-07,12:05:00,126.295,126.464,126.285,126.335,43550.279999999846,1.0,0.0,0.0
2016-01-07,12:10:00,126.335,126.50399999999999,126.266,126.454,45765.28999999985,1.0,0.0,0.0
2016-01-07,12:15:00,126.464,126.464,126.285,126.43,34851.649999999856,1.0,0.0,0.0
2016-01-07,12:20:00,126.445,126.574,126.415,126.47399999999999,52368.39999999984,1.0,0.0,0.0
2016-01-07,12:25:00,126.476,126.494,126.345,126.385,48676.249999999854,1.0,0.0,0.0
2016-01-07,12:30:00,126.365,126.375,126.196,126.31,35483.12999999985,1.0,0.0,0.0
2016-01-07,12:35:00,126.305,126.375,126.24600000000001,126.275,77959.51999999983,1.0,0.0,0.0
2016-01-07,12:40:00,126.285,126.305,126.196,126.266,51713.959999999825,1.0,0.0,0.0
2016-01-07,12:45:00,126.256,126.305,126.24600000000001,126.295,53113.58999999984,1.0,0.0,0.0
2016-01-07,12:50:00,126.285,126.375,126.256,126.295,59803.099999999824,1.0,0.0,0.0
2016-01-07,12:55:00,126.275,126.325,126.21600000000001,126.251,56454.90999999984,1.0,0.0,0.0
2016-01-07,13:00:00,126.24600000000001,126.305,126.156,126.171,86359.45999999983,1.0,0.0,0.0
2016-01-07,13:05:00,126.171,126.226,126.10600000000001,126.10600000000001,82367.5699999998,1.0,0.0,0.0
2016-01-07,13:10:00,126.10600000000001,126.166,126.057,126.057,111460.69999999981,1.0,0.0,0.0
2016-01-07,13:15:00,126.06200000000001,126.146,125.977,126.027,146857.3999999998,1.0,0.0,0.0
2016-01-07,13:20:00,126.01700000000001,126.051,125.758,125.758,133018.69999999978,1.0,0.0,0.0
2016-01-07,13:25:00,125.758,125.917,125.671,125.891,95312.39999999976,1.0,0.0,0.0
2016-01-07,13:30:00,125.887,125.917,125.589,125.639,81114.79999999978,1.0,0.0,0.0
2016-01-07,13:35:00,125.62899999999999,125.65700000000001,125.42,125.435,121102.49999999977,1.0,0.0,0.0
2016-01-07,13:40:00,125.43,125.432,125.17200000000001,125.249,166627.49999999974,1.0,0.0,0.0
2016-01-07,13:45:00,125.24600000000001,125.36,125.15799999999999,125.26100000000001,81807.56999999973,1.0,0.0,0.0
2016-01-07,13:50:00,125.271,125.301,125.14200000000001,125.236,78556.84999999973,1.0,0.0,0.0
2016-01-07,13:55:00,125.241,125.311,125.12200000000001,125.241,89464.40999999974,1.0,0.0,0.0
2016-01-07,14:00:00,125.241,125.291,124.93299999999999,125.052,204956.19999999972,1.0,0.0,0.0
2016-01-07,14:05:00,125.042,125.152,124.883,125.06200000000001,195321.69999999972,1.0,0.0,0.0
2016-01-07,14:10:00,125.06200000000001,125.251,124.955,125.012,84891.34999999971,1.0,0.0,0.0
2016-01-07,14:15:00,125.022,125.20100000000001,124.971,125.069,145213.39999999973,1.0,0.0,0.0
2016-01-07,14:20:00,125.08200000000001,125.211,124.98200000000001,125.137,82959.85999999972,1.0,0.0,0.0
2016-01-07,14:25:00,125.137,125.161,124.89299999999999,124.90299999999999,105080.89999999973,1.0,0.0,0.0
2016-01-07,14:30:00,124.90299999999999,124.98200000000001,124.634,124.774,99629.06999999972,1.0,0.0,0.0
2016-01-07,14:35:00,124.78,124.902,124.545,124.75399999999999,217777.29999999973,1.0,0.0,0.0
2016-01-07,14:40:00,124.75399999999999,125.221,124.75399999999999,125.06200000000001,85481.55999999974,1.0,0.0,0.0
2016-01-07,14:45:00,125.052,125.152,124.863,125.09200000000001,218397.69999999975,1.0,0.0,0.0
2016-01-07,14:50:00,125.09200000000001,125.301,125.012,125.14200000000001,66385.15999999976,1.0,0.0,0.0
2016-01-07,14:55:00,125.15,125.26100000000001,125.06200000000001,125.191,2443209.8999999994,1.0,0.0,0.0
2016-01-07,15:00:00,125.15700000000001,125.38,125.022,125.052,251688.29999999935,1.0,0.0,0.0
2016-01-07,15:05:00,125.03200000000001,125.06200000000001,124.803,124.883,70811.34999999934,1.0,0.0,0.0
2016-01-07,15:10:00,124.883,124.993,124.87799999999999,124.934,183091.69999999934,1.0,0.0,0.0
2016-01-07,15:15:00,124.943,124.993,124.654,124.764,121200.09999999932,1.0,0.0,0.0
2016-01-07,15:20:00,124.75399999999999,124.794,124.366,124.406,201120.29999999932,1.0,0.0,0.0
2016-01-07,15:25:00,124.366,124.455,124.18700000000001,124.24700000000001,177357.29999999938,1.0,0.0,0.0
2016-01-07,15:30:00,124.24700000000001,124.27600000000001,124.01799999999999,124.147,117935.19999999936,1.0,0.0,0.0
2016-01-07,15:35:00,124.147,124.416,124.09700000000001,124.398,164333.9999999993,1.0,0.0,0.0
2016-01-07,15:40:00,124.396,124.595,124.366,124.585,233001.69999999928,1.0,0.0,0.0
2016-01-07,15:45:00,124.595,124.744,124.41,124.624,254401.7999999993,1.0,0.0,0.0
2016-01-07,15:50:00,124.605,125.08200000000001,124.605,124.764,181046.39999999938,1.0,0.0,0.0
2016-01-07,15:55:00,124.774,125.26100000000001,124.762,125.26100000000001,358648.89999999944,1.0,0.0,0.0
2016-01-08,09:30:00,125.23100000000001,125.79799999999999,124.704,125.71799999999999,460623.5999999995,1.0,0.0,0.0
2016-01-08,09:35:00,125.71799999999999,125.838,125.14200000000001,125.291,332724.5799999995,1.0,0.0,0.0
2016-01-08,09:40:00,125.291,125.639,124.913,124.973,114650.19999999946,1.0,0.0,0.0
2016-01-08,09:45:00,124.95299999999999,125.11200000000001,124.774,124.95299999999999,110330.49999999945,1.0,0.0,0.0
2016-01-08,09:50:00,124.898,125.251,124.898,124.946,85472.66999999946,1.0,0.0,0.0
2016-01-08,09:55:00,124.98200000000001,125.279,124.883,125.221,57339.71999999946,1.0,0.0,0.0
2016-01-08,10:00:00,125.221,125.71799999999999,125.221,125.54899999999999,139191.49999999945,1.0,0.0,0.0
2016-01-08,10:05:00,125.475,125.572,124.863,124.87299999999999,133267.09999999942,1.0,0.0,0.0
2016-01-08,10:10:00,124.87299999999999,125.072,124.734,124.87799999999999,95986.11999999946,1.0,0.0,0.0
2016-01-08,10:15:00,124.883,125.132,124.654,125.12200000000001,153755.19999999943,1.0,0.0,0.0
2016-01-08,10:20:00,125.12200000000001,125.23100000000001,124.694,124.764,98000.12999999944,1.0,0.0,0.0
2016-01-08,10:25:00,124.764,124.84299999999999,124.406,124.803,101707.4399999994,1.0,0.0,0.0
2016-01-08,10:30:00,124.81299999999999,125.012,124.624,124.78399999999999,87226.08999999941,1.0,0.0,0.0
2016-01-08,10:35:00,124.794,125.022,124.789,124.84299999999999,46776.87999999941,1.0,0.0,0.0
2016-01-08,10:40:00,124.863,124.993,124.75399999999999,124.75399999999999,69232.65999999942,1.0,0.0,0.0
2016-01-08,10:45:00,124.774,125.072,124.744,125.072,44605.969999999434,1.0,0.0,0.0
2016-01-08,10:50:00,125.06200000000001,125.311,125.012,125.241,53834.559999999445,1.0,0.0,0.0
2016-01-08,10:55:00,125.279,125.279,124.823,124.90299999999999,57517.659999999436,1.0,0.0,0.0
2016-01-08,11:00:00,124.913,125.181,124.883,125.181,39163.21999999944,1.0,0.0,0.0
2016-01-08,11:05:00,125.191,125.351,125.08200000000001,125.28200000000001,59240.03999999944,1.0,0.0,0.0
2016-01-08,11:10:00,125.311,125.331,124.99799999999999,125.00200000000001,52745.44999999945,1.0,0.0,0.0
2016-01-08,11:15:00,125.022,125.042,124.734,124.804,61712.659999999465,1.0,0.0,0.0
2016-01-08,11:20:00,124.833,124.863,124.72399999999999,124.744,28027.31999999947,1.0,0.0,0.0
2016-01-08,11:25:00,124.744,124.863,124.65899999999999,124.794,38482.47999999948,1.0,0.0,0.0
2016-01-08,11:30:00,124.823,124.85600000000001,124.587,124.645,46895.529999999475,1.0,0.0,0.0
2016-01-08,11:35:00,124.634,124.75399999999999,124.38600000000001,124.426,100567.09999999947,1.0,0.0,0.0
2016-01-08,11:40:00,124.426,124.565,124.27600000000001,124.336,105443.79999999945,1.0,0.0,0.0
2016-01-08,11:45:00,124.32600000000001,124.416,124.17399999999999,124.366,71623.89999999946,1.0,0.0,0.0
2016-01-08,11:50:00,124.366,124.545,124.296,124.465,70596.24999999945,1.0,0.0,0.0
2016-01-08,11:55:00,124.45100000000001,124.794,124.416,124.684,54239.72999999946,1.0,0.0,0.0
2016-01-08,12:00:00,124.684,124.948,124.67399999999999,124.883,62752.099999999475,1.0,0.0,0.0
2016-01-08,12:05:00,124.883,124.92299999999999,124.624,124.79299999999999,58865.96999999948,1.0,0.0,0.0
2016-01-08,12:10:00,124.794,125.072,124.72399999999999,124.95200000000001,78952.91999999946,1.0,0.0,0.0
2016-01-08,12:15:00,124.93299999999999,125.052,124.92299999999999,125.04299999999999,28736.209999999464,1.0,0.0,0.0
2016-01-08,12:20:00,125.052,125.23100000000001,125.042,125.132,47953.31999999946,1.0,0.0,0.0
2016-01-08,12:25:00,125.132,125.331,125.12200000000001,125.181,84849.21999999946,1.0,0.0,0.0
2016-01-08,12:30:00,125.20100000000001,125.301,125.12200000000001,125.17200000000001,136866.79999999946,1.0,0.0,0.0
2016-01-08,12:35:00,125.17200000000001,125.17200000000001,125.022,125.042,59885.68999999945,1.0,0.0,0.0
2016-01-08,12:40:00,125.042,125.211,124.92299999999999,124.98200000000001,52404.61999999945,1.0,0.0,0.0
2016-01-08,12:45:00,124.985,125.042,124.883,124.95299999999999,52272.97999999945,1.0,0.0,0.0
2016-01-08,12:50:00,124.95299999999999,125.12200000000001,124.883,124.921,58826.799999999464,1.0,0.0,0.0
2016-01-08,12:55:00,124.92299999999999,125.03200000000001,124.84299999999999,125.012,38448.309999999474,1.0,0.0,0.0
2016-01-08,13:00:00,124.993,125.022,124.883,124.993,36157.78999999948,1.0,0.0,0.0
2016-01-08,13:05:00,125.012,125.06200000000001,124.637,124.64200000000001,55370.879999999466,1.0,0.0,0.0
2016-01-08,13:10:00,124.634,124.67399999999999,124.396,124.465,46668.25999999946,1.0,0.0,0.0
2016-01-08,13:15:00,124.465,124.535,124.376,124.426,33997.95999999947,1.0,0.0,0.0
2016-01-08,13:20:00,124.455,124.495,124.396,124.495,33132.21899999947,1.0,0.0,0.0
2016-01-08,13:25:00,124.465,124.495,124.147,124.245,33642.01999999947,1.0,0.0,0.0
2016-01-08,13:30:00,124.24700000000001,124.346,124.167,124.266,38261.309999999474,1.0,0.0,0.0
2016-01-08,13:35:00,124.266,124.366,124.23700000000001,124.34899999999999,81485.76999999947,1.0,0.0,0.0
2016-01-08,13:40:00,124.376,124.436,124.296,124.32600000000001,57977.22999999947,1.0,0.0,0.0
2016-01-08,13:45:00,124.318,124.38600000000001,124.177,124.20700000000001,80432.00999999947,1.0,0.0,0.0
2016-01-08,13:50:00,124.243,124.316,124.117,124.286,46711.579999999456,1.0,0.0,0.0
2016-01-08,13:55:00,124.286,124.426,124.24700000000001,124.316,62110.83999999945,1.0,0.0,0.0
2016-01-08,14:00:00,124.316,124.35600000000001,124.21700000000001,124.32600000000001,64882.94999999943,1.0,0.0,0.0
2016-01-08,14:05:00,124.331,124.416,124.23700000000001,124.306,62439.609999999426,1.0,0.0,0.0
2016-01-08,14:10:00,124.306,124.366,124.225,124.257,74758.99999999943,1.0,0.0,0.0
2016-01-08,14:15:00,124.24700000000001,124.346,124.15700000000001,124.32600000000001,88772.65999999945,1.0,0.0,0.0
2016-01-08,14:20:00,124.309,124.35600000000001,124.04799999999999,124.117,72326.63999999946,1.0,0.0,0.0
2016-01-08,14:25:00,124.098,124.18700000000001,123.978,124.05799999999999,91256.24999999945,1.0,0.0,0.0
2016-01-08,14:30:00,124.04799999999999,124.05799999999999,123.829,123.948,53455.40999999944,1.0,0.0,0.0
2016-01-08,14:35:00,123.91799999999999,123.988,123.809,123.90799999999999,55147.66999999945,1.0,0.0,0.0
2016-01-08,14:40:00,123.90799999999999,123.978,123.759,123.91,79358.15999999942,1.0,0.0,0.0
2016-01-08,14:45:00,123.904,124.12700000000001,123.859,124.09700000000001,57032.93999999945,1.0,0.0,0.0
2016-01-08,14:50:00,124.103,124.20700000000001,124.041,124.137,44715.609999999455,1.0,0.0,0.0
2016-01-08,14:55:00,124.135,124.15700000000001,123.95200000000001,124.147,75299.00999999943,1.0,0.0,0.0
2016-01-08,15:00:00,124.10700000000001,124.147,123.978,124.01299999999999,60189.39999999943,1.0,0.0,0.0
2016-01-08,15:05:00,124.00299999999999,124.336,123.988,124.266,89283.39999999943,1.0,0.0,0.0
2016-01-08,15:10:00,124.273,124.286,124.02799999999999,124.11,56921.419999999445,1.0,0.0,0.0
2016-01-08,15:15:00,124.117,124.15700000000001,123.819,124.06700000000001,76012.91999999942,1.0,0.0,0.0
2016-01-08,15:20:00,124.04799999999999,124.06700000000001,123.749,123.779,54127.14999999942,1.0,0.0,0.0
2016-01-08,15:25:00,123.79899999999999,123.859,123.71,123.829,51939.14999999941,1.0,0.0,0.0
2016-01-08,15:30:00,123.829,123.88799999999999,123.58,123.61,99031.6399999994,1.0,0.0,0.0
2016-01-08,15:35:00,123.595,123.719,123.45100000000001,123.51100000000001,132614.4999999994,1.0,0.0,0.0
2016-01-08,15:40:00,123.506,123.69,123.461,123.54,94837.89999999938,1.0,0.0,0.0
2016-01-08,15:45:00,123.531,123.68799999999999,123.34100000000001,123.58,162278.6999999994,1.0,0.0,0.0
2016-01-08,15:50:00,123.59,123.59,123.162,123.28200000000001,211247.69999999943,1.0,0.0,0.0
2016-01-08,15:55:00,123.292,123.292,123.01299999999999,123.04799999999999,272225.29999999946,1.0,0.0,0.0
2016-01-11,09:30:00,123.052,124.306,122.824,124.306,473289.89999999956,1.0,0.0,0.0
2016-01-11,09:35:00,124.266,125.09200000000001,124.177,124.744,272691.7999999996,1.0,0.0,0.0
2016-01-11,09:40:00,124.714,125.00200000000001,124.485,124.963,141159.1999999996,1.0,0.0,0.0
2016-01-11,09:45:00,124.963,124.973,124.565,124.734,71894.3299999996,1.0,0.0,0.0
2016-01-11,09:50:00,124.714,124.774,124.455,124.479,113406.4399999996,1.0,0.0,0.0
2016-01-11,09:55:00,124.495,124.67399999999999,124.396,124.396,118392.66999999959,1.0,0.0,0.0
2016-01-11,10:00:00,124.40100000000001,124.694,124.227,124.588,83529.02999999953,1.0,0.0,0.0
2016-01-11,10:05:00,124.615,124.943,124.589,124.84299999999999,89247.29999999954,1.0,0.0,0.0
2016-01-11,10:10:00,124.803,124.84299999999999,124.505,124.624,68610.39999999957,1.0,0.0,0.0
2016-01-11,10:15:00,124.64399999999999,124.853,124.535,124.555,69035.75999999957,1.0,0.0,0.0
2016-01-11,10:20:00,124.565,124.67399999999999,124.436,124.605,68457.44999999956,1.0,0.0,0.0
2016-01-11,10:25:00,124.615,124.98200000000001,124.575,124.913,115500.79999999955,1.0,0.0,0.0
2016-01-11,10:30:00,124.883,124.89299999999999,124.64399999999999,124.863,75610.62999999957,1.0,0.0,0.0
2016-01-11,10:35:00,124.863,125.12200000000001,124.774,125.09200000000001,54319.09999999956,1.0,0.0,0.0
2016-01-11,10:40:00,125.08200000000001,125.20100000000001,124.96600000000001,124.98200000000001,54948.64999999957,1.0,0.0,0.0
2016-01-11,10:45:00,124.999,125.161,124.89299999999999,124.993,108465.40999999957,1.0,0.0,0.0
2016-01-11,10:50:00,124.993,125.03200000000001,124.734,124.90299999999999,72047.10999999956,1.0,0.0,0.0
2016-01-11,10:55:00,124.90899999999999,124.98200000000001,124.67399999999999,124.78399999999999,77626.69999999956,1.0,0.0,0.0
2016-01-11,11:00:00,124.759,124.78399999999999,124.565,124.64399999999999,92325.01999999957,1.0,0.0,0.0
2016-01-11,11:05:00,124.654,124.714,124.46600000000001,124.46600000000001,104201.11999999956,1.0,0.0,0.0
2016-01-11,11:10:00,124.485,124.714,124.455,124.704,81835.67999999956,1.0,0.0,0.0
2016-01-11,11:15:00,124.709,125.00200000000001,124.694,124.973,88555.50999999957,1.0,0.0,0.0
2016-01-11,11:20:00,124.993,125.022,124.744,124.801,52427.74999999957,1.0,0.0,0.0
2016-01-11,11:25:00,124.76899999999999,124.89299999999999,124.664,124.727,50650.10999999957,1.0,0.0,0.0
2016-01-11,11:30:00,124.71799999999999,124.87299999999999,124.654,124.72399999999999,45237.48999999957,1.0,0.0,0.0
2016-01-11,11:35:00,124.72399999999999,124.744,124.515,124.654,96058.48999999955,1.0,0.0,0.0
2016-01-11,11:40:00,124.664,124.87299999999999,124.664,124.81299999999999,41233.60999999956,1.0,0.0,0.0
2016-01-11,11:45:00,124.84299999999999,125.132,124.84299999999999,125.012,54774.71999999955,1.0,0.0,0.0
2016-01-11,11:50:00,125.03200000000001,125.20100000000001,124.92299999999999,125.12200000000001,35317.20999999957,1.0,0.0,0.0
2016-01-11,11:55:00,125.132,125.42,125.102,125.23100000000001,52794.77999999956,1.0,0.0,0.0
2016-01-11,12:00:00,125.23100000000001,125.34,125.03200000000001,125.14200000000001,37797.74999999956,1.0,0.0,0.0
2016-01-11,12:05:00,125.132,125.235,125.08200000000001,125.132,29331.459999999573,1.0,0.0,0.0
2016-01-11,12:10:00,125.132,125.311,125.11200000000001,125.251,49448.449999999575,1.0,0.0,0.0
2016-01-11,12:15:00,125.281,125.34,125.042,125.08200000000001,49519.96999999958,1.0,0.0,0.0
2016-01-11,12:20:00,125.071,125.12200000000001,124.883,124.993,42370.75999999958,1.0,0.0,0.0
2016-01-11,12:25:00,124.993,125.042,124.794,124.80799999999999,101388.6099999996,1.0,0.0,0.0
2016-01-11,12:30:00,124.823,124.95299999999999,124.78399999999999,124.913,42992.21999999961,1.0,0.0,0.0
2016-01-11,12:35:00,124.92299999999999,125.06200000000001,124.90299999999999,125.052,29658.23999999962,1.0,0.0,0.0
2016-01-11,12:40:00,125.057,125.072,124.823,124.863,42874.56999999962,1.0,0.0,0.0
2016-01-11,12:45:00,124.823,124.863,124.72399999999999,124.863,89650.39999999963,1.0,0.0,0.0
2016-01-11,12:50:00,124.87299999999999,125.022,124.855,124.97200000000001,25465.359999999633,1.0,0.0,0.0
2016-01-11,12:55:00,124.943,125.00200000000001,124.764,124.823,71331.29999999964,1.0,0.0,0.0
2016-01-11,13:00:00,124.81299999999999,125.08200000000001,124.78399999999999,125.06200000000001,33866.26999999964,1.0,0.0,0.0
2016-01-11,13:05:00,125.042,125.052,124.734,124.84299999999999,27330.509999999646,1.0,0.0,0.0
2016-01-11,13:10:00,124.81299999999999,124.81299999999999,124.595,124.619,52836.039999999644,1.0,0.0,0.0
2016-01-11,13:15:00,124.64200000000001,124.684,124.27600000000001,124.366,58454.819999999665,1.0,0.0,0.0
2016-01-11,13:20:00,124.366,124.406,124.09700000000001,124.24799999999999,57779.07999999966,1.0,0.0,0.0
2016-01-11,13:25:00,124.251,124.296,124.135,124.171,36057.23999999965,1.0,0.0,0.0
2016-01-11,13:30:00,124.18700000000001,124.195,123.958,124.041,42528.59999999965,1.0,0.0,0.0
2016-01-11,13:35:00,124.008,124.05799999999999,123.835,123.835,28616.549999999643,1.0,0.0,0.0
2016-01-11,13:40:00,123.844,123.948,123.779,123.90799999999999,46690.38999999965,1.0,0.0,0.0
2016-01-11,13:45:00,123.898,123.93799999999999,123.664,123.664,37661.02999999965,1.0,0.0,0.0
2016-01-11,13:50:00,123.696,123.729,123.411,123.471,45678.869999999646,1.0,0.0,0.0
2016-01-11,13:55:00,123.471,123.7,123.411,123.67,56700.269999999655,1.0,0.0,0.0
2016-01-11,14:00:00,123.69,123.71,123.58,123.69,48897.47999999967,1.0,0.0,0.0
2016-01-11,14:05:00,123.7,123.96799999999999,123.48100000000001,123.95299999999999,105358.25999999966,1.0,0.0,0.0
2016-01-11,14:10:00,123.978,124.05799999999999,123.789,123.978,66390.19999999968,1.0,0.0,0.0
2016-01-11,14:15:00,123.95100000000001,124.21700000000001,123.819,123.93799999999999,45510.91999999966,1.0,0.0,0.0
2016-01-11,14:20:00,123.94,124.24700000000001,123.93799999999999,123.958,51729.96999999967,1.0,0.0,0.0
2016-01-11,14:25:00,123.95299999999999,124.169,123.859,124.09700000000001,45391.339999999655,1.0,0.0,0.0
2016-01-11,14:30:00,124.087,124.167,123.88799999999999,123.928,98781.39999999964,1.0,0.0,0.0
2016-01-11,14:35:00,123.93799999999999,124.084,123.84899999999999,124.01799999999999,51322.70999999966,1.0,0.0,0.0
2016-01-11,14:40:00,124.01799999999999,124.117,123.898,124.117,56294.90999999965,1.0,0.0,0.0
2016-01-11,14:45:00,124.117,124.27600000000001,124.044,124.07700000000001,44213.83999999966,1.0,0.0,0.0
2016-01-11,14:50:00,124.09700000000001,124.15700000000001,123.96799999999999,124.00299999999999,42863.489999999656,1.0,0.0,0.0
2016-01-11,14:55:00,124.008,124.117,123.88799999999999,123.898,107787.69999999965,1.0,0.0,0.0
2016-01-11,15:00:00,123.905,124.008,123.819,123.88799999999999,86512.29999999965,1.0,0.0,0.0
2016-01-11,15:05:00,123.88799999999999,123.93299999999999,123.79799999999999,123.819,96119.79999999965,1.0,0.0,0.0
2016-01-11,15:10:00,123.829,123.839,123.65,123.73899999999999,125264.39999999964,1.0,0.0,0.0
2016-01-11,15:15:00,123.73899999999999,123.76899999999999,123.58,123.58,110180.66999999966,1.0,0.0,0.0
2016-01-11,15:20:00,123.57,123.67,123.441,123.67,126485.93999999967,1.0,0.0,0.0
2016-01-11,15:25:00,123.66,124.117,123.62,124.117,84403.79999999967,1.0,0.0,0.0
2016-01-11,15:30:00,124.104,124.624,124.05799999999999,124.475,88913.39999999964,1.0,0.0,0.0
2016-01-11,15:35:00,124.446,124.913,124.446,124.78399999999999,119983.49999999967,1.0,0.0,0.0
2016-01-11,15:40:00,124.78399999999999,125.072,124.72399999999999,124.95299999999999,130749.19999999966,1.0,0.0,0.0
2016-01-11,15:45:00,124.973,125.191,124.794,125.01100000000001,136568.0999999997,1.0,0.0,0.0
2016-01-11,15:50:00,125.00200000000001,125.148,124.764,124.973,181335.9999999997,1.0,0.0,0.0
2016-01-11,15:55:00,124.973,125.211,124.963,125.11200000000001,247823.9999999997,1.0,0.0,0.0
2016-01-12,09:30:00,125.11200000000001,126.514,125.072,126.3,555597.2999999996,1.0,0.0,0.0
2016-01-12,09:35:00,126.305,126.435,125.90700000000001,126.38,73821.78999999957,1.0,0.0,0.0
2016-01-12,09:40:00,126.345,127.837,126.295,127.60799999999999,347252.79999999964,1.0,0.0,0.0
2016-01-12,09:45:00,127.598,127.99600000000001,127.588,127.896,171746.5999999997,1.0,0.0,0.0
2016-01-12,09:50:00,127.931,128.095,127.678,127.73700000000001,163290.2999999997,1.0,0.0,0.0
2016-01-12,09:55:00,127.71700000000001,127.71700000000001,126.822,126.93799999999999,107599.65999999974,1.0,0.0,0.0
2016-01-12,10:00:00,126.95200000000001,127.25,126.932,127.11,69616.83999999972,1.0,0.0,0.0
2016-01-12,10:05:00,127.081,127.169,126.78299999999999,126.932,69367.53999999973,1.0,0.0,0.0
2016-01-12,10:10:00,126.92200000000001,126.992,126.67299999999999,126.962,104761.09999999974,1.0,0.0,0.0
2016-01-12,10:15:00,126.97200000000001,127.22,126.73299999999999,126.73299999999999,90039.59999999974,1.0,0.0,0.0
2016-01-12,10:20:00,126.75299999999999,126.954,126.594,126.92200000000001,78717.69999999974,1.0,0.0,0.0
2016-01-12,10:25:00,126.991,127.101,126.802,126.86200000000001,83171.00999999975,1.0,0.0,0.0
2016-01-12,10:30:00,126.86200000000001,126.902,126.584,126.68299999999999,66474.59999999974,1.0,0.0,0.0
2016-01-12,10:35:00,126.713,127.031,126.713,126.902,69763.64999999973,1.0,0.0,0.0
2016-01-12,10:40:00,126.92200000000001,126.932,126.61399999999999,126.693,38270.36999999973,1.0,0.0,0.0
2016-01-12,10:45:00,126.656,126.73299999999999,126.47399999999999,126.524,57420.08999999973,1.0,0.0,0.0
2016-01-12,10:50:00,126.544,126.574,126.355,126.425,50645.03999999974,1.0,0.0,0.0
2016-01-12,10:55:00,126.40100000000001,126.76299999999999,126.365,126.713,41217.52999999974,1.0,0.0,0.0
2016-01-12,11:00:00,126.693,126.79299999999999,126.64299999999999,126.65799999999999,57044.10999999973,1.0,0.0,0.0
2016-01-12,11:05:00,126.65299999999999,126.802,126.585,126.633,75915.27999999974,1.0,0.0,0.0
2016-01-12,11:10:00,126.62299999999999,126.713,126.494,126.584,73858.09999999974,1.0,0.0,0.0
2016-01-12,11:15:00,126.586,126.594,126.395,126.594,53669.57999999973,1.0,0.0,0.0
2016-01-12,11:20:00,126.594,126.723,126.544,126.68299999999999,34388.09999999974,1.0,0.0,0.0
2016-01-12,11:25:00,126.68299999999999,126.68299999999999,126.37799999999999,126.385,35162.339999999735,1.0,0.0,0.0
2016-01-12,11:30:00,126.415,126.50399999999999,126.315,126.385,50901.429999999746,1.0,0.0,0.0
2016-01-12,11:35:00,126.355,126.415,126.116,126.13600000000001,44078.14999999974,1.0,0.0,0.0
2016-01-12,11:40:00,126.10600000000001,126.21600000000001,125.977,126.037,51748.11999999975,1.0,0.0,0.0
2016-01-12,11:45:00,126.057,126.395,126.007,126.285,66968.31999999977,1.0,0.0,0.0
2016-01-12,11:50:00,126.285,126.53399999999999,126.236,126.494,34587.20999999976,1.0,0.0,0.0
2016-01-12,11:55:00,126.495,126.514,126.305,126.385,29694.449999999757,1.0,0.0,0.0
2016-01-12,12:00:00,126.365,126.524,126.21600000000001,126.266,24287.869999999755,1.0,0.0,0.0
2016-01-12,12:05:00,126.275,126.524,126.186,126.405,50478.119999999755,1.0,0.0,0.0
2016-01-12,12:10:00,126.375,126.494,126.355,126.435,28994.569999999767,1.0,0.0,0.0
2016-01-12,12:15:00,126.42200000000001,126.542,126.385,126.522,36799.29999999977,1.0,0.0,0.0
2016-01-12,12:20:00,126.524,126.53399999999999,126.285,126.305,75001.30999999976,1.0,0.0,0.0
2016-01-12,12:25:00,126.325,126.375,126.236,126.305,46547.679999999775,1.0,0.0,0.0
2016-01-12,12:30:00,126.315,126.425,126.236,126.375,54996.84999999978,1.0,0.0,0.0
2016-01-12,12:35:00,126.345,126.494,125.99700000000001,126.04700000000001,81711.00999999979,1.0,0.0,0.0
2016-01-12,12:40:00,126.027,126.096,125.96700000000001,125.99700000000001,38292.51999999979,1.0,0.0,0.0
2016-01-12,12:45:00,125.99700000000001,126.04700000000001,125.82799999999999,125.838,46210.81999999979,1.0,0.0,0.0
2016-01-12,12:50:00,125.85799999999999,126.34,125.818,126.262,57262.28999999977,1.0,0.0,0.0
2016-01-12,12:55:00,126.275,126.454,126.226,126.331,32175.01999999977,1.0,0.0,0.0
2016-01-12,13:00:00,126.355,126.435,126.116,126.275,24485.959999999774,1.0,0.0,0.0
2016-01-12,13:05:00,126.295,126.514,126.236,126.335,22633.819999999774,1.0,0.0,0.0
2016-01-12,13:10:00,126.315,126.415,126.226,126.315,21006.919999999776,1.0,0.0,0.0
2016-01-12,13:15:00,126.315,126.693,126.315,126.65299999999999,39992.73999999977,1.0,0.0,0.0
2016-01-12,13:20:00,126.663,126.693,126.494,126.604,34298.68999999977,1.0,0.0,0.0
2016-01-12,13:25:00,126.554,126.61399999999999,126.325,126.375,33312.239999999765,1.0,0.0,0.0
2016-01-12,13:30:00,126.345,126.50399999999999,126.335,126.405,25248.11999999977,1.0,0.0,0.0
2016-01-12,13:35:00,126.395,126.53399999999999,126.166,126.24600000000001,43445.679999999775,1.0,0.0,0.0
2016-01-12,13:40:00,126.21600000000001,126.514,126.21600000000001,126.425,27146.50999999978,1.0,0.0,0.0
2016-01-12,13:45:00,126.415,126.43,126.156,126.166,142507.66999999978,1.0,0.0,0.0
2016-01-12,13:50:00,126.176,126.305,126.10600000000001,126.295,32921.11999999976,1.0,0.0,0.0
2016-01-12,13:55:00,126.305,126.305,125.90700000000001,125.927,23328.629999999746,1.0,0.0,0.0
2016-01-12,14:00:00,125.917,125.93700000000001,125.649,125.74799999999999,42074.17999999977,1.0,0.0,0.0
2016-01-12,14:05:00,125.74799999999999,125.77799999999999,125.321,125.38,78770.89999999976,1.0,0.0,0.0
2016-01-12,14:10:00,125.399,125.569,125.34,125.559,74531.70999999979,1.0,0.0,0.0
2016-01-12,14:15:00,125.559,125.619,125.321,125.387,29228.88999999978,1.0,0.0,0.0
2016-01-12,14:20:00,125.4,125.4,125.14200000000001,125.34,53160.869999999784,1.0,0.0,0.0
2016-01-12,14:25:00,125.321,125.728,125.251,125.639,21736.909999999785,1.0,0.0,0.0
2016-01-12,14:30:00,125.62700000000001,125.85799999999999,125.569,125.699,70687.64999999979,1.0,0.0,0.0
2016-01-12,14:35:00,125.679,125.887,125.569,125.859,57443.22999999979,1.0,0.0,0.0
2016-01-12,14:40:00,125.883,126.21600000000001,125.788,126.065,41718.2099999998,1.0,0.0,0.0
2016-01-12,14:45:00,126.061,126.086,125.709,125.79799999999999,45297.7999999998,1.0,0.0,0.0
2016-01-12,14:50:00,125.758,125.917,125.709,125.82799999999999,71839.95999999979,1.0,0.0,0.0
2016-01-12,14:55:00,125.839,126.277,125.76799999999999,126.166,56564.44999999979,1.0,0.0,0.0
2016-01-12,15:00:00,126.166,126.265,125.96700000000001,125.96700000000001,35763.6799999998,1.0,0.0,0.0
2016-01-12,15:05:00,125.96700000000001,126.041,125.848,125.927,48885.45999999979,1.0,0.0,0.0
2016-01-12,15:10:00,125.947,126.057,125.90700000000001,125.96700000000001,59541.69999999978,1.0,0.0,0.0
2016-01-12,15:15:00,125.98700000000001,126.096,125.917,126.096,54072.75999999978,1.0,0.0,0.0
2016-01-12,15:20:00,126.07600000000001,126.445,125.93700000000001,126.375,84076.94999999976,1.0,0.0,0.0
2016-01-12,15:25:00,126.375,126.79299999999999,126.355,126.76799999999999,88988.89999999976,1.0,0.0,0.0
2016-01-12,15:30:00,126.773,127.051,126.524,126.524,118803.92999999979,1.0,0.0,0.0
2016-01-12,15:35:00,126.50399999999999,126.75299999999999,126.494,126.75299999999999,69223.59999999977,1.0,0.0,0.0
2016-01-12,15:40:00,126.72399999999999,126.98100000000001,126.594,126.728,96318.89999999979,1.0,0.0,0.0
2016-01-12,15:45:00,126.723,127.141,126.633,127.071,104984.29999999976,1.0,0.0,0.0
2016-01-12,15:50:00,127.071,127.071,126.743,126.822,116843.19999999974,1.0,0.0,0.0
2016-01-12,15:55:00,126.83200000000001,126.902,126.77600000000001,126.802,154961.69999999972,1.0,0.0,0.0
2016-01-13,09:30:00,126.79299999999999,126.97200000000001,125.868,125.868,280346.5999999997,1.0,0.0,0.0
2016-01-13,09:35:00,125.98700000000001,126.196,125.65899999999999,125.95700000000001,123590.21999999971,1.0,0.0,0.0
2016-01-13,09:40:00,125.977,126.116,125.53,125.868,92600.59999999969,1.0,0.0,0.0
2016-01-13,09:45:00,125.87799999999999,125.99700000000001,125.728,125.84100000000001,78520.5999999997,1.0,0.0,0.0
2016-01-13,09:50:00,125.87799999999999,125.96700000000001,125.71799999999999,125.811,70658.53999999969,1.0,0.0,0.0
2016-01-13,09:55:00,125.82799999999999,125.82799999999999,125.311,125.463,88232.66999999966,1.0,0.0,0.0
2016-01-13,10:00:00,125.46,125.679,125.405,125.48,117349.90999999965,1.0,0.0,0.0
2016-01-13,10:05:00,125.48200000000001,125.62899999999999,125.4,125.455,84134.32999999964,1.0,0.0,0.0
2016-01-13,10:10:00,125.43,125.559,125.311,125.51,54034.59999999964,1.0,0.0,0.0
2016-01-13,10:15:00,125.51299999999999,125.54899999999999,125.132,125.266,79985.49999999964,1.0,0.0,0.0
2016-01-13,10:20:00,125.281,125.321,125.06200000000001,125.181,48210.74999999965,1.0,0.0,0.0
2016-01-13,10:25:00,125.191,125.271,124.913,124.913,64119.75999999964,1.0,0.0,0.0
2016-01-13,10:30:00,124.92299999999999,125.052,124.624,124.64399999999999,153872.69999999963,1.0,0.0,0.0
2016-01-13,10:35:00,124.694,124.78399999999999,124.585,124.70299999999999,109346.13999999966,1.0,0.0,0.0
2016-01-13,10:40:00,124.704,124.714,124.18700000000001,124.34,105150.29999999967,1.0,0.0,0.0
2016-01-13,10:45:00,124.366,124.565,124.311,124.38600000000001,66333.80999999968,1.0,0.0,0.0
2016-01-13,10:50:00,124.34899999999999,124.515,124.23700000000001,124.455,59655.249999999694,1.0,0.0,0.0
2016-01-13,10:55:00,124.455,124.525,124.17200000000001,124.215,82119.19999999969,1.0,0.0,0.0
2016-01-13,11:00:00,124.23700000000001,124.353,124.227,124.24700000000001,88051.69999999969,1.0,0.0,0.0
2016-01-13,11:05:00,124.21700000000001,124.286,123.978,124.087,88164.2999999997,1.0,0.0,0.0
2016-01-13,11:10:00,124.06700000000001,124.087,123.774,123.829,82920.5999999997,1.0,0.0,0.0
2016-01-13,11:15:00,123.819,124.167,123.809,124.167,68311.73999999969,1.0,0.0,0.0
2016-01-13,11:20:00,124.15700000000001,124.396,124.09700000000001,124.336,87903.84999999969,1.0,0.0,0.0
2016-01-13,11:25:00,124.336,124.565,124.32600000000001,124.44,107299.09999999969,1.0,0.0,0.0
2016-01-13,11:30:00,124.43,124.664,124.43,124.555,116929.69999999966,1.0,0.0,0.0
2016-01-13,11:35:00,124.575,124.963,124.555,124.943,141278.8999999997,1.0,0.0,0.0
2016-01-13,11:40:00,124.92299999999999,125.03200000000001,124.79799999999999,124.833,96026.39999999973,1.0,0.0,0.0
2016-01-13,11:45:00,124.81299999999999,124.921,124.634,124.67399999999999,70421.21999999974,1.0,0.0,0.0
2016-01-13,11:50:00,124.664,124.684,124.257,124.296,85296.59999999976,1.0,0.0,0.0
2016-01-13,11:55:00,124.288,124.366,123.99799999999999,124.01799999999999,47135.82999999977,1.0,0.0,0.0
2016-01-13,12:00:00,123.99799999999999,124.038,123.819,124.008,57029.009999999784,1.0,0.0,0.0
2016-01-13,12:05:00,124.01799999999999,124.01799999999999,123.829,123.84899999999999,39487.06999999978,1.0,0.0,0.0
2016-01-13,12:10:00,123.859,123.90100000000001,123.714,123.73899999999999,31701.38999999979,1.0,0.0,0.0
2016-01-13,12:15:00,123.76899999999999,123.809,123.69,123.76100000000001,57110.3999999998,1.0,0.0,0.0
2016-01-13,12:20:00,123.764,123.93799999999999,123.719,123.90799999999999,54293.02999999979,1.0,0.0,0.0
2016-01-13,12:25:00,123.906,124.01799999999999,123.87899999999999,123.91799999999999,34252.37999999979,1.0,0.0,0.0
2016-01-13,12:30:00,123.90799999999999,124.07700000000001,123.79899999999999,123.90100000000001,49998.549999999785,1.0,0.0,0.0
2016-01-13,12:35:00,123.928,123.93799999999999,123.79899999999999,123.869,46643.14999999978,1.0,0.0,0.0
2016-01-13,12:40:00,123.869,123.91799999999999,123.779,123.809,76758.85999999978,1.0,0.0,0.0
2016-01-13,12:45:00,123.809,123.91799999999999,123.79899999999999,123.84899999999999,44408.919999999795,1.0,0.0,0.0
2016-01-13,12:50:00,123.859,124.18700000000001,123.839,123.89399999999999,56396.449999999815,1.0,0.0,0.0
2016-01-13,12:55:00,123.88799999999999,123.91799999999999,123.779,123.819,46652.21999999981,1.0,0.0,0.0
2016-01-13,13:00:00,123.819,123.948,123.779,123.839,33136.25999999982,1.0,0.0,0.0
2016-01-13,13:05:00,123.819,123.859,123.71,123.85,50703.36999999981,1.0,0.0,0.0
2016-01-13,13:10:00,123.85,124.06700000000001,123.829,124.038,41256.69999999982,1.0,0.0,0.0
2016-01-13,13:15:00,124.038,124.06700000000001,123.829,123.87899999999999,32397.22999999982,1.0,0.0,0.0
2016-01-13,13:20:00,123.88799999999999,123.93799999999999,123.73899999999999,123.749,41089.789999999826,1.0,0.0,0.0
2016-01-13,13:25:00,123.749,123.829,123.55,123.56,75900.14999999982,1.0,0.0,0.0
2016-01-13,13:30:00,123.58,123.59,123.09299999999999,123.14299999999999,187919.09999999983,1.0,0.0,0.0
2016-01-13,13:35:00,123.133,123.162,122.97399999999999,123.133,74870.59999999987,1.0,0.0,0.0
2016-01-13,13:40:00,123.15299999999999,123.15299999999999,122.775,122.844,87440.39999999989,1.0,0.0,0.0
2016-01-13,13:45:00,122.836,122.86399999999999,122.49600000000001,122.51,76273.20999999988,1.0,0.0,0.0
2016-01-13,13:50:00,122.536,122.685,122.43700000000001,122.675,65849.1399999999,1.0,0.0,0.0
2016-01-13,13:55:00,122.661,123.04299999999999,122.635,122.975,144556.8999999999,1.0,0.0,0.0
2016-01-13,14:00:00,122.993,123.113,122.616,122.725,100314.79999999996,1.0,0.0,0.0
2016-01-13,14:05:00,122.735,123.083,122.581,122.86399999999999,88889.28999999996,1.0,0.0,0.0
2016-01-13,14:10:00,122.844,122.844,122.456,122.568,72309.62999999998,1.0,0.0,0.0
2016-01-13,14:15:00,122.60600000000001,122.755,122.367,122.367,83278.59999999996,1.0,0.0,0.0
2016-01-13,14:20:00,122.35700000000001,122.40700000000001,122.098,122.18700000000001,127972.99999999997,1.0,0.0,0.0
2016-01-13,14:25:00,122.194,122.194,121.78,121.78,165462.16999999993,1.0,0.0,0.0
2016-01-13,14:30:00,121.78,121.949,121.571,121.85,129670.49999999994,1.0,0.0,0.0
2016-01-13,14:35:00,121.85,121.899,120.915,121.163,207318.09999999995,1.0,0.0,0.0
2016-01-13,14:40:00,121.134,121.492,121.094,121.348,127975.09999999998,1.0,0.0,0.0
2016-01-13,14:45:00,121.333,121.34200000000001,120.875,120.975,134777.4,1.0,0.0,0.0
2016-01-13,14:50:00,120.975,121.29299999999999,120.925,121.243,90103.0,1.0,0.0,0.0
2016-01-13,14:55:00,121.223,121.50200000000001,121.20299999999999,121.47200000000001,115084.59999999996,1.0,0.0,0.0
2016-01-13,15:00:00,121.462,121.462,120.994,121.18299999999999,152356.49999999997,1.0,0.0,0.0
2016-01-13,15:05:00,121.17399999999999,121.402,121.054,121.29299999999999,124535.09999999996,1.0,0.0,0.0
2016-01-13,15:10:00,121.26299999999999,121.432,120.905,120.955,156347.29999999993,1.0,0.0,0.0
2016-01-13,15:15:00,120.935,121.00399999999999,120.699,120.935,124585.59999999993,1.0,0.0,0.0
2016-01-13,15:20:00,120.955,121.59100000000001,120.955,121.17399999999999,173118.99999999997,1.0,0.0,0.0
2016-01-13,15:25:00,121.223,121.323,120.994,121.23299999999999,144356.69999999995,1.0,0.0,0.0
2016-01-13,15:30:00,121.243,121.551,121.20299999999999,121.42200000000001,186799.79999999993,1.0,0.0,0.0
2016-01-13,15:35:00,121.42200000000001,121.492,121.28299999999999,121.318,201348.39999999997,1.0,0.0,0.0
2016-01-13,15:40:00,121.31299999999999,121.34200000000001,120.994,121.064,160201.29999999993,1.0,0.0,0.0
2016-01-13,15:45:00,121.064,121.23299999999999,120.736,120.825,156494.09999999995,1.0,0.0,0.0
2016-01-13,15:50:00,120.822,120.855,120.348,120.428,266552.1999999999,1.0,0.0,0.0
2016-01-13,15:55:00,120.428,120.676,120.30799999999999,120.57700000000001,382587.6,1.0,0.0,0.0
2016-01-14,09:30:00,120.56700000000001,120.865,120.557,120.706,403488.05999999994,1.0,0.0,0.0
2016-01-14,09:35:00,120.56700000000001,120.77600000000001,119.572,119.67200000000001,407807.10000000003,1.0,0.0,0.0
2016-01-14,09:40:00,119.73100000000001,119.76,118.23,118.249,365724.80000000005,1.0,0.0,0.0
2016-01-14,09:45:00,118.289,119.015,118.249,118.876,157384.90000000014,1.0,0.0,0.0
2016-01-14,09:50:00,118.88600000000001,118.88600000000001,118.23,118.369,202984.40000000017,1.0,0.0,0.0
2016-01-14,09:55:00,118.399,118.419,117.875,118.01100000000001,181939.30000000013,1.0,0.0,0.0
2016-01-14,10:00:00,118.01100000000001,118.389,117.73200000000001,118.071,261509.50000000017,1.0,0.0,0.0
2016-01-14,10:05:00,118.031,118.13,117.553,118.09,203128.30000000016,1.0,0.0,0.0
2016-01-14,10:10:00,118.11,118.34899999999999,117.84200000000001,117.941,154929.60000000018,1.0,0.0,0.0
2016-01-14,10:15:00,117.921,118.43799999999999,117.663,118.389,212144.60000000015,1.0,0.0,0.0
2016-01-14,10:20:00,118.369,118.55799999999999,118.15100000000001,118.488,119053.30000000018,1.0,0.0,0.0
2016-01-14,10:25:00,118.48200000000001,119.34299999999999,118.31,119.025,137570.50000000015,1.0,0.0,0.0
2016-01-14,10:30:00,119.03299999999999,119.465,118.76700000000001,119.34299999999999,113780.40000000017,1.0,0.0,0.0
2016-01-14,10:35:00,119.37299999999999,120.32799999999999,119.354,120.258,152608.90000000017,1.0,0.0,0.0
2016-01-14,10:40:00,120.249,120.45700000000001,120.01,120.03,98856.80000000016,1.0,0.0,0.0
2016-01-14,10:45:00,120.02,120.12899999999999,119.771,119.91,83685.72000000018,1.0,0.0,0.0
2016-01-14,10:50:00,119.94,119.96,119.522,119.891,101864.10000000015,1.0,0.0,0.0
2016-01-14,10:55:00,119.865,120.079,119.771,119.811,73636.87000000016,1.0,0.0,0.0
2016-01-14,11:00:00,119.811,119.9,119.602,119.76100000000001,103224.70000000016,1.0,0.0,0.0
2016-01-14,11:05:00,119.771,119.811,119.363,119.40299999999999,139530.30000000016,1.0,0.0,0.0
2016-01-14,11:10:00,119.363,119.51299999999999,119.22399999999999,119.34299999999999,185046.4000000002,1.0,0.0,0.0
2016-01-14,11:15:00,119.339,119.45299999999999,119.294,119.411,171251.90000000017,1.0,0.0,0.0
2016-01-14,11:20:00,119.38600000000001,119.522,118.926,118.995,180888.60000000018,1.0,0.0,0.0
2016-01-14,11:25:00,118.96600000000001,119.105,118.866,118.941,77191.26000000015,1.0,0.0,0.0
2016-01-14,11:30:00,118.926,119.214,118.896,119.17399999999999,74232.10000000015,1.0,0.0,0.0
2016-01-14,11:35:00,119.125,119.17399999999999,118.906,118.916,110720.70000000016,1.0,0.0,0.0
2016-01-14,11:40:00,118.88600000000001,118.88600000000001,118.667,118.86,160380.40000000014,1.0,0.0,0.0
2016-01-14,11:45:00,118.85600000000001,119.43299999999999,118.851,119.42200000000001,80007.60000000014,1.0,0.0,0.0
2016-01-14,11:50:00,119.42299999999999,119.42299999999999,119.083,119.083,63304.32000000012,1.0,0.0,0.0
2016-01-14,11:55:00,119.085,119.125,118.866,119.095,49321.790000000125,1.0,0.0,0.0
2016-01-14,12:00:00,119.085,119.115,118.88600000000001,119.035,79352.00000000015,1.0,0.0,0.0
2016-01-14,12:05:00,119.005,119.096,118.896,119.015,112338.60000000015,1.0,0.0,0.0
2016-01-14,12:10:00,119.005,119.015,118.60799999999999,118.70700000000001,91677.60000000018,1.0,0.0,0.0
2016-01-14,12:15:00,118.71700000000001,118.777,118.46600000000001,118.62799999999999,76401.0300000002,1.0,0.0,0.0
2016-01-14,12:20:00,118.647,118.88600000000001,118.62799999999999,118.74700000000001,56362.31000000021,1.0,0.0,0.0
2016-01-14,12:25:00,118.727,118.777,118.43799999999999,118.697,59964.130000000194,1.0,0.0,0.0
2016-01-14,12:30:00,118.65799999999999,118.70100000000001,118.319,118.329,177017.4000000002,1.0,0.0,0.0
2016-01-14,12:35:00,118.319,118.435,118.24,118.399,121270.40000000017,1.0,0.0,0.0
2016-01-14,12:40:00,118.389,118.836,118.339,118.76700000000001,359309.7000000001,1.0,0.0,0.0
2016-01-14,12:45:00,118.74700000000001,118.84100000000001,118.34899999999999,118.49799999999999,189348.80000000008,1.0,0.0,0.0
2016-01-14,12:50:00,118.478,118.598,118.21,118.249,142351.8000000001,1.0,0.0,0.0
2016-01-14,12:55:00,118.249,118.458,118.12,118.389,142099.40000000005,1.0,0.0,0.0
2016-01-14,13:00:00,118.419,118.449,118.15,118.21,125590.1000000001,1.0,0.0,0.0
2016-01-14,13:05:00,118.238,118.429,118.21,118.37899999999999,142550.7000000001,1.0,0.0,0.0
2016-01-14,13:10:00,118.37899999999999,118.68700000000001,118.259,118.598,132039.30000000002,1.0,0.0,0.0
2016-01-14,13:15:00,118.598,119.061,118.55799999999999,119.035,109597.50000000003,1.0,0.0,0.0
2016-01-14,13:20:00,118.995,119.45299999999999,118.976,119.45299999999999,101097.00000000001,1.0,0.0,0.0
2016-01-14,13:25:00,119.45299999999999,119.51299999999999,119.304,119.37299999999999,189855.59999999998,1.0,0.0,0.0
2016-01-14,13:30:00,119.37299999999999,119.39299999999999,118.96600000000001,119.045,376989.0,1.0,0.0,0.0
2016-01-14,13:35:00,119.04,119.43299999999999,119.01,119.264,148168.59999999998,1.0,0.0,0.0
2016-01-14,13:40:00,119.25399999999999,119.34299999999999,119.065,119.086,338877.0,1.0,0.0,0.0
2016-01-14,13:45:00,119.115,119.214,119.065,119.125,62524.09,1.0,0.0,0.0
2016-01-14,13:50:00,119.155,119.304,119.03,119.105,66115.79,1.0,0.0,0.0
2016-01-14,13:55:00,119.085,119.204,119.045,119.06,177661.9,1.0,0.0,0.0
2016-01-14,14:00:00,119.065,119.50299999999999,119.04799999999999,119.40299999999999,137882.29999999993,1.0,0.0,0.0
2016-01-14,14:05:00,119.40299999999999,119.40299999999999,118.926,119.04,99020.64999999997,1.0,0.0,0.0
2016-01-14,14:10:00,119.055,119.115,118.954,119.065,56349.23999999998,1.0,0.0,0.0
2016-01-14,14:15:00,119.055,119.354,118.98899999999999,119.294,195721.69999999998,1.0,0.0,0.0
2016-01-14,14:20:00,119.314,119.314,118.929,118.976,159639.29999999996,1.0,0.0,0.0
2016-01-14,14:25:00,118.985,119.204,118.96600000000001,119.145,228294.89999999997,1.0,0.0,0.0
2016-01-14,14:30:00,119.145,119.40299999999999,119.088,119.402,256407.69999999992,1.0,0.0,0.0
2016-01-14,14:35:00,119.40299999999999,119.84100000000001,119.40299999999999,119.771,109325.11999999995,1.0,0.0,0.0
2016-01-14,14:40:00,119.771,119.881,119.40299999999999,119.51299999999999,190976.69999999998,1.0,0.0,0.0
2016-01-14,14:45:00,119.51299999999999,120.01100000000001,119.354,120.01,214434.1000000001,1.0,0.0,0.0
2016-01-14,14:50:00,120.01,120.07,119.821,120.03,101641.90000000015,1.0,0.0,0.0
2016-01-14,14:55:00,120.01,120.38799999999999,120.01,120.368,125921.90000000017,1.0,0.0,0.0
2016-01-14,15:00:00,120.375,120.45700000000001,120.169,120.179,232405.30000000016,1.0,0.0,0.0
2016-01-14,15:05:00,120.169,120.219,119.99,120.052,145505.00000000015,1.0,0.0,0.0
2016-01-14,15:10:00,120.03,120.23200000000001,120.02,120.193,128142.10000000017,1.0,0.0,0.0
2016-01-14,15:15:00,120.189,120.229,120.05,120.164,164069.50000000015,1.0,0.0,0.0
2016-01-14,15:20:00,120.16799999999999,120.325,120.09899999999999,120.119,129082.10000000018,1.0,0.0,0.0
2016-01-14,15:25:00,120.109,120.219,120.02,120.094,92642.80000000018,1.0,0.0,0.0
2016-01-14,15:30:00,120.09899999999999,120.149,119.794,119.821,171737.40000000017,1.0,0.0,0.0
2016-01-14,15:35:00,119.811,119.831,119.463,119.542,364871.7000000001,1.0,0.0,0.0
2016-01-14,15:40:00,119.542,119.56200000000001,119.264,119.37299999999999,205662.0000000001,1.0,0.0,0.0
2016-01-14,15:45:00,119.37299999999999,119.48299999999999,119.25399999999999,119.463,192593.50000000012,1.0,0.0,0.0
2016-01-14,15:50:00,119.463,119.53299999999999,119.28399999999999,119.443,186241.90000000008,1.0,0.0,0.0
2016-01-14,15:55:00,119.43299999999999,119.443,118.936,119.075,269480.1000000001,1.0,0.0,0.0
2016-01-15,09:30:00,119.085,119.135,115.89299999999999,116.211,401433.6000000001,1.0,0.0,0.0
2016-01-15,09:35:00,116.171,116.569,115.465,116.33,809797.0,1.0,0.0,0.0
2016-01-15,09:40:00,116.34,117.175,116.176,117.07600000000001,163768.89999999988,1.0,0.0,0.0
2016-01-15,09:45:00,117.096,117.325,116.867,117.285,179813.69999999984,1.0,0.0,0.0
2016-01-15,09:50:00,117.285,118.071,117.265,117.762,140496.49999999983,1.0,0.0,0.0
2016-01-15,09:55:00,117.76,117.921,117.34,117.344,103179.49999999983,1.0,0.0,0.0
2016-01-15,10:00:00,117.374,117.454,117.175,117.36399999999999,154014.59999999986,1.0,0.0,0.0
2016-01-15,10:05:00,117.344,117.404,116.31,117.12200000000001,150347.59999999983,1.0,0.0,0.0
2016-01-15,10:10:00,117.126,117.633,117.109,117.47399999999999,126178.39999999983,1.0,0.0,0.0
2016-01-15,10:15:00,117.449,117.47399999999999,116.927,117.464,64623.599999999824,1.0,0.0,0.0
2016-01-15,10:20:00,117.443,117.54299999999999,117.195,117.295,116288.09999999983,1.0,0.0,0.0
2016-01-15,10:25:00,117.325,117.335,117.146,117.245,164878.8999999999,1.0,0.0,0.0
2016-01-15,10:30:00,117.245,117.81200000000001,117.146,117.762,140834.39999999985,1.0,0.0,0.0
2016-01-15,10:35:00,117.792,118.14,117.693,118.14,127590.99999999985,1.0,0.0,0.0
2016-01-15,10:40:00,118.12,118.34899999999999,118.12,118.259,69201.56999999986,1.0,0.0,0.0
2016-01-15,10:45:00,118.28299999999999,118.508,118.11,118.458,120499.29999999984,1.0,0.0,0.0
2016-01-15,10:50:00,118.449,119.015,118.43799999999999,119.015,142325.59999999986,1.0,0.0,0.0
2016-01-15,10:55:00,118.985,119.145,118.787,119.09,162987.59999999983,1.0,0.0,0.0
2016-01-15,11:00:00,119.085,119.62200000000001,119.045,119.61200000000001,243188.29999999987,1.0,0.0,0.0
2016-01-15,11:05:00,119.602,119.62200000000001,118.956,119.164,212408.99999999983,1.0,0.0,0.0
2016-01-15,11:10:00,119.17399999999999,119.541,119.135,119.22,109566.49999999983,1.0,0.0,0.0
2016-01-15,11:15:00,119.243,119.64200000000001,119.075,119.54,116323.29999999986,1.0,0.0,0.0
2016-01-15,11:20:00,119.53299999999999,119.632,119.22399999999999,119.58200000000001,105788.69999999984,1.0,0.0,0.0
2016-01-15,11:25:00,119.59200000000001,120.428,119.493,120.406,197252.09999999977,1.0,0.0,0.0
2016-01-15,11:30:00,120.38799999999999,120.49700000000001,119.87100000000001,119.87100000000001,173514.19999999978,1.0,0.0,0.0
2016-01-15,11:35:00,119.851,120.079,119.59200000000001,119.62200000000001,103749.4999999998,1.0,0.0,0.0
2016-01-15,11:40:00,119.632,119.67200000000001,119.214,119.486,140088.39999999982,1.0,0.0,0.0
2016-01-15,11:45:00,119.50299999999999,119.56200000000001,119.274,119.493,155552.8999999998,1.0,0.0,0.0
2016-01-15,11:50:00,119.463,119.821,119.40299999999999,119.632,116764.69999999981,1.0,0.0,0.0
2016-01-15,11:55:00,119.62200000000001,119.712,119.363,119.42299999999999,103720.4499999998,1.0,0.0,0.0
2016-01-15,12:00:00,119.42299999999999,119.58200000000001,119.145,119.164,141103.99999999977,1.0,0.0,0.0
2016-01-15,12:05:00,119.164,119.274,118.787,118.876,85478.66999999975,1.0,0.0,0.0
2016-01-15,12:10:00,118.876,119.264,118.71700000000001,119.196,75755.51999999977,1.0,0.0,0.0
2016-01-15,12:15:00,119.20700000000001,119.20700000000001,118.836,118.906,64231.35999999978,1.0,0.0,0.0
2016-01-15,12:20:00,118.88600000000001,119.015,118.787,118.926,106017.88999999978,1.0,0.0,0.0
2016-01-15,12:25:00,118.926,119.005,118.538,118.579,136612.2999999998,1.0,0.0,0.0
2016-01-15,12:30:00,118.569,118.866,118.46799999999999,118.46799999999999,83912.9999999998,1.0,0.0,0.0
2016-01-15,12:35:00,118.449,118.49799999999999,117.941,117.961,97925.6999999998,1.0,0.0,0.0
2016-01-15,12:40:00,117.961,118.14,117.65299999999999,117.715,91019.96999999978,1.0,0.0,0.0
2016-01-15,12:45:00,117.78200000000001,118.18,117.62299999999999,118.1,144487.39999999982,1.0,0.0,0.0
2016-01-15,12:50:00,118.075,118.23,117.852,117.90100000000001,74937.89999999979,1.0,0.0,0.0
2016-01-15,12:55:00,117.89200000000001,118.071,117.822,118.01,70850.55999999978,1.0,0.0,0.0
2016-01-15,13:00:00,118.021,118.1,117.852,118.061,90854.0999999998,1.0,0.0,0.0
2016-01-15,13:05:00,118.1,118.429,118.1,118.374,68977.38999999981,1.0,0.0,0.0
2016-01-15,13:10:00,118.399,118.399,117.971,118.15,62292.78999999978,1.0,0.0,0.0
2016-01-15,13:15:00,118.15,118.637,118.15,118.432,54739.36999999978,1.0,0.0,0.0
2016-01-15,13:20:00,118.45299999999999,118.71600000000001,118.40899999999999,118.54799999999999,49524.95999999979,1.0,0.0,0.0
2016-01-15,13:25:00,118.508,118.54799999999999,118.17,118.26899999999999,72015.9299999998,1.0,0.0,0.0
2016-01-15,13:30:00,118.289,118.339,117.921,117.971,97288.2499999998,1.0,0.0,0.0
2016-01-15,13:35:00,117.931,118.18,117.75200000000001,118.13,51438.4099999998,1.0,0.0,0.0
2016-01-15,13:40:00,118.12,118.23,118.03299999999999,118.23,37908.41999999981,1.0,0.0,0.0
2016-01-15,13:45:00,118.215,118.488,118.2,118.488,43130.969999999805,1.0,0.0,0.0
2016-01-15,13:50:00,118.488,118.603,118.339,118.389,55091.3799999998,1.0,0.0,0.0
2016-01-15,13:55:00,118.37899999999999,118.807,118.37899999999999,118.46799999999999,89351.69999999981,1.0,0.0,0.0
2016-01-15,14:00:00,118.478,118.667,118.399,118.568,42832.33999999981,1.0,0.0,0.0
2016-01-15,14:05:00,118.568,118.59299999999999,118.279,118.369,69262.89999999979,1.0,0.0,0.0
2016-01-15,14:10:00,118.34899999999999,118.538,118.339,118.538,51570.059999999794,1.0,0.0,0.0
2016-01-15,14:15:00,118.52799999999999,118.55799999999999,118.289,118.339,65243.99999999979,1.0,0.0,0.0
2016-01-15,14:20:00,118.319,118.37899999999999,118.19,118.22,58795.639999999796,1.0,0.0,0.0
2016-01-15,14:25:00,118.23,118.304,118.054,118.16,76587.0299999998,1.0,0.0,0.0
2016-01-15,14:30:00,118.15,118.319,117.961,118.001,66695.9699999998,1.0,0.0,0.0
2016-01-15,14:35:00,118.001,118.16,117.86200000000001,118.021,67080.91999999978,1.0,0.0,0.0
2016-01-15,14:40:00,118.038,118.429,118.01899999999999,118.419,102934.99999999975,1.0,0.0,0.0
2016-01-15,14:45:00,118.42,118.458,118.2,118.309,82485.29999999976,1.0,0.0,0.0
2016-01-15,14:50:00,118.309,118.389,118.19,118.277,96537.12999999977,1.0,0.0,0.0
2016-01-15,14:55:00,118.259,118.647,118.259,118.588,91660.29999999977,1.0,0.0,0.0
2016-01-15,15:00:00,118.57799999999999,118.916,118.488,118.73700000000001,70029.01999999979,1.0,0.0,0.0
2016-01-15,15:05:00,118.787,118.85600000000001,118.51799999999999,118.68700000000001,63770.88999999977,1.0,0.0,0.0
2016-01-15,15:10:00,118.697,118.73700000000001,118.21,118.26899999999999,79418.39999999979,1.0,0.0,0.0
2016-01-15,15:15:00,118.289,118.488,118.2,118.329,84076.99999999978,1.0,0.0,0.0
2016-01-15,15:20:00,118.29899999999999,118.319,117.991,118.24,96627.59999999977,1.0,0.0,0.0
2016-01-15,15:25:00,118.24,118.57799999999999,118.115,118.57799999999999,80510.49999999977,1.0,0.0,0.0
2016-01-15,15:30:00,118.598,118.598,118.12,118.13,84343.39999999976,1.0,0.0,0.0
2016-01-15,15:35:00,118.13,118.51799999999999,118.11,118.46799999999999,111359.09999999977,1.0,0.0,0.0
2016-01-15,15:40:00,118.458,118.59,118.19,118.19,110444.19999999975,1.0,0.0,0.0
2016-01-15,15:45:00,118.19,118.37899999999999,118.021,118.339,172791.39999999976,1.0,0.0,0.0
2016-01-15,15:50:00,118.34899999999999,118.588,118.29899999999999,118.429,157430.19999999972,1.0,0.0,0.0
2016-01-15,15:55:00,118.419,118.508,118.279,118.486,222384.69999999972,1.0,0.0,0.0
2016-01-19,09:30:00,118.478,120.04,118.21,119.99,487593.34999999974,1.0,0.0,0.0
2016-01-19,09:35:00,119.99,120.477,119.781,120.139,320218.6999999997,1.0,0.0,0.0
2016-01-19,09:40:00,120.089,121.044,120.05,120.756,135733.49999999968,1.0,0.0,0.0
2016-01-19,09:45:00,120.74600000000001,121.223,120.736,121.024,146175.6999999997,1.0,0.0,0.0
2016-01-19,09:50:00,120.955,121.024,120.12899999999999,120.12899999999999,101034.69999999968,1.0,0.0,0.0
2016-01-19,09:55:00,120.12899999999999,120.23899999999999,119.94,120.07,112427.99999999968,1.0,0.0,0.0
2016-01-19,10:00:00,120.04,120.149,119.741,119.881,100633.61999999965,1.0,0.0,0.0
2016-01-19,10:05:00,119.9,120.249,119.61200000000001,120.219,131227.89999999964,1.0,0.0,0.0
2016-01-19,10:10:00,120.23899999999999,120.338,120.04,120.139,81087.46999999965,1.0,0.0,0.0
2016-01-19,10:15:00,120.119,120.41799999999999,120.079,120.195,84980.89999999964,1.0,0.0,0.0
2016-01-19,10:20:00,120.219,120.29799999999999,119.93,120.119,81513.89999999966,1.0,0.0,0.0
2016-01-19,10:25:00,120.149,120.51700000000001,120.01,120.51700000000001,72164.76999999965,1.0,0.0,0.0
2016-01-19,10:30:00,120.477,120.60700000000001,120.38799999999999,120.59700000000001,71160.24999999965,1.0,0.0,0.0
2016-01-19,10:35:00,120.60700000000001,120.786,120.527,120.56700000000001,67106.13999999966,1.0,0.0,0.0
2016-01-19,10:40:00,120.571,120.63600000000001,120.119,120.134,105004.45999999966,1.0,0.0,0.0
2016-01-19,10:45:00,120.119,120.189,119.781,119.84100000000001,60549.22999999964,1.0,0.0,0.0
2016-01-19,10:50:00,119.861,120.40799999999999,119.85600000000001,120.318,66546.99999999965,1.0,0.0,0.0
2016-01-19,10:55:00,120.32799999999999,120.32799999999999,119.851,119.899,45262.62999999966,1.0,0.0,0.0
2016-01-19,11:00:00,119.93,120.079,119.786,119.90700000000001,43155.11999999965,1.0,0.0,0.0
2016-01-19,11:05:00,119.87100000000001,120.101,119.821,119.92,66394.28999999964,1.0,0.0,0.0
2016-01-19,11:10:00,119.891,120.126,119.791,119.94,57422.19999999962,1.0,0.0,0.0
2016-01-19,11:15:00,119.97,120.005,119.667,119.801,54041.67999999961,1.0,0.0,0.0
2016-01-19,11:20:00,119.84100000000001,119.95,119.443,119.522,49566.13999999961,1.0,0.0,0.0
2016-01-19,11:25:00,119.522,119.73100000000001,119.34299999999999,119.43299999999999,57078.25999999962,1.0,0.0,0.0
2016-01-19,11:30:00,119.42299999999999,119.99,119.39299999999999,119.96,86812.87999999963,1.0,0.0,0.0
2016-01-19,11:35:00,119.94,120.109,119.84100000000001,119.869,53000.97999999962,1.0,0.0,0.0
2016-01-19,11:40:00,119.87899999999999,120.191,119.87100000000001,120.03,49104.60999999962,1.0,0.0,0.0
2016-01-19,11:45:00,120.03,120.219,119.93,120.089,38588.06999999962,1.0,0.0,0.0
2016-01-19,11:50:00,120.089,120.12899999999999,119.96,119.97,46217.89999999962,1.0,0.0,0.0
2016-01-19,11:55:00,119.96,120.109,119.851,119.965,40691.58999999962,1.0,0.0,0.0
2016-01-19,12:00:00,119.96,120.179,119.791,119.9,41050.549999999625,1.0,0.0,0.0
2016-01-19,12:05:00,119.9,119.99,119.78200000000001,119.791,43676.91999999962,1.0,0.0,0.0
2016-01-19,12:10:00,119.801,119.84100000000001,119.39299999999999,119.473,61365.689999999624,1.0,0.0,0.0
2016-01-19,12:15:00,119.473,119.62200000000001,119.383,119.50299999999999,39534.279999999635,1.0,0.0,0.0
2016-01-19,12:20:00,119.50299999999999,119.53299999999999,119.274,119.40299999999999,54366.37999999963,1.0,0.0,0.0
2016-01-19,12:25:00,119.42299999999999,119.45299999999999,119.204,119.324,54937.52999999962,1.0,0.0,0.0
2016-01-19,12:30:00,119.334,119.59200000000001,119.214,119.522,39885.229999999625,1.0,0.0,0.0
2016-01-19,12:35:00,119.493,119.67200000000001,119.463,119.59200000000001,49869.799999999625,1.0,0.0,0.0
2016-01-19,12:40:00,119.58200000000001,119.821,119.45299999999999,119.522,59021.88999999963,1.0,0.0,0.0
2016-01-19,12:45:00,119.50299999999999,119.652,119.28399999999999,119.304,61386.819999999614,1.0,0.0,0.0
2016-01-19,12:50:00,119.334,119.334,118.985,119.135,61697.47999999959,1.0,0.0,0.0
2016-01-19,12:55:00,119.155,119.214,119.015,119.085,46487.31999999959,1.0,0.0,0.0
2016-01-19,13:00:00,119.085,119.125,118.936,119.025,56005.4199999996,1.0,0.0,0.0
2016-01-19,13:05:00,119.045,119.095,118.936,119.02,70728.8999999996,1.0,0.0,0.0
2016-01-19,13:10:00,119.015,119.145,118.906,119.095,41525.1999999996,1.0,0.0,0.0
2016-01-19,13:15:00,119.075,119.234,118.96600000000001,119.025,33084.9499999996,1.0,0.0,0.0
2016-01-19,13:20:00,119.024,119.324,118.959,119.28399999999999,31865.299999999603,1.0,0.0,0.0
2016-01-19,13:25:00,119.274,119.34299999999999,118.98200000000001,119.023,30960.3599999996,1.0,0.0,0.0
2016-01-19,13:30:00,118.985,119.095,118.79700000000001,118.807,36665.5899999996,1.0,0.0,0.0
2016-01-19,13:35:00,118.79700000000001,118.846,118.598,118.697,59815.2099999996,1.0,0.0,0.0
2016-01-19,13:40:00,118.697,118.946,118.68700000000001,118.816,42593.04999999961,1.0,0.0,0.0
2016-01-19,13:45:00,118.836,118.96600000000001,118.697,118.916,61113.399999999616,1.0,0.0,0.0
2016-01-19,13:50:00,118.906,119.115,118.896,118.936,30747.199999999615,1.0,0.0,0.0
2016-01-19,13:55:00,118.929,118.985,118.697,118.866,30174.089999999618,1.0,0.0,0.0
2016-01-19,14:00:00,118.88600000000001,119.095,118.846,119.015,44701.44999999962,1.0,0.0,0.0
2016-01-19,14:05:00,119.005,119.274,118.995,119.15700000000001,129844.35999999962,1.0,0.0,0.0
2016-01-19,14:10:00,119.17200000000001,119.184,118.667,118.70700000000001,58294.90999999964,1.0,0.0,0.0
2016-01-19,14:15:00,118.727,118.836,118.399,118.449,55969.129999999626,1.0,0.0,0.0
2016-01-19,14:20:00,118.475,118.74700000000001,118.329,118.54799999999999,99779.87999999963,1.0,0.0,0.0
2016-01-19,14:25:00,118.557,118.82600000000001,118.385,118.76700000000001,85778.3399999996,1.0,0.0,0.0
2016-01-19,14:30:00,118.787,118.906,118.598,118.74700000000001,62824.73999999961,1.0,0.0,0.0
2016-01-19,14:35:00,118.74700000000001,118.946,118.74700000000001,118.851,50713.43999999962,1.0,0.0,0.0
2016-01-19,14:40:00,118.85600000000001,119.005,118.60799999999999,118.866,83370.03999999962,1.0,0.0,0.0
2016-01-19,14:45:00,118.866,118.876,118.15,118.249,63179.65999999961,1.0,0.0,0.0
2016-01-19,14:50:00,118.24,118.37899999999999,118.17,118.249,42917.75999999963,1.0,0.0,0.0
2016-01-19,14:55:00,118.249,118.508,118.23,118.359,109607.60999999964,1.0,0.0,0.0
2016-01-19,15:00:00,118.359,118.51799999999999,118.249,118.339,47600.419999999656,1.0,0.0,0.0
2016-01-19,15:05:00,118.369,118.787,118.309,118.727,67477.24999999967,1.0,0.0,0.0
2016-01-19,15:10:00,118.727,118.757,118.57799999999999,118.618,64428.46999999967,1.0,0.0,0.0
2016-01-19,15:15:00,118.618,118.727,118.49799999999999,118.49799999999999,73218.54999999967,1.0,0.0,0.0
2016-01-19,15:20:00,118.508,118.647,118.381,118.585,82084.04999999967,1.0,0.0,0.0
2016-01-19,15:25:00,118.55799999999999,119.035,118.55799999999999,118.995,68831.55999999968,1.0,0.0,0.0
2016-01-19,15:30:00,118.976,119.25399999999999,118.936,119.155,63655.259999999675,1.0,0.0,0.0
2016-01-19,15:35:00,119.176,119.184,118.916,119.115,75484.7999999997,1.0,0.0,0.0
2016-01-19,15:40:00,119.115,119.204,118.836,118.85600000000001,71764.59999999969,1.0,0.0,0.0
2016-01-19,15:45:00,118.846,119.324,118.846,119.17399999999999,123163.69999999968,1.0,0.0,0.0
2016-01-19,15:50:00,119.17399999999999,119.56200000000001,119.17399999999999,119.37299999999999,129180.69999999963,1.0,0.0,0.0
2016-01-19,15:55:00,119.37299999999999,119.43299999999999,119.25399999999999,119.354,117639.49999999964,1.0,0.0,0.0
2016-01-20,09:30:00,119.354,119.37299999999999,117.235,117.573,163439.1099999996,1.0,0.0,0.0
2016-01-20,09:35:00,117.295,118.01100000000001,117.126,117.146,317468.8899999996,1.0,0.0,0.0
2016-01-20,09:40:00,117.13600000000001,117.50399999999999,116.618,117.444,164587.39999999967,1.0,0.0,0.0
2016-01-20,09:45:00,117.454,117.56299999999999,116.95700000000001,117.303,121124.69999999968,1.0,0.0,0.0
2016-01-20,09:50:00,117.354,117.47399999999999,116.678,116.74799999999999,142505.59999999966,1.0,0.0,0.0
2016-01-20,09:55:00,116.76799999999999,116.90799999999999,116.251,116.31,94538.10999999965,1.0,0.0,0.0
2016-01-20,10:00:00,116.28,116.45299999999999,116.03200000000001,116.3,116191.59999999964,1.0,0.0,0.0
2016-01-20,10:05:00,116.33,116.38,115.98200000000001,116.191,105555.39999999964,1.0,0.0,0.0
2016-01-20,10:10:00,116.191,116.31,115.833,115.87299999999999,229169.69999999966,1.0,0.0,0.0
2016-01-20,10:15:00,115.863,115.97200000000001,115.584,115.714,124889.19999999969,1.0,0.0,0.0
2016-01-20,10:20:00,115.723,115.84299999999999,115.515,115.79299999999999,127171.69999999969,1.0,0.0,0.0
2016-01-20,10:25:00,115.75299999999999,116.131,115.495,115.87299999999999,166569.29999999967,1.0,0.0,0.0
2016-01-20,10:30:00,115.883,115.902,115.524,115.594,88106.05999999966,1.0,0.0,0.0
2016-01-20,10:35:00,115.564,115.76299999999999,114.96799999999999,115.04700000000001,126377.39999999964,1.0,0.0,0.0
2016-01-20,10:40:00,115.04700000000001,115.056,114.58,114.58,123234.09999999961,1.0,0.0,0.0
2016-01-20,10:45:00,114.584,114.838,114.381,114.54,208900.39999999962,1.0,0.0,0.0
2016-01-20,10:50:00,114.52,114.779,114.45700000000001,114.603,127169.69999999962,1.0,0.0,0.0
2016-01-20,10:55:00,114.6,114.699,114.073,114.242,244975.1999999996,1.0,0.0,0.0
2016-01-20,11:00:00,114.242,114.281,114.023,114.26100000000001,102509.7999999996,1.0,0.0,0.0
2016-01-20,11:05:00,114.235,114.51,114.22200000000001,114.46,122933.49999999959,1.0,0.0,0.0
2016-01-20,11:10:00,114.48,114.53,114.34100000000001,114.48,119202.99999999962,1.0,0.0,0.0
2016-01-20,11:15:00,114.48,114.689,114.46,114.53,165102.1999999996,1.0,0.0,0.0
2016-01-20,11:20:00,114.52,114.699,114.48,114.59,144135.3999999996,1.0,0.0,0.0
2016-01-20,11:25:00,114.59,114.719,114.421,114.709,183924.1999999996,1.0,0.0,0.0
2016-01-20,11:30:00,114.709,114.846,114.58,114.779,106132.49999999959,1.0,0.0,0.0
2016-01-20,11:35:00,114.76899999999999,114.809,114.619,114.699,99685.49999999958,1.0,0.0,0.0
2016-01-20,11:40:00,114.709,114.82799999999999,114.37100000000001,114.391,308515.8999999996,1.0,0.0,0.0
2016-01-20,11:45:00,114.43,114.679,114.351,114.49,133980.9999999996,1.0,0.0,0.0
2016-01-20,11:50:00,114.48,114.63,114.40100000000001,114.44,60234.37999999959,1.0,0.0,0.0
2016-01-20,11:55:00,114.44,114.45,114.19200000000001,114.37100000000001,67784.8099999996,1.0,0.0,0.0
2016-01-20,12:00:00,114.391,114.619,114.23200000000001,114.619,57999.379999999604,1.0,0.0,0.0
2016-01-20,12:05:00,114.63,114.63,114.37100000000001,114.381,56842.9799999996,1.0,0.0,0.0
2016-01-20,12:10:00,114.37100000000001,114.391,114.12200000000001,114.17200000000001,106070.19999999958,1.0,0.0,0.0
2016-01-20,12:15:00,114.20200000000001,114.5,114.19200000000001,114.421,73237.59999999957,1.0,0.0,0.0
2016-01-20,12:20:00,114.411,114.56,114.12200000000001,114.12200000000001,94277.69999999958,1.0,0.0,0.0
2016-01-20,12:25:00,114.132,114.14200000000001,113.307,113.635,173629.79999999958,1.0,0.0,0.0
2016-01-20,12:30:00,113.645,113.695,113.376,113.665,111509.99999999956,1.0,0.0,0.0
2016-01-20,12:35:00,113.625,113.72399999999999,113.516,113.575,90354.39999999959,1.0,0.0,0.0
2016-01-20,12:40:00,113.565,113.565,113.227,113.365,69315.12999999958,1.0,0.0,0.0
2016-01-20,12:45:00,113.35600000000001,113.416,113.01799999999999,113.04700000000001,85710.89999999957,1.0,0.0,0.0
2016-01-20,12:50:00,113.02799999999999,113.197,112.96600000000001,113.197,109094.79999999955,1.0,0.0,0.0
2016-01-20,12:55:00,113.20700000000001,113.635,113.148,113.595,116074.99999999956,1.0,0.0,0.0
2016-01-20,13:00:00,113.555,113.93299999999999,113.545,113.75,96875.09999999958,1.0,0.0,0.0
2016-01-20,13:05:00,113.744,114.102,113.744,113.896,102981.3999999996,1.0,0.0,0.0
2016-01-20,13:10:00,113.89399999999999,113.95299999999999,113.516,113.774,88173.4599999996,1.0,0.0,0.0
2016-01-20,13:15:00,113.804,113.804,113.446,113.476,87998.31999999957,1.0,0.0,0.0
2016-01-20,13:20:00,113.446,113.49600000000001,113.05799999999999,113.05799999999999,68743.09999999957,1.0,0.0,0.0
2016-01-20,13:25:00,113.05799999999999,113.605,113.05799999999999,113.446,43976.63999999958,1.0,0.0,0.0
2016-01-20,13:30:00,113.446,113.86399999999999,113.277,113.86399999999999,69275.88999999958,1.0,0.0,0.0
2016-01-20,13:35:00,113.844,113.98299999999999,113.695,113.764,116582.69999999959,1.0,0.0,0.0
2016-01-20,13:40:00,113.75399999999999,114.351,113.744,114.351,117182.0999999996,1.0,0.0,0.0
2016-01-20,13:45:00,114.331,114.848,114.32600000000001,114.779,110681.48999999963,1.0,0.0,0.0
2016-01-20,13:50:00,114.76299999999999,114.90799999999999,114.56,114.839,364071.9999999996,1.0,0.0,0.0
2016-01-20,13:55:00,114.848,114.988,114.619,114.669,113023.19999999956,1.0,0.0,0.0
2016-01-20,14:00:00,114.679,114.82799999999999,114.619,114.779,84829.99999999956,1.0,0.0,0.0
2016-01-20,14:05:00,114.76899999999999,114.78399999999999,114.46,114.76700000000001,163850.29999999955,1.0,0.0,0.0
2016-01-20,14:10:00,114.76899999999999,115.21600000000001,114.57,115.176,101933.59999999961,1.0,0.0,0.0
2016-01-20,14:15:00,115.186,115.435,114.988,115.07700000000001,103326.39999999959,1.0,0.0,0.0
2016-01-20,14:20:00,115.052,115.49,114.988,115.236,96006.1999999996,1.0,0.0,0.0
2016-01-20,14:25:00,115.186,115.195,114.51,114.55,109713.19999999959,1.0,0.0,0.0
2016-01-20,14:30:00,114.57,114.719,114.43,114.49,56044.62999999961,1.0,0.0,0.0
2016-01-20,14:35:00,114.48,114.53,114.20200000000001,114.40100000000001,73938.37999999963,1.0,0.0,0.0
2016-01-20,14:40:00,114.381,114.719,114.23200000000001,114.689,55881.73999999962,1.0,0.0,0.0
2016-01-20,14:45:00,114.696,114.719,114.46,114.61,54684.18999999963,1.0,0.0,0.0
2016-01-20,14:50:00,114.61,114.96799999999999,114.44,114.95299999999999,72296.4999999996,1.0,0.0,0.0
2016-01-20,14:55:00,114.96700000000001,115.21600000000001,114.85799999999999,115.15700000000001,142840.39999999962,1.0,0.0,0.0
2016-01-20,15:00:00,115.171,115.196,114.65899999999999,114.73899999999999,122624.79999999961,1.0,0.0,0.0
2016-01-20,15:05:00,114.76899999999999,115.415,114.759,115.316,147119.7999999996,1.0,0.0,0.0
2016-01-20,15:10:00,115.32600000000001,115.584,115.27600000000001,115.4,184723.4999999996,1.0,0.0,0.0
2016-01-20,15:15:00,115.415,115.634,115.266,115.604,216467.29999999958,1.0,0.0,0.0
2016-01-20,15:20:00,115.594,116.23100000000001,115.515,116.21600000000001,256445.89999999964,1.0,0.0,0.0
2016-01-20,15:25:00,116.206,116.38,115.98700000000001,116.211,274795.3999999997,1.0,0.0,0.0
2016-01-20,15:30:00,116.26,116.479,116.052,116.33,305869.1999999996,1.0,0.0,0.0
2016-01-20,15:35:00,116.34,116.51899999999999,116.00200000000001,116.131,197311.39999999956,1.0,0.0,0.0
2016-01-20,15:40:00,116.131,116.28,115.97200000000001,116.057,206931.09999999954,1.0,0.0,0.0
2016-01-20,15:45:00,116.022,116.131,115.664,115.669,195825.29999999958,1.0,0.0,0.0
2016-01-20,15:50:00,115.664,115.694,115.415,115.654,204804.39999999964,1.0,0.0,0.0
2016-01-20,15:55:00,115.654,115.95200000000001,115.535,115.684,253970.3999999997,1.0,0.0,0.0
2016-01-21,09:30:00,115.67399999999999,116.87700000000001,115.604,116.529,550968.9999999998,1.0,0.0,0.0
2016-01-21,09:35:00,116.62899999999999,119.25399999999999,116.62899999999999,118.73100000000001,457276.9999999999,1.0,0.0,0.0
2016-01-21,09:40:00,118.70700000000001,119.075,118.198,118.319,303095.59999999986,1.0,0.0,0.0
2016-01-21,09:45:00,118.309,118.369,117.693,118.255,180857.29999999987,1.0,0.0,0.0
2016-01-21,09:50:00,118.22,118.43799999999999,117.852,118.12,119271.39999999985,1.0,0.0,0.0
2016-01-21,09:55:00,118.1,118.488,117.87799999999999,118.369,95888.59999999985,1.0,0.0,0.0
2016-01-21,10:00:00,118.369,119.194,118.354,119.14,180841.39999999982,1.0,0.0,0.0
2016-01-21,10:05:00,119.17399999999999,119.479,118.916,118.926,191288.59999999977,1.0,0.0,0.0
2016-01-21,10:10:00,118.916,119.87100000000001,118.85600000000001,119.73100000000001,221614.39999999982,1.0,0.0,0.0
2016-01-21,10:15:00,119.751,120.338,119.552,120.288,196337.19999999978,1.0,0.0,0.0
2016-01-21,10:20:00,120.29799999999999,120.77600000000001,119.98,120.696,256819.99999999974,1.0,0.0,0.0
2016-01-21,10:25:00,120.696,120.786,120.06,120.27799999999999,216369.59999999966,1.0,0.0,0.0
2016-01-21,10:30:00,120.27799999999999,120.38799999999999,119.881,119.99600000000001,126772.59999999969,1.0,0.0,0.0
2016-01-21,10:35:00,119.95,120.736,119.851,120.38799999999999,84068.79999999967,1.0,0.0,0.0
2016-01-21,10:40:00,120.40799999999999,120.587,120.288,120.477,139393.59999999966,1.0,0.0,0.0
2016-01-21,10:45:00,120.448,120.825,120.32799999999999,120.815,182557.69999999966,1.0,0.0,0.0
2016-01-21,10:50:00,120.825,121.23299999999999,120.74600000000001,120.79899999999999,200572.19999999966,1.0,0.0,0.0
2016-01-21,10:55:00,120.796,120.79899999999999,120.219,120.565,142633.29999999964,1.0,0.0,0.0
2016-01-21,11:00:00,120.56200000000001,120.676,120.05,120.199,117974.39999999966,1.0,0.0,0.0
2016-01-21,11:05:00,120.229,120.905,120.04,120.646,110582.89999999964,1.0,0.0,0.0
2016-01-21,11:10:00,120.63600000000001,120.915,120.60700000000001,120.779,118394.68999999965,1.0,0.0,0.0
2016-01-21,11:15:00,120.786,120.915,120.46700000000001,120.46700000000001,97104.13999999964,1.0,0.0,0.0
2016-01-21,11:20:00,120.48700000000001,120.646,120.23899999999999,120.258,87982.29999999961,1.0,0.0,0.0
2016-01-21,11:25:00,120.249,120.376,120.089,120.15899999999999,73133.09999999963,1.0,0.0,0.0
2016-01-21,11:30:00,120.12899999999999,120.229,119.821,120.109,79328.9999999996,1.0,0.0,0.0
2016-01-21,11:35:00,120.089,120.41799999999999,119.771,119.796,98241.29999999962,1.0,0.0,0.0
2016-01-21,11:40:00,119.84100000000001,120.089,119.741,119.91,64346.029999999635,1.0,0.0,0.0
2016-01-21,11:45:00,119.91,119.98,119.62200000000001,119.721,53578.10999999964,1.0,0.0,0.0
2016-01-21,11:50:00,119.715,120.0,119.62200000000001,119.96,74054.09999999964,1.0,0.0,0.0
2016-01-21,11:55:00,119.96,120.05,119.76100000000001,120.05,41359.259999999646,1.0,0.0,0.0
2016-01-21,12:00:00,120.05,120.428,120.0,120.428,85327.76999999963,1.0,0.0,0.0
2016-01-21,12:05:00,120.428,120.527,120.229,120.318,61461.27999999962,1.0,0.0,0.0
2016-01-21,12:10:00,120.288,120.77600000000001,120.28299999999999,120.696,91612.12999999963,1.0,0.0,0.0
2016-01-21,12:15:00,120.714,120.74600000000001,120.51700000000001,120.729,85061.33999999962,1.0,0.0,0.0
2016-01-21,12:20:00,120.756,120.984,120.706,120.825,95009.69999999962,1.0,0.0,0.0
2016-01-21,12:25:00,120.865,120.895,120.51700000000001,120.756,59421.149999999616,1.0,0.0,0.0
2016-01-21,12:30:00,120.71600000000001,120.935,120.71600000000001,120.831,45070.53999999962,1.0,0.0,0.0
2016-01-21,12:35:00,120.805,121.014,120.756,120.935,60982.57999999961,1.0,0.0,0.0
2016-01-21,12:40:00,120.885,121.134,120.805,121.087,84028.6599999996,1.0,0.0,0.0
2016-01-21,12:45:00,121.10600000000001,121.273,120.994,120.994,66425.39999999962,1.0,0.0,0.0
2016-01-21,12:50:00,120.994,121.124,120.905,120.976,55195.059999999605,1.0,0.0,0.0
2016-01-21,12:55:00,120.935,120.935,120.617,120.74600000000001,47290.649999999616,1.0,0.0,0.0
2016-01-21,13:00:00,120.766,120.855,120.587,120.71600000000001,37333.23999999961,1.0,0.0,0.0
2016-01-21,13:05:00,120.726,120.895,120.726,120.855,36698.769999999604,1.0,0.0,0.0
2016-01-21,13:10:00,120.855,120.965,120.766,120.766,42116.449999999604,1.0,0.0,0.0
2016-01-21,13:15:00,120.766,120.875,120.465,120.46700000000001,48307.30999999961,1.0,0.0,0.0
2016-01-21,13:20:00,120.46700000000001,120.696,120.37799999999999,120.37799999999999,75075.81999999961,1.0,0.0,0.0
2016-01-21,13:25:00,120.38799999999999,120.40799999999999,120.03,120.229,91533.69999999962,1.0,0.0,0.0
2016-01-21,13:30:00,120.23899999999999,120.338,120.03,120.209,65265.0399999996,1.0,0.0,0.0
2016-01-21,13:35:00,120.209,120.209,119.64200000000001,119.854,78288.28999999962,1.0,0.0,0.0
2016-01-21,13:40:00,119.891,120.23899999999999,119.881,120.03,76220.9599999996,1.0,0.0,0.0
2016-01-21,13:45:00,120.02,120.189,119.751,119.93,109116.9799999996,1.0,0.0,0.0
2016-01-21,13:50:00,119.95,120.02,119.831,119.87700000000001,55664.5299999996,1.0,0.0,0.0
2016-01-21,13:55:00,119.851,119.98,119.572,119.96,66045.3799999996,1.0,0.0,0.0
2016-01-21,14:00:00,119.94,120.161,119.881,119.97,79936.34999999957,1.0,0.0,0.0
2016-01-21,14:05:00,119.976,120.02,119.632,119.93,45613.49999999956,1.0,0.0,0.0
2016-01-21,14:10:00,119.93,119.96,119.214,119.274,60286.81999999956,1.0,0.0,0.0
2016-01-21,14:15:00,119.274,119.274,118.956,119.015,55721.779999999555,1.0,0.0,0.0
2016-01-21,14:20:00,118.992,119.37299999999999,118.956,119.334,88290.99999999956,1.0,0.0,0.0
2016-01-21,14:25:00,119.334,119.39299999999999,118.598,118.616,99987.89999999959,1.0,0.0,0.0
2016-01-21,14:30:00,118.598,119.25399999999999,118.57799999999999,119.214,74455.35999999958,1.0,0.0,0.0
2016-01-21,14:35:00,119.204,119.324,118.866,119.035,92240.66999999955,1.0,0.0,0.0
2016-01-21,14:40:00,119.015,119.324,118.876,119.264,66811.47999999952,1.0,0.0,0.0
2016-01-21,14:45:00,119.294,119.542,119.244,119.37299999999999,91620.23999999953,1.0,0.0,0.0
2016-01-21,14:50:00,119.384,119.39200000000001,118.74700000000001,118.779,80226.92999999954,1.0,0.0,0.0
2016-01-21,14:55:00,118.76700000000001,119.194,118.76700000000001,119.155,35896.35999999955,1.0,0.0,0.0
2016-01-21,15:00:00,119.164,119.69200000000001,119.164,119.473,83253.49999999956,1.0,0.0,0.0
2016-01-21,15:05:00,119.473,119.5,118.985,118.985,54354.369999999544,1.0,0.0,0.0
2016-01-21,15:10:00,118.995,119.115,118.68700000000001,118.96600000000001,59479.359999999564,1.0,0.0,0.0
2016-01-21,15:15:00,118.926,119.28399999999999,118.906,118.976,52775.689999999566,1.0,0.0,0.0
2016-01-21,15:20:00,118.946,119.164,118.896,119.065,39911.27999999958,1.0,0.0,0.0
2016-01-21,15:25:00,119.025,119.45200000000001,118.916,119.304,76039.03999999957,1.0,0.0,0.0
2016-01-21,15:30:00,119.295,119.50299999999999,119.155,119.48299999999999,64353.98999999956,1.0,0.0,0.0
2016-01-21,15:35:00,119.45200000000001,119.789,119.45200000000001,119.662,123611.18999999955,1.0,0.0,0.0
2016-01-21,15:40:00,119.662,120.01,119.601,119.934,162209.39999999956,1.0,0.0,0.0
2016-01-21,15:45:00,119.93799999999999,120.208,119.831,119.92,132282.79999999958,1.0,0.0,0.0
2016-01-21,15:50:00,119.9,119.9,119.662,119.712,141547.39999999956,1.0,0.0,0.0
2016-01-21,15:55:00,119.73100000000001,119.96,119.712,119.87100000000001,113986.59999999955,1.0,0.0,0.0
2016-01-22,09:30:00,119.87100000000001,121.581,119.53299999999999,121.397,315024.3999999995,1.0,0.0,0.0
2016-01-22,09:35:00,121.50200000000001,121.83,121.273,121.601,311668.1999999995,1.0,0.0,0.0
2016-01-22,09:40:00,121.611,122.32700000000001,121.512,121.617,195016.79999999946,1.0,0.0,0.0
2016-01-22,09:45:00,121.62100000000001,122.039,121.475,121.53200000000001,87708.84999999941,1.0,0.0,0.0
2016-01-22,09:50:00,121.53200000000001,122.86399999999999,121.47200000000001,122.72,266443.59999999945,1.0,0.0,0.0
2016-01-22,09:55:00,122.745,122.884,122.536,122.834,162692.99999999942,1.0,0.0,0.0
2016-01-22,10:00:00,122.824,123.988,122.745,123.40100000000001,275878.19999999943,1.0,0.0,0.0
2016-01-22,10:05:00,123.40100000000001,123.40100000000001,122.904,123.023,172193.99999999945,1.0,0.0,0.0
2016-01-22,10:10:00,123.04299999999999,123.083,122.705,122.824,194098.8999999994,1.0,0.0,0.0
2016-01-22,10:15:00,122.824,122.964,122.645,122.65299999999999,118511.2999999994,1.0,0.0,0.0
2016-01-22,10:20:00,122.65299999999999,123.00299999999999,122.645,122.86399999999999,173252.79999999938,1.0,0.0,0.0
2016-01-22,10:25:00,122.874,123.17299999999999,122.785,123.113,138209.99999999942,1.0,0.0,0.0
2016-01-22,10:30:00,123.113,123.322,122.89399999999999,122.98299999999999,101366.59999999944,1.0,0.0,0.0
2016-01-22,10:35:00,122.964,123.272,122.964,123.094,65478.29999999943,1.0,0.0,0.0
2016-01-22,10:40:00,123.09299999999999,123.242,122.90799999999999,123.01299999999999,85225.25999999943,1.0,0.0,0.0
2016-01-22,10:45:00,123.01299999999999,123.15299999999999,122.92399999999999,123.023,102931.09999999942,1.0,0.0,0.0
2016-01-22,10:50:00,123.053,123.25200000000001,123.03299999999999,123.22,95006.69999999944,1.0,0.0,0.0
2016-01-22,10:55:00,123.23200000000001,123.242,123.023,123.04299999999999,90572.49999999945,1.0,0.0,0.0
2016-01-22,11:00:00,123.03299999999999,123.083,122.743,122.884,90629.89999999946,1.0,0.0,0.0
2016-01-22,11:05:00,122.854,122.943,122.40700000000001,122.506,80418.96999999948,1.0,0.0,0.0
2016-01-22,11:10:00,122.46600000000001,122.506,122.088,122.16799999999999,60707.14999999947,1.0,0.0,0.0
2016-01-22,11:15:00,122.148,122.287,122.088,122.208,87411.28999999947,1.0,0.0,0.0
2016-01-22,11:20:00,122.228,122.43700000000001,122.228,122.387,57693.61999999948,1.0,0.0,0.0
2016-01-22,11:25:00,122.40700000000001,122.705,122.35700000000001,122.365,47186.179999999484,1.0,0.0,0.0
2016-01-22,11:30:00,122.367,122.456,122.198,122.427,42841.34999999948,1.0,0.0,0.0
2016-01-22,11:35:00,122.40700000000001,122.427,122.21799999999999,122.285,41139.08999999949,1.0,0.0,0.0
2016-01-22,11:40:00,122.238,122.287,122.009,122.178,47606.39999999949,1.0,0.0,0.0
2016-01-22,11:45:00,122.17299999999999,122.31700000000001,122.039,122.287,54047.5999999995,1.0,0.0,0.0
2016-01-22,11:50:00,122.307,122.40700000000001,122.10799999999999,122.21799999999999,58202.4499999995,1.0,0.0,0.0
2016-01-22,11:55:00,122.24700000000001,122.427,122.21799999999999,122.24799999999999,52129.15999999948,1.0,0.0,0.0
2016-01-22,12:00:00,122.238,122.337,122.059,122.15799999999999,33250.89999999948,1.0,0.0,0.0
2016-01-22,12:05:00,122.14,122.26700000000001,122.016,122.257,38353.85999999948,1.0,0.0,0.0
2016-01-22,12:10:00,122.257,122.536,122.251,122.40700000000001,47296.72999999948,1.0,0.0,0.0
2016-01-22,12:15:00,122.40700000000001,122.476,122.24799999999999,122.287,49901.01999999947,1.0,0.0,0.0
2016-01-22,12:20:00,122.287,122.39299999999999,122.13799999999999,122.337,47671.81999999946,1.0,0.0,0.0
2016-01-22,12:25:00,122.363,122.40700000000001,122.26700000000001,122.367,26335.079999999452,1.0,0.0,0.0
2016-01-22,12:30:00,122.32700000000001,122.34700000000001,122.15799999999999,122.329,38104.45999999945,1.0,0.0,0.0
2016-01-22,12:35:00,122.32700000000001,122.387,122.24799999999999,122.277,35880.289999999455,1.0,0.0,0.0
2016-01-22,12:40:00,122.23899999999999,122.476,122.23899999999999,122.40700000000001,26748.28999999946,1.0,0.0,0.0
2016-01-22,12:45:00,122.387,122.514,122.26700000000001,122.305,27504.40999999946,1.0,0.0,0.0
2016-01-22,12:50:00,122.291,122.37899999999999,122.16799999999999,122.34700000000001,22682.06999999946,1.0,0.0,0.0
2016-01-22,12:55:00,122.34700000000001,122.556,122.32700000000001,122.447,30850.799999999464,1.0,0.0,0.0
2016-01-22,13:00:00,122.43700000000001,122.476,122.287,122.333,23342.699999999466,1.0,0.0,0.0
2016-01-22,13:05:00,122.35700000000001,122.37700000000001,122.16799999999999,122.29700000000001,24736.319999999465,1.0,0.0,0.0
2016-01-22,13:10:00,122.295,122.295,122.12799999999999,122.21799999999999,29933.759999999467,1.0,0.0,0.0
2016-01-22,13:15:00,122.21799999999999,122.257,122.16799999999999,122.238,30154.00999999947,1.0,0.0,0.0
2016-01-22,13:20:00,122.24799999999999,122.715,122.228,122.685,45760.37999999947,1.0,0.0,0.0
2016-01-22,13:25:00,122.665,122.72399999999999,122.586,122.66,24184.299999999464,1.0,0.0,0.0
2016-01-22,13:30:00,122.685,122.745,122.417,122.52600000000001,34822.45999999946,1.0,0.0,0.0
2016-01-22,13:35:00,122.516,122.616,122.427,122.43700000000001,20258.82999999947,1.0,0.0,0.0
2016-01-22,13:40:00,122.427,122.665,122.397,122.646,35969.769999999466,1.0,0.0,0.0
2016-01-22,13:45:00,122.64,122.64,122.456,122.51100000000001,24112.90999999947,1.0,0.0,0.0
2016-01-22,13:50:00,122.499,122.665,122.499,122.616,26884.069999999465,1.0,0.0,0.0
2016-01-22,13:55:00,122.626,122.665,122.52600000000001,122.586,21734.899999999467,1.0,0.0,0.0
2016-01-22,14:00:00,122.546,122.635,122.46600000000001,122.493,24787.599999999464,1.0,0.0,0.0
2016-01-22,14:05:00,122.46600000000001,122.635,122.459,122.546,26373.27999999946,1.0,0.0,0.0
2016-01-22,14:10:00,122.57600000000001,122.705,122.506,122.645,26819.719999999463,1.0,0.0,0.0
2016-01-22,14:15:00,122.665,122.86399999999999,122.60600000000001,122.745,39663.97999999946,1.0,0.0,0.0
2016-01-22,14:20:00,122.76899999999999,123.00299999999999,122.755,122.86200000000001,39624.829999999456,1.0,0.0,0.0
2016-01-22,14:25:00,122.844,122.89399999999999,122.626,122.705,40626.279999999446,1.0,0.0,0.0
2016-01-22,14:30:00,122.685,122.735,122.456,122.456,58734.379999999444,1.0,0.0,0.0
2016-01-22,14:35:00,122.486,122.684,122.476,122.556,37101.98999999943,1.0,0.0,0.0
2016-01-22,14:40:00,122.546,122.616,122.266,122.31700000000001,54832.92999999944,1.0,0.0,0.0
2016-01-22,14:45:00,122.31700000000001,122.397,122.178,122.198,45757.39999999944,1.0,0.0,0.0
2016-01-22,14:50:00,122.228,122.367,122.228,122.26700000000001,35723.46999999944,1.0,0.0,0.0
2016-01-22,14:55:00,122.238,122.387,122.21799999999999,122.29700000000001,65591.78999999946,1.0,0.0,0.0
2016-01-22,15:00:00,122.29700000000001,122.32700000000001,122.208,122.228,40854.469999999455,1.0,0.0,0.0
2016-01-22,15:05:00,122.238,122.238,122.07799999999999,122.18799999999999,76877.58999999944,1.0,0.0,0.0
2016-01-22,15:10:00,122.17299999999999,122.18799999999999,121.85,121.87,65931.59999999945,1.0,0.0,0.0
2016-01-22,15:15:00,121.88,121.969,121.83,121.904,101556.59999999942,1.0,0.0,0.0
2016-01-22,15:20:00,121.899,121.98899999999999,121.84,121.931,74737.94999999943,1.0,0.0,0.0
2016-01-22,15:25:00,121.919,122.009,121.83,121.83,86687.19999999944,1.0,0.0,0.0
2016-01-22,15:30:00,121.83,122.039,121.8,121.87,132144.9999999994,1.0,0.0,0.0
2016-01-22,15:35:00,121.88,121.99799999999999,121.88,121.929,63835.19999999936,1.0,0.0,0.0
2016-01-22,15:40:00,121.919,122.09299999999999,121.904,122.059,84855.12999999938,1.0,0.0,0.0
2016-01-22,15:45:00,122.068,122.15799999999999,121.98899999999999,122.10799999999999,139819.89999999938,1.0,0.0,0.0
2016-01-22,15:50:00,122.11399999999999,122.31700000000001,122.098,122.13799999999999,134876.89999999938,1.0,0.0,0.0
2016-01-22,15:55:00,122.13799999999999,122.24799999999999,122.098,122.12799999999999,141355.39999999938,1.0,0.0,0.0
2016-01-25,09:30:00,122.118,123.17299999999999,122.068,122.944,182162.45999999935,1.0,0.0,0.0
2016-01-25,09:35:00,122.884,123.148,122.228,122.228,205334.59999999934,1.0,0.0,0.0
2016-01-25,09:40:00,122.228,122.635,121.90899999999999,122.15799999999999,108659.42999999937,1.0,0.0,0.0
2016-01-25,09:45:00,122.18299999999999,122.316,121.919,121.95700000000001,63746.73999999937,1.0,0.0,0.0
2016-01-25,09:50:00,121.919,122.60600000000001,121.86,122.586,108472.4799999994,1.0,0.0,0.0
2016-01-25,09:55:00,122.586,122.814,122.32700000000001,122.714,91272.2999999994,1.0,0.0,0.0
2016-01-25,10:00:00,122.715,122.715,122.098,122.35799999999999,52339.3099999994,1.0,0.0,0.0
2016-01-25,10:05:00,122.374,122.387,122.21799999999999,122.21799999999999,62208.33999999939,1.0,0.0,0.0
2016-01-25,10:10:00,122.21799999999999,122.34700000000001,122.088,122.12799999999999,60168.149999999405,1.0,0.0,0.0
2016-01-25,10:15:00,122.10799999999999,122.198,121.882,121.929,55734.989999999394,1.0,0.0,0.0
2016-01-25,10:20:00,121.89,122.238,121.89,122.13799999999999,57140.5499999994,1.0,0.0,0.0
2016-01-25,10:25:00,122.15799999999999,122.29700000000001,121.929,122.04899999999999,56733.38999999942,1.0,0.0,0.0
2016-01-25,10:30:00,122.009,122.116,121.899,121.98899999999999,31395.749999999425,1.0,0.0,0.0
2016-01-25,10:35:00,121.949,121.979,121.601,121.631,47518.94999999942,1.0,0.0,0.0
2016-01-25,10:40:00,121.611,121.693,121.382,121.432,39761.50999999943,1.0,0.0,0.0
2016-01-25,10:45:00,121.42200000000001,121.462,121.303,121.45200000000001,64907.04999999944,1.0,0.0,0.0
2016-01-25,10:50:00,121.44200000000001,121.541,121.402,121.402,51202.04999999946,1.0,0.0,0.0
2016-01-25,10:55:00,121.402,121.50200000000001,121.353,121.44200000000001,49010.02999999946,1.0,0.0,0.0
2016-01-25,11:00:00,121.42200000000001,121.45200000000001,121.213,121.25299999999999,41153.089999999465,1.0,0.0,0.0
2016-01-25,11:05:00,121.23299999999999,121.36200000000001,121.134,121.134,76184.75999999946,1.0,0.0,0.0
2016-01-25,11:10:00,121.134,121.213,121.00399999999999,121.104,53322.66999999945,1.0,0.0,0.0
2016-01-25,11:15:00,121.074,121.09700000000001,120.915,121.044,45264.66999999946,1.0,0.0,0.0
2016-01-25,11:20:00,121.024,121.054,120.925,121.014,43011.28999999947,1.0,0.0,0.0
2016-01-25,11:25:00,121.01799999999999,121.054,120.905,120.994,56264.78999999948,1.0,0.0,0.0
2016-01-25,11:30:00,120.975,121.064,120.915,120.955,83299.61999999949,1.0,0.0,0.0
2016-01-25,11:35:00,120.955,121.03399999999999,120.895,120.984,58623.72999999948,1.0,0.0,0.0
2016-01-25,11:40:00,121.014,121.163,120.984,121.154,51158.879999999466,1.0,0.0,0.0
2016-01-25,11:45:00,121.161,121.45200000000001,121.154,121.243,86185.49999999945,1.0,0.0,0.0
2016-01-25,11:50:00,121.23299999999999,121.561,121.20299999999999,121.44200000000001,43563.27999999946,1.0,0.0,0.0
2016-01-25,11:55:00,121.44200000000001,121.70100000000001,121.432,121.661,35050.71999999946,1.0,0.0,0.0
2016-01-25,12:00:00,121.681,121.696,121.571,121.641,21253.269999999466,1.0,0.0,0.0
2016-01-25,12:05:00,121.631,121.77,121.541,121.551,23511.619999999464,1.0,0.0,0.0
2016-01-25,12:10:00,121.551,121.656,121.512,121.54,25175.719999999466,1.0,0.0,0.0
2016-01-25,12:15:00,121.561,121.62700000000001,121.512,121.551,29366.65999999946,1.0,0.0,0.0
2016-01-25,12:20:00,121.581,121.77,121.571,121.73700000000001,23842.43999999946,1.0,0.0,0.0
2016-01-25,12:25:00,121.736,121.89,121.73,121.84200000000001,35252.86999999946,1.0,0.0,0.0
2016-01-25,12:30:00,121.83,121.95700000000001,121.83,121.90700000000001,27311.409999999465,1.0,0.0,0.0
2016-01-25,12:35:00,121.899,121.959,121.74,121.88,25788.079999999467,1.0,0.0,0.0
2016-01-25,12:40:00,121.899,122.088,121.88,122.025,24684.039999999466,1.0,0.0,0.0
2016-01-25,12:45:00,122.001,122.148,121.969,122.01700000000001,41888.119999999464,1.0,0.0,0.0
2016-01-25,12:50:00,122.014,122.118,121.959,122.10799999999999,26567.369999999468,1.0,0.0,0.0
2016-01-25,12:55:00,122.118,122.12,121.88,121.959,33388.66999999946,1.0,0.0,0.0
2016-01-25,13:00:00,121.959,122.24799999999999,121.949,122.238,39950.55999999947,1.0,0.0,0.0
2016-01-25,13:05:00,122.223,122.486,122.178,122.46600000000001,53949.12999999946,1.0,0.0,0.0
2016-01-25,13:10:00,122.486,122.486,122.272,122.272,37287.98999999947,1.0,0.0,0.0
2016-01-25,13:15:00,122.277,122.287,122.178,122.208,33428.869999999464,1.0,0.0,0.0
2016-01-25,13:20:00,122.228,122.238,122.10799999999999,122.16799999999999,36124.60999999947,1.0,0.0,0.0
2016-01-25,13:25:00,122.16799999999999,122.208,122.04899999999999,122.04899999999999,30339.969999999474,1.0,0.0,0.0
2016-01-25,13:30:00,122.04899999999999,122.208,122.039,122.15799999999999,34845.61999999948,1.0,0.0,0.0
2016-01-25,13:35:00,122.152,122.307,122.13799999999999,122.23200000000001,33739.569999999476,1.0,0.0,0.0
2016-01-25,13:40:00,122.228,122.277,122.148,122.208,28742.23999999948,1.0,0.0,0.0
2016-01-25,13:45:00,122.213,122.31700000000001,122.18799999999999,122.307,31594.83999999949,1.0,0.0,0.0
2016-01-25,13:50:00,122.29899999999999,122.387,122.068,122.148,48494.35999999949,1.0,0.0,0.0
2016-01-25,13:55:00,122.16799999999999,122.198,122.068,122.118,35135.20999999949,1.0,0.0,0.0
2016-01-25,14:00:00,122.10799999999999,122.16799999999999,122.01899999999999,122.07799999999999,59035.93999999949,1.0,0.0,0.0
2016-01-25,14:05:00,122.07799999999999,122.15799999999999,121.999,122.068,49238.399999999485,1.0,0.0,0.0
2016-01-25,14:10:00,122.07799999999999,122.118,122.009,122.06700000000001,42329.50999999949,1.0,0.0,0.0
2016-01-25,14:15:00,122.04899999999999,122.059,121.899,121.959,34924.009999999485,1.0,0.0,0.0
2016-01-25,14:20:00,121.959,122.068,121.929,121.98899999999999,44347.649999999485,1.0,0.0,0.0
2016-01-25,14:25:00,121.959,121.969,121.755,121.8,69621.89999999948,1.0,0.0,0.0
2016-01-25,14:30:00,121.82,121.959,121.70100000000001,121.929,62224.41999999948,1.0,0.0,0.0
2016-01-25,14:35:00,121.929,122.10799999999999,121.919,122.04899999999999,32607.359999999473,1.0,0.0,0.0
2016-01-25,14:40:00,122.054,122.12799999999999,121.949,121.979,55600.139999999476,1.0,0.0,0.0
2016-01-25,14:45:00,121.964,121.999,121.72399999999999,121.73,53811.389999999476,1.0,0.0,0.0
2016-01-25,14:50:00,121.73,121.78,121.631,121.705,43010.25999999947,1.0,0.0,0.0
2016-01-25,14:55:00,121.70100000000001,121.83,121.661,121.81,46957.809999999474,1.0,0.0,0.0
2016-01-25,15:00:00,121.818,121.959,121.73,121.90899999999999,47570.279999999475,1.0,0.0,0.0
2016-01-25,15:05:00,121.919,122.01899999999999,121.74,121.76,48797.89999999947,1.0,0.0,0.0
2016-01-25,15:10:00,121.77,121.87,121.571,121.624,58901.24999999948,1.0,0.0,0.0
2016-01-25,15:15:00,121.631,121.711,121.581,121.62100000000001,49560.23999999949,1.0,0.0,0.0
2016-01-25,15:20:00,121.641,121.72,121.551,121.666,51920.109999999484,1.0,0.0,0.0
2016-01-25,15:25:00,121.681,121.686,121.382,121.48200000000001,63709.519999999495,1.0,0.0,0.0
2016-01-25,15:30:00,121.479,121.512,121.26299999999999,121.34,77623.69999999949,1.0,0.0,0.0
2016-01-25,15:35:00,121.31299999999999,121.34200000000001,121.11399999999999,121.193,78282.2999999995,1.0,0.0,0.0
2016-01-25,15:40:00,121.193,121.21600000000001,121.104,121.124,68783.3999999995,1.0,0.0,0.0
2016-01-25,15:45:00,121.134,121.323,121.104,121.20299999999999,104144.7999999995,1.0,0.0,0.0
2016-01-25,15:50:00,121.20299999999999,121.303,121.084,121.154,126659.89999999948,1.0,0.0,0.0
2016-01-25,15:55:00,121.154,121.353,121.079,121.079,111562.29999999945,1.0,0.0,0.0
2016-01-26,09:30:00,121.083,121.193,120.666,120.75200000000001,359666.2999999994,1.0,0.0,0.0
2016-01-26,09:35:00,120.796,121.18299999999999,120.398,120.975,96165.09999999942,1.0,0.0,0.0
2016-01-26,09:40:00,120.975,121.522,120.905,121.337,64422.42999999945,1.0,0.0,0.0
2016-01-26,09:45:00,121.36,121.412,120.845,121.12200000000001,51040.24999999944,1.0,0.0,0.0
2016-01-26,09:50:00,121.024,121.094,120.204,120.49700000000001,96482.78999999944,1.0,0.0,0.0
2016-01-26,09:55:00,120.51700000000001,120.587,119.98,120.119,120526.29999999945,1.0,0.0,0.0
2016-01-26,10:00:00,120.12899999999999,120.77600000000001,120.09899999999999,120.77600000000001,60460.749999999454,1.0,0.0,0.0
2016-01-26,10:05:00,120.736,120.885,120.337,120.825,84423.79999999946,1.0,0.0,0.0
2016-01-26,10:10:00,120.815,121.223,120.62700000000001,120.994,88412.69999999946,1.0,0.0,0.0
2016-01-26,10:15:00,121.052,121.193,120.845,121.169,124068.66999999947,1.0,0.0,0.0
2016-01-26,10:20:00,121.17399999999999,121.31299999999999,121.131,121.18299999999999,57567.94999999947,1.0,0.0,0.0
2016-01-26,10:25:00,121.186,121.333,120.99700000000001,121.333,141879.34999999945,1.0,0.0,0.0
2016-01-26,10:30:00,121.28299999999999,121.28299999999999,120.925,121.01700000000001,42431.139999999425,1.0,0.0,0.0
2016-01-26,10:35:00,121.024,121.11399999999999,120.915,121.094,33765.67999999942,1.0,0.0,0.0
2016-01-26,10:40:00,121.124,121.23299999999999,121.014,121.064,30210.24999999941,1.0,0.0,0.0
2016-01-26,10:45:00,121.044,121.213,121.03399999999999,121.09299999999999,27814.149999999405,1.0,0.0,0.0
2016-01-26,10:50:00,121.104,121.14399999999999,121.014,121.116,35322.229999999414,1.0,0.0,0.0
2016-01-26,10:55:00,121.126,121.134,120.935,121.00200000000001,28428.519999999407,1.0,0.0,0.0
2016-01-26,11:00:00,120.984,121.06200000000001,120.895,121.014,48845.2499999994,1.0,0.0,0.0
2016-01-26,11:05:00,120.994,121.238,120.955,121.104,38472.4199999994,1.0,0.0,0.0
2016-01-26,11:10:00,121.094,121.094,120.875,121.044,57200.929999999404,1.0,0.0,0.0
2016-01-26,11:15:00,121.054,121.76,121.03399999999999,121.29299999999999,145842.7999999994,1.0,0.0,0.0
2016-01-26,11:20:00,121.31299999999999,121.522,121.193,121.353,32973.41999999943,1.0,0.0,0.0
2016-01-26,11:25:00,121.339,121.348,121.165,121.28299999999999,29865.37999999943,1.0,0.0,0.0
2016-01-26,11:30:00,121.29299999999999,121.432,121.213,121.412,59616.09999999943,1.0,0.0,0.0
2016-01-26,11:35:00,121.402,121.40700000000001,121.18299999999999,121.28299999999999,43871.99999999944,1.0,0.0,0.0
2016-01-26,11:40:00,121.31200000000001,121.432,121.193,121.36200000000001,25951.959999999446,1.0,0.0,0.0
2016-01-26,11:45:00,121.37799999999999,121.512,121.333,121.48200000000001,32973.37999999945,1.0,0.0,0.0
2016-01-26,11:50:00,121.512,121.541,121.333,121.353,47933.24999999944,1.0,0.0,0.0
2016-01-26,11:55:00,121.353,121.432,121.26299999999999,121.31299999999999,67141.26999999945,1.0,0.0,0.0
2016-01-26,12:00:00,121.323,121.402,121.273,121.365,51826.539999999426,1.0,0.0,0.0
2016-01-26,12:05:00,121.367,121.432,121.31299999999999,121.39200000000001,58758.50999999943,1.0,0.0,0.0
2016-01-26,12:10:00,121.42200000000001,121.492,121.353,121.44200000000001,38879.68999999943,1.0,0.0,0.0
2016-01-26,12:15:00,121.44200000000001,121.79,121.42,121.745,47887.01999999943,1.0,0.0,0.0
2016-01-26,12:20:00,121.79,121.79,121.611,121.691,33027.71999999943,1.0,0.0,0.0
2016-01-26,12:25:00,121.664,121.76,121.62100000000001,121.65100000000001,17548.999999999425,1.0,0.0,0.0
2016-01-26,12:30:00,121.65100000000001,121.671,121.561,121.671,14254.969999999425,1.0,0.0,0.0
2016-01-26,12:35:00,121.671,121.72,121.512,121.631,18567.57999999942,1.0,0.0,0.0
2016-01-26,12:40:00,121.611,121.62799999999999,121.492,121.59100000000001,19344.828999999423,1.0,0.0,0.0
2016-01-26,12:45:00,121.594,121.641,121.522,121.62100000000001,23071.213999999418,1.0,0.0,0.0
2016-01-26,12:50:00,121.62100000000001,121.72,121.581,121.70100000000001,22201.457999999417,1.0,0.0,0.0
2016-01-26,12:55:00,121.681,121.681,121.522,121.535,16425.84999999942,1.0,0.0,0.0
2016-01-26,13:00:00,121.53200000000001,121.59100000000001,121.48200000000001,121.541,17010.05999999942,1.0,0.0,0.0
2016-01-26,13:05:00,121.542,121.691,121.512,121.541,27675.399999999423,1.0,0.0,0.0
2016-01-26,13:10:00,121.53200000000001,121.589,121.432,121.522,14402.789999999422,1.0,0.0,0.0
2016-01-26,13:15:00,121.47200000000001,121.59100000000001,121.462,121.53200000000001,25732.77999999942,1.0,0.0,0.0
2016-01-26,13:20:00,121.561,121.671,121.541,121.671,27146.509999999424,1.0,0.0,0.0
2016-01-26,13:25:00,121.64399999999999,121.681,121.59100000000001,121.65100000000001,18908.449999999426,1.0,0.0,0.0
2016-01-26,13:30:00,121.62100000000001,121.74,121.541,121.541,33628.91999999943,1.0,0.0,0.0
2016-01-26,13:35:00,121.551,121.611,121.462,121.492,21729.889999999432,1.0,0.0,0.0
2016-01-26,13:40:00,121.48200000000001,121.53200000000001,121.353,121.44200000000001,35301.08999999943,1.0,0.0,0.0
2016-01-26,13:45:00,121.431,121.50200000000001,121.23299999999999,121.333,46730.63999999943,1.0,0.0,0.0
2016-01-26,13:50:00,121.333,121.45200000000001,121.29299999999999,121.40299999999999,27755.83999999944,1.0,0.0,0.0
2016-01-26,13:55:00,121.39200000000001,121.428,121.23299999999999,121.26299999999999,34578.15999999943,1.0,0.0,0.0
2016-01-26,14:00:00,121.28299999999999,121.353,121.26299999999999,121.31299999999999,27308.399999999423,1.0,0.0,0.0
2016-01-26,14:05:00,121.29299999999999,121.382,121.193,121.193,47616.4999999994,1.0,0.0,0.0
2016-01-26,14:10:00,121.20299999999999,121.26299999999999,121.084,121.094,61688.509999999405,1.0,0.0,0.0
2016-01-26,14:15:00,121.084,121.14399999999999,120.994,121.084,39819.839999999414,1.0,0.0,0.0
2016-01-26,14:20:00,121.11399999999999,121.223,121.074,121.074,32750.199999999415,1.0,0.0,0.0
2016-01-26,14:25:00,121.084,121.169,121.054,121.074,37093.89999999943,1.0,0.0,0.0
2016-01-26,14:30:00,121.084,121.126,120.915,120.955,27176.679999999436,1.0,0.0,0.0
2016-01-26,14:35:00,120.925,121.014,120.905,120.905,31645.12999999944,1.0,0.0,0.0
2016-01-26,14:40:00,120.915,121.054,120.835,121.044,45672.87999999944,1.0,0.0,0.0
2016-01-26,14:45:00,121.039,121.104,121.014,121.014,44823.189999999435,1.0,0.0,0.0
2016-01-26,14:50:00,120.994,121.124,120.994,121.094,51453.44999999944,1.0,0.0,0.0
2016-01-26,14:55:00,121.124,121.323,121.064,121.271,48756.77999999944,1.0,0.0,0.0
2016-01-26,15:00:00,121.275,121.31299999999999,121.18299999999999,121.28299999999999,55449.41999999944,1.0,0.0,0.0
2016-01-26,15:05:00,121.305,121.31299999999999,121.11399999999999,121.154,78605.09999999942,1.0,0.0,0.0
2016-01-26,15:10:00,121.163,121.28299999999999,121.054,121.054,52666.09999999942,1.0,0.0,0.0
2016-01-26,15:15:00,121.064,121.213,121.024,121.20299999999999,43931.30999999941,1.0,0.0,0.0
2016-01-26,15:20:00,121.213,121.273,121.005,121.014,46054.9499999994,1.0,0.0,0.0
2016-01-26,15:25:00,121.014,121.11399999999999,120.965,121.104,53115.54999999939,1.0,0.0,0.0
2016-01-26,15:30:00,121.11399999999999,121.154,120.955,121.094,59942.96999999939,1.0,0.0,0.0
2016-01-26,15:35:00,121.12799999999999,121.18299999999999,121.03399999999999,121.084,64570.26999999939,1.0,0.0,0.0
2016-01-26,15:40:00,121.064,121.402,120.994,121.39200000000001,68296.49999999937,1.0,0.0,0.0
2016-01-26,15:45:00,121.374,121.551,121.323,121.45200000000001,99611.9999999994,1.0,0.0,0.0
2016-01-26,15:50:00,121.44200000000001,121.48200000000001,121.29299999999999,121.323,100341.79999999939,1.0,0.0,0.0
2016-01-26,15:55:00,121.323,121.471,121.31299999999999,121.42200000000001,152287.9999999994,1.0,0.0,0.0
2016-01-27,09:30:00,121.42200000000001,122.35700000000001,121.34200000000001,121.98899999999999,232365.19999999937,1.0,0.0,0.0
2016-01-27,09:35:00,121.904,122.397,121.62100000000001,122.292,77780.50999999934,1.0,0.0,0.0
2016-01-27,09:40:00,122.397,122.427,121.919,122.208,84649.09999999934,1.0,0.0,0.0
2016-01-27,09:45:00,122.20299999999999,122.454,121.949,122.26700000000001,91865.49999999936,1.0,0.0,0.0
2016-01-27,09:50:00,122.29700000000001,122.60600000000001,121.98899999999999,121.98899999999999,110856.59999999938,1.0,0.0,0.0
2016-01-27,09:55:00,122.03399999999999,122.18799999999999,121.88,121.969,71431.84999999937,1.0,0.0,0.0
2016-01-27,10:00:00,121.959,122.337,121.76,122.029,92009.31999999938,1.0,0.0,0.0
2016-01-27,10:05:00,121.999,122.148,121.581,121.631,49916.04999999937,1.0,0.0,0.0
2016-01-27,10:10:00,121.601,121.73899999999999,121.402,121.462,51988.35999999936,1.0,0.0,0.0
2016-01-27,10:15:00,121.40700000000001,121.47200000000001,121.024,121.134,65269.06999999937,1.0,0.0,0.0
2016-01-27,10:20:00,121.163,121.402,121.163,121.29299999999999,47868.849999999366,1.0,0.0,0.0
2016-01-27,10:25:00,121.303,121.8,121.23299999999999,121.78,121101.55999999936,1.0,0.0,0.0
2016-01-27,10:30:00,121.78,121.82,121.59100000000001,121.65100000000001,87478.61999999934,1.0,0.0,0.0
2016-01-27,10:35:00,121.681,122.118,121.681,122.088,95744.77999999936,1.0,0.0,0.0
2016-01-27,10:40:00,122.068,122.417,122.068,122.277,85716.02999999937,1.0,0.0,0.0
2016-01-27,10:45:00,122.315,122.427,122.148,122.31700000000001,54887.36999999937,1.0,0.0,0.0
2016-01-27,10:50:00,122.29700000000001,122.43700000000001,122.287,122.29700000000001,57810.229999999385,1.0,0.0,0.0
2016-01-27,10:55:00,122.32700000000001,122.397,122.029,122.029,48667.27999999939,1.0,0.0,0.0
2016-01-27,11:00:00,121.98899999999999,122.228,121.98899999999999,122.098,37421.66999999939,1.0,0.0,0.0
2016-01-27,11:05:00,122.088,122.24799999999999,121.999,122.24799999999999,34276.48999999939,1.0,0.0,0.0
2016-01-27,11:10:00,122.257,122.29700000000001,122.07799999999999,122.163,78656.29999999939,1.0,0.0,0.0
2016-01-27,11:15:00,122.148,122.257,122.059,122.13799999999999,34751.109999999404,1.0,0.0,0.0
2016-01-27,11:20:00,122.15799999999999,122.546,122.15799999999999,122.427,44138.489999999394,1.0,0.0,0.0
2016-01-27,11:25:00,122.447,122.685,122.43799999999999,122.46600000000001,63112.29999999941,1.0,0.0,0.0
2016-01-27,11:30:00,122.48299999999999,122.775,122.456,122.705,41538.22999999942,1.0,0.0,0.0
2016-01-27,11:35:00,122.695,123.04299999999999,122.645,122.944,63178.65999999942,1.0,0.0,0.0
2016-01-27,11:40:00,122.92399999999999,123.12299999999999,122.824,123.01299999999999,70618.28999999943,1.0,0.0,0.0
2016-01-27,11:45:00,122.993,123.334,122.954,123.322,50759.73999999943,1.0,0.0,0.0
2016-01-27,11:50:00,123.33200000000001,123.531,123.212,123.322,90621.75999999941,1.0,0.0,0.0
2016-01-27,11:55:00,123.31200000000001,123.40100000000001,123.17299999999999,123.212,49374.10999999943,1.0,0.0,0.0
2016-01-27,12:00:00,123.212,123.352,123.12299999999999,123.322,33836.09999999943,1.0,0.0,0.0
2016-01-27,12:05:00,123.34100000000001,123.64,123.31,123.455,40728.78999999944,1.0,0.0,0.0
2016-01-27,12:10:00,123.471,123.501,123.162,123.28200000000001,33505.279999999446,1.0,0.0,0.0
2016-01-27,12:15:00,123.302,123.391,123.212,123.361,23823.329999999452,1.0,0.0,0.0
2016-01-27,12:20:00,123.40100000000001,123.421,123.28200000000001,123.285,29879.42999999946,1.0,0.0,0.0
2016-01-27,12:25:00,123.25200000000001,123.37,123.20200000000001,123.34100000000001,21086.34999999946,1.0,0.0,0.0
2016-01-27,12:30:00,123.34100000000001,123.37100000000001,123.12299999999999,123.25200000000001,39217.56999999946,1.0,0.0,0.0
2016-01-27,12:35:00,123.242,123.304,122.964,122.964,43210.349999999446,1.0,0.0,0.0
2016-01-27,12:40:00,122.98200000000001,123.083,122.92399999999999,123.03299999999999,24712.189999999446,1.0,0.0,0.0
2016-01-27,12:45:00,123.053,123.073,122.934,122.97399999999999,27408.939999999446,1.0,0.0,0.0
2016-01-27,12:50:00,122.954,123.103,122.954,123.023,17657.609999999448,1.0,0.0,0.0
2016-01-27,12:55:00,123.007,123.04299999999999,122.92399999999999,122.98299999999999,29170.579999999445,1.0,0.0,0.0
2016-01-27,13:00:00,123.01299999999999,123.04299999999999,122.655,122.715,42079.22999999944,1.0,0.0,0.0
2016-01-27,13:05:00,122.725,122.914,122.68,122.869,23418.109999999437,1.0,0.0,0.0
2016-01-27,13:10:00,122.854,123.01299999999999,122.785,122.944,25882.619999999435,1.0,0.0,0.0
2016-01-27,13:15:00,122.964,123.023,122.705,122.705,26391.36999999943,1.0,0.0,0.0
2016-01-27,13:20:00,122.705,122.795,122.655,122.725,17714.909999999436,1.0,0.0,0.0
2016-01-27,13:25:00,122.705,122.92399999999999,122.685,122.885,21559.939999999435,1.0,0.0,0.0
2016-01-27,13:30:00,122.884,122.96700000000001,122.795,122.948,51038.20999999944,1.0,0.0,0.0
2016-01-27,13:35:00,122.92399999999999,122.98299999999999,122.824,122.964,33378.60999999944,1.0,0.0,0.0
2016-01-27,13:40:00,122.964,122.98299999999999,122.874,122.899,34062.28999999944,1.0,0.0,0.0
2016-01-27,13:45:00,122.911,122.944,122.804,122.824,46118.22999999944,1.0,0.0,0.0
2016-01-27,13:50:00,122.824,122.904,122.785,122.884,45691.93999999945,1.0,0.0,0.0
2016-01-27,13:55:00,122.854,122.914,122.765,122.765,40630.329999999456,1.0,0.0,0.0
2016-01-27,14:00:00,122.765,123.14299999999999,122.755,123.03299999999999,52756.65999999945,1.0,0.0,0.0
2016-01-27,14:05:00,123.14299999999999,123.291,122.43700000000001,122.535,51003.989999999445,1.0,0.0,0.0
2016-01-27,14:10:00,122.586,122.755,121.999,122.13799999999999,113983.56999999942,1.0,0.0,0.0
2016-01-27,14:15:00,122.148,122.447,121.979,122.12799999999999,106817.33999999937,1.0,0.0,0.0
2016-01-27,14:20:00,122.148,122.367,122.079,122.35700000000001,64989.50999999935,1.0,0.0,0.0
2016-01-27,14:25:00,122.31700000000001,122.486,122.068,122.13799999999999,49399.249999999345,1.0,0.0,0.0
2016-01-27,14:30:00,122.133,122.31700000000001,122.088,122.118,32741.15999999935,1.0,0.0,0.0
2016-01-27,14:35:00,122.118,122.277,122.059,122.11,45520.02999999935,1.0,0.0,0.0
2016-01-27,14:40:00,122.118,122.13799999999999,121.50200000000001,121.542,77554.24999999935,1.0,0.0,0.0
2016-01-27,14:45:00,121.551,121.711,121.47200000000001,121.47200000000001,38209.98999999934,1.0,0.0,0.0
2016-01-27,14:50:00,121.44200000000001,121.77600000000001,121.44200000000001,121.641,49919.14999999934,1.0,0.0,0.0
2016-01-27,14:55:00,121.631,121.641,121.382,121.432,55803.21999999935,1.0,0.0,0.0
2016-01-27,15:00:00,121.42200000000001,121.426,121.094,121.094,78386.76999999935,1.0,0.0,0.0
2016-01-27,15:05:00,121.104,121.104,120.656,120.706,50469.99999999936,1.0,0.0,0.0
2016-01-27,15:10:00,120.696,120.905,120.56700000000001,120.766,58127.02999999935,1.0,0.0,0.0
2016-01-27,15:15:00,120.766,120.77600000000001,120.199,120.40799999999999,93409.89999999935,1.0,0.0,0.0
2016-01-27,15:20:00,120.41799999999999,120.587,120.322,120.428,80103.19999999936,1.0,0.0,0.0
2016-01-27,15:25:00,120.43799999999999,120.77600000000001,120.368,120.676,85159.83999999936,1.0,0.0,0.0
2016-01-27,15:30:00,120.686,120.835,120.51700000000001,120.646,71223.71999999938,1.0,0.0,0.0
2016-01-27,15:35:00,120.62700000000001,120.865,120.62700000000001,120.805,64675.76999999935,1.0,0.0,0.0
2016-01-27,15:40:00,120.815,120.835,120.318,120.35799999999999,153581.1999999993,1.0,0.0,0.0
2016-01-27,15:45:00,120.35600000000001,120.726,120.338,120.71600000000001,102815.49999999933,1.0,0.0,0.0
2016-01-27,15:50:00,120.71600000000001,120.875,120.56700000000001,120.766,154615.79999999935,1.0,0.0,0.0
2016-01-27,15:55:00,120.771,120.865,120.656,120.84,160435.79999999935,1.0,0.0,0.0
2016-01-28,09:30:00,120.835,121.402,120.766,121.37200000000001,202477.59999999934,1.0,0.0,0.0
2016-01-28,09:35:00,121.213,121.432,120.676,120.835,174814.39999999935,1.0,0.0,0.0
2016-01-28,09:40:00,120.74600000000001,121.59100000000001,120.736,121.132,61306.33999999937,1.0,0.0,0.0
2016-01-28,09:45:00,121.084,121.641,121.064,121.432,47385.26999999938,1.0,0.0,0.0
2016-01-28,09:50:00,121.462,121.631,121.273,121.541,51803.43999999937,1.0,0.0,0.0
2016-01-28,09:55:00,121.49700000000001,121.939,121.333,121.78,66027.27999999936,1.0,0.0,0.0
2016-01-28,10:00:00,121.76,122.01899999999999,121.641,122.009,55772.01999999937,1.0,0.0,0.0
2016-01-28,10:05:00,121.97399999999999,121.98899999999999,121.17399999999999,121.20299999999999,129799.13999999937,1.0,0.0,0.0
2016-01-28,10:10:00,121.23299999999999,121.23299999999999,120.666,120.825,80770.85999999937,1.0,0.0,0.0
2016-01-28,10:15:00,120.865,121.014,120.726,120.726,57753.9299999994,1.0,0.0,0.0
2016-01-28,10:20:00,120.728,120.728,120.09899999999999,120.11399999999999,97221.8499999994,1.0,0.0,0.0
2016-01-28,10:25:00,120.109,120.46700000000001,120.109,120.318,83624.59999999941,1.0,0.0,0.0
2016-01-28,10:30:00,120.32799999999999,120.436,120.15899999999999,120.258,85479.65999999942,1.0,0.0,0.0
2016-01-28,10:35:00,120.23899999999999,120.26799999999999,119.652,119.84100000000001,88700.19999999944,1.0,0.0,0.0
2016-01-28,10:40:00,119.84100000000001,120.0,119.794,119.94,44752.76999999946,1.0,0.0,0.0
2016-01-28,10:45:00,119.97,120.179,119.87100000000001,120.0,40553.85999999946,1.0,0.0,0.0
2016-01-28,10:50:00,120.01,120.139,119.84100000000001,120.05,50246.90999999945,1.0,0.0,0.0
2016-01-28,10:55:00,120.05,120.139,119.741,119.87100000000001,50718.47999999945,1.0,0.0,0.0
2016-01-28,11:00:00,119.84100000000001,120.06,119.682,119.96,40452.289999999455,1.0,0.0,0.0
2016-01-28,11:05:00,119.944,120.29799999999999,119.9,120.29799999999999,48977.919999999445,1.0,0.0,0.0
2016-01-28,11:10:00,120.271,120.45700000000001,120.249,120.436,77613.62999999945,1.0,0.0,0.0
2016-01-28,11:15:00,120.428,120.557,120.27799999999999,120.398,39786.64999999946,1.0,0.0,0.0
2016-01-28,11:20:00,120.398,120.686,120.398,120.656,26965.52999999946,1.0,0.0,0.0
2016-01-28,11:25:00,120.655,120.805,120.54700000000001,120.796,22334.179999999455,1.0,0.0,0.0
2016-01-28,11:30:00,120.77600000000001,120.77600000000001,120.27799999999999,120.30799999999999,38507.64999999945,1.0,0.0,0.0
2016-01-28,11:35:00,120.29799999999999,120.316,120.04,120.109,18441.87999999945,1.0,0.0,0.0
2016-01-28,11:40:00,120.109,120.229,120.0,120.149,20031.579999999452,1.0,0.0,0.0
2016-01-28,11:45:00,120.197,120.199,119.891,119.891,22483.999999999443,1.0,0.0,0.0
2016-01-28,11:50:00,119.881,119.9,119.741,119.791,27373.75999999944,1.0,0.0,0.0
2016-01-28,11:55:00,119.801,119.9,119.74600000000001,119.792,28150.999999999447,1.0,0.0,0.0
2016-01-28,12:00:00,119.81200000000001,119.93,119.721,119.831,53618.33999999945,1.0,0.0,0.0
2016-01-28,12:05:00,119.87100000000001,120.079,119.781,120.07,45062.57999999945,1.0,0.0,0.0
2016-01-28,12:10:00,120.06,120.169,120.05,120.079,29888.49999999945,1.0,0.0,0.0
2016-01-28,12:15:00,120.079,120.32799999999999,120.02,120.12700000000001,39488.04999999946,1.0,0.0,0.0
2016-01-28,12:20:00,120.149,120.32799999999999,120.109,120.318,21063.22999999945,1.0,0.0,0.0
2016-01-28,12:25:00,120.318,120.617,120.318,120.542,36431.34999999945,1.0,0.0,0.0
2016-01-28,12:30:00,120.557,120.825,120.527,120.681,32771.269999999444,1.0,0.0,0.0
2016-01-28,12:35:00,120.696,121.014,120.681,121.014,107891.29999999944,1.0,0.0,0.0
2016-01-28,12:40:00,121.014,121.044,120.925,121.00399999999999,55934.009999999435,1.0,0.0,0.0
2016-01-28,12:45:00,121.024,121.14399999999999,120.955,120.984,71464.00999999943,1.0,0.0,0.0
2016-01-28,12:50:00,120.955,121.05,120.835,120.885,30390.259999999435,1.0,0.0,0.0
2016-01-28,12:55:00,120.885,120.955,120.756,120.925,57135.56999999944,1.0,0.0,0.0
2016-01-28,13:00:00,120.92,120.994,120.805,120.845,73034.48999999942,1.0,0.0,0.0
2016-01-28,13:05:00,120.835,120.915,120.656,120.796,60828.78999999944,1.0,0.0,0.0
2016-01-28,13:10:00,120.796,120.97,120.786,120.925,29772.87999999944,1.0,0.0,0.0
2016-01-28,13:15:00,120.925,121.074,120.925,121.014,31887.42999999944,1.0,0.0,0.0
2016-01-28,13:20:00,121.00399999999999,121.012,120.544,120.57700000000001,58382.409999999436,1.0,0.0,0.0
2016-01-28,13:25:00,120.60700000000001,120.62700000000001,120.37799999999999,120.477,48115.23999999944,1.0,0.0,0.0
2016-01-28,13:30:00,120.477,120.696,120.448,120.661,49411.339999999436,1.0,0.0,0.0
2016-01-28,13:35:00,120.686,120.945,120.656,120.863,41120.939999999435,1.0,0.0,0.0
2016-01-28,13:40:00,120.867,121.014,120.756,120.925,55204.05999999942,1.0,0.0,0.0
2016-01-28,13:45:00,120.925,120.964,120.756,120.818,29194.699999999415,1.0,0.0,0.0
2016-01-28,13:50:00,120.835,120.875,120.656,120.756,27812.139999999414,1.0,0.0,0.0
2016-01-28,13:55:00,120.73700000000001,120.885,120.696,120.868,30133.879999999415,1.0,0.0,0.0
2016-01-28,14:00:00,120.865,120.965,120.557,120.609,56578.569999999425,1.0,0.0,0.0
2016-01-28,14:05:00,120.62700000000001,121.054,120.587,120.965,37513.21999999943,1.0,0.0,0.0
2016-01-28,14:10:00,120.945,121.45200000000001,120.945,121.42200000000001,58195.35999999942,1.0,0.0,0.0
2016-01-28,14:15:00,121.402,121.44200000000001,121.333,121.37200000000001,35008.54999999942,1.0,0.0,0.0
2016-01-28,14:20:00,121.36200000000001,121.53200000000001,121.333,121.412,65708.51999999942,1.0,0.0,0.0
2016-01-28,14:25:00,121.382,121.53200000000001,121.36200000000001,121.42200000000001,47663.77999999943,1.0,0.0,0.0
2016-01-28,14:30:00,121.417,121.83,121.36200000000001,121.83,47585.31999999944,1.0,0.0,0.0
2016-01-28,14:35:00,121.83,121.949,121.82,121.84,86998.97999999943,1.0,0.0,0.0
2016-01-28,14:40:00,121.84,121.88,121.75,121.835,68931.14999999944,1.0,0.0,0.0
2016-01-28,14:45:00,121.84299999999999,121.89,121.462,121.53200000000001,63749.63999999945,1.0,0.0,0.0
2016-01-28,14:50:00,121.52600000000001,121.588,121.44200000000001,121.478,33034.72999999946,1.0,0.0,0.0
2016-01-28,14:55:00,121.47200000000001,121.522,121.26299999999999,121.31299999999999,38813.399999999456,1.0,0.0,0.0
2016-01-28,15:00:00,121.31299999999999,121.581,121.31299999999999,121.53200000000001,46836.19999999945,1.0,0.0,0.0
2016-01-28,15:05:00,121.541,121.581,121.353,121.551,59764.959999999446,1.0,0.0,0.0
2016-01-28,15:10:00,121.551,121.74,121.37200000000001,121.73,74340.69999999944,1.0,0.0,0.0
2016-01-28,15:15:00,121.73100000000001,121.79899999999999,121.581,121.70700000000001,60474.73999999944,1.0,0.0,0.0
2016-01-28,15:20:00,121.72,121.89,121.681,121.75,63270.05999999943,1.0,0.0,0.0
2016-01-28,15:25:00,121.75,121.87,121.711,121.73,70666.59999999942,1.0,0.0,0.0
2016-01-28,15:30:00,121.72,121.78,121.56,121.691,70547.94999999943,1.0,0.0,0.0
2016-01-28,15:35:00,121.681,121.71799999999999,121.552,121.671,43475.83999999942,1.0,0.0,0.0
2016-01-28,15:40:00,121.671,121.83,121.65100000000001,121.8,83600.30999999943,1.0,0.0,0.0
2016-01-28,15:45:00,121.81,121.84,121.462,121.60700000000001,135743.59999999942,1.0,0.0,0.0
2016-01-28,15:50:00,121.611,121.681,121.44200000000001,121.551,78901.59999999945,1.0,0.0,0.0
2016-01-28,15:55:00,121.561,121.62100000000001,121.432,121.59100000000001,95186.79999999948,1.0,0.0,0.0
2016-01-29,09:30:00,121.581,122.715,121.571,122.556,195392.91999999946,1.0,0.0,0.0
2016-01-29,09:35:00,122.546,122.665,122.07799999999999,122.277,138668.52999999942,1.0,0.0,0.0
2016-01-29,09:40:00,122.228,122.616,122.118,122.616,55561.94999999941,1.0,0.0,0.0
2016-01-29,09:45:00,122.58,122.914,122.40700000000001,122.814,99922.59999999941,1.0,0.0,0.0
2016-01-29,09:50:00,122.814,123.272,122.675,123.20200000000001,99679.29999999944,1.0,0.0,0.0
2016-01-29,09:55:00,123.23200000000001,123.352,122.854,122.90899999999999,102309.79999999946,1.0,0.0,0.0
2016-01-29,10:00:00,122.904,123.292,122.854,122.90899999999999,82173.49999999948,1.0,0.0,0.0
2016-01-29,10:05:00,122.92399999999999,123.531,122.89399999999999,123.34100000000001,111302.89999999946,1.0,0.0,0.0
2016-01-29,10:10:00,123.34100000000001,123.809,123.322,123.759,96018.39999999947,1.0,0.0,0.0
2016-01-29,10:15:00,123.759,123.869,123.322,123.421,93636.16999999945,1.0,0.0,0.0
2016-01-29,10:20:00,123.434,123.73899999999999,123.322,123.68,44183.669999999445,1.0,0.0,0.0
2016-01-29,10:25:00,123.68,124.038,123.68,124.01799999999999,80376.79999999944,1.0,0.0,0.0
2016-01-29,10:30:00,124.02799999999999,124.18700000000001,123.58,123.646,81520.86999999944,1.0,0.0,0.0
2016-01-29,10:35:00,123.615,123.615,123.272,123.31200000000001,81885.01999999944,1.0,0.0,0.0
2016-01-29,10:40:00,123.338,123.66,123.302,123.64,54853.00999999943,1.0,0.0,0.0
2016-01-29,10:45:00,123.634,123.789,123.573,123.73100000000001,48533.48999999944,1.0,0.0,0.0
2016-01-29,10:50:00,123.719,123.719,123.292,123.436,69004.50999999941,1.0,0.0,0.0
2016-01-29,10:55:00,123.461,123.531,123.26700000000001,123.28200000000001,30785.419999999405,1.0,0.0,0.0
2016-01-29,11:00:00,123.272,123.45100000000001,123.162,123.212,52972.789999999404,1.0,0.0,0.0
2016-01-29,11:05:00,123.208,123.501,123.182,123.461,33246.869999999406,1.0,0.0,0.0
2016-01-29,11:10:00,123.455,123.64,123.40100000000001,123.51100000000001,93693.5099999994,1.0,0.0,0.0
2016-01-29,11:15:00,123.56,123.70200000000001,123.48100000000001,123.48100000000001,26521.07999999942,1.0,0.0,0.0
2016-01-29,11:20:00,123.471,123.59,123.391,123.566,36451.39999999942,1.0,0.0,0.0
2016-01-29,11:25:00,123.57799999999999,123.759,123.54,123.58,38404.11999999941,1.0,0.0,0.0
2016-01-29,11:30:00,123.57,123.749,123.45100000000001,123.66,44697.50999999941,1.0,0.0,0.0
2016-01-29,11:35:00,123.65,123.956,123.521,123.90799999999999,41620.679999999425,1.0,0.0,0.0
2016-01-29,11:40:00,123.93700000000001,123.93799999999999,123.72,123.749,31718.499999999418,1.0,0.0,0.0
2016-01-29,11:45:00,123.73899999999999,123.809,123.57,123.749,39588.52999999943,1.0,0.0,0.0
2016-01-29,11:50:00,123.729,123.859,123.62,123.859,30680.84999999943,1.0,0.0,0.0
2016-01-29,11:55:00,123.839,124.436,123.73899999999999,124.436,127651.39999999946,1.0,0.0,0.0
2016-01-29,12:00:00,124.426,124.603,124.366,124.455,77425.49999999945,1.0,0.0,0.0
2016-01-29,12:05:00,124.465,124.485,124.306,124.319,59785.06999999943,1.0,0.0,0.0
2016-01-29,12:10:00,124.35600000000001,124.446,124.266,124.346,32784.34999999943,1.0,0.0,0.0
2016-01-29,12:15:00,124.336,124.515,124.306,124.456,29323.439999999428,1.0,0.0,0.0
2016-01-29,12:20:00,124.46799999999999,124.585,124.455,124.495,40764.06999999942,1.0,0.0,0.0
2016-01-29,12:25:00,124.525,124.575,124.436,124.525,40559.89999999942,1.0,0.0,0.0
2016-01-29,12:30:00,124.525,124.565,124.436,124.475,40326.63999999942,1.0,0.0,0.0
2016-01-29,12:35:00,124.455,124.515,124.266,124.286,37522.23999999942,1.0,0.0,0.0
2016-01-29,12:40:00,124.292,124.38600000000001,124.20700000000001,124.32600000000001,62205.299999999406,1.0,0.0,0.0
2016-01-29,12:45:00,124.316,124.449,124.316,124.336,63554.64999999938,1.0,0.0,0.0
2016-01-29,12:50:00,124.336,124.416,124.18700000000001,124.227,36238.259999999376,1.0,0.0,0.0
2016-01-29,12:55:00,124.23700000000001,124.366,124.197,124.316,28548.17999999937,1.0,0.0,0.0
2016-01-29,13:00:00,124.346,124.366,124.12700000000001,124.177,31436.979999999377,1.0,0.0,0.0
2016-01-29,13:05:00,124.167,124.286,124.117,124.147,34065.349999999395,1.0,0.0,0.0
2016-01-29,13:10:00,124.147,124.197,124.02799999999999,124.04799999999999,35010.5099999994,1.0,0.0,0.0
2016-01-29,13:15:00,124.06700000000001,124.137,123.988,124.03299999999999,39848.01999999941,1.0,0.0,0.0
2016-01-29,13:20:00,124.04799999999999,124.21700000000001,123.99,124.18700000000001,25836.339999999393,1.0,0.0,0.0
2016-01-29,13:25:00,124.18700000000001,124.24700000000001,124.117,124.177,30250.489999999398,1.0,0.0,0.0
2016-01-29,13:30:00,124.177,124.177,124.01799999999999,124.12700000000001,22587.559999999397,1.0,0.0,0.0
2016-01-29,13:35:00,124.12899999999999,124.197,124.038,124.15700000000001,26527.109999999404,1.0,0.0,0.0
2016-01-29,13:40:00,124.175,124.257,124.04799999999999,124.20700000000001,39119.009999999405,1.0,0.0,0.0
2016-01-29,13:45:00,124.23700000000001,124.446,124.20700000000001,124.376,40080.259999999405,1.0,0.0,0.0
2016-01-29,13:50:00,124.366,124.545,124.366,124.426,40269.28999999941,1.0,0.0,0.0
2016-01-29,13:55:00,124.406,124.406,124.175,124.23700000000001,51218.17999999941,1.0,0.0,0.0
2016-01-29,14:00:00,124.266,124.27600000000001,124.05799999999999,124.087,61835.27999999942,1.0,0.0,0.0
2016-01-29,14:05:00,124.10700000000001,124.147,123.958,124.02799999999999,35223.699999999415,1.0,0.0,0.0
2016-01-29,14:10:00,124.02799999999999,124.167,124.008,124.10700000000001,31922.63999999941,1.0,0.0,0.0
2016-01-29,14:15:00,124.12700000000001,124.306,124.12700000000001,124.24700000000001,54307.15999999942,1.0,0.0,0.0
2016-01-29,14:20:00,124.27600000000001,124.316,124.177,124.281,44005.74999999942,1.0,0.0,0.0
2016-01-29,14:25:00,124.27600000000001,124.416,124.23700000000001,124.38600000000001,46367.67999999942,1.0,0.0,0.0
2016-01-29,14:30:00,124.396,124.575,124.366,124.565,51305.64999999941,1.0,0.0,0.0
2016-01-29,14:35:00,124.565,124.595,124.426,124.565,44008.719999999405,1.0,0.0,0.0
2016-01-29,14:40:00,124.575,124.64399999999999,124.515,124.634,43104.7999999994,1.0,0.0,0.0
2016-01-29,14:45:00,124.624,124.774,124.595,124.734,49338.899999999405,1.0,0.0,0.0
2016-01-29,14:50:00,124.72399999999999,124.791,124.595,124.764,38891.7099999994,1.0,0.0,0.0
2016-01-29,14:55:00,124.75399999999999,124.764,124.545,124.555,47002.1799999994,1.0,0.0,0.0
2016-01-29,15:00:00,124.555,124.654,124.446,124.545,50713.4399999994,1.0,0.0,0.0
2016-01-29,15:05:00,124.555,124.652,124.475,124.565,69076.9199999994,1.0,0.0,0.0
2016-01-29,15:10:00,124.553,124.694,124.505,124.67399999999999,56854.96999999943,1.0,0.0,0.0
2016-01-29,15:15:00,124.647,124.78399999999999,124.634,124.634,55648.41999999943,1.0,0.0,0.0
2016-01-29,15:20:00,124.64399999999999,124.684,124.585,124.61,52135.29999999945,1.0,0.0,0.0
2016-01-29,15:25:00,124.605,124.694,124.585,124.684,70087.39999999944,1.0,0.0,0.0
2016-01-29,15:30:00,124.693,124.764,124.624,124.654,87905.89999999946,1.0,0.0,0.0
2016-01-29,15:35:00,124.654,124.774,124.64399999999999,124.75399999999999,77201.39999999944,1.0,0.0,0.0
2016-01-29,15:40:00,124.757,124.852,124.654,124.694,130192.19999999943,1.0,0.0,0.0
2016-01-29,15:45:00,124.694,124.89299999999999,124.615,124.84299999999999,136983.3999999994,1.0,0.0,0.0
2016-01-29,15:50:00,124.84299999999999,124.92299999999999,124.759,124.809,173361.39999999944,1.0,0.0,0.0
2016-01-29,15:55:00,124.803,124.863,124.624,124.835,262815.7999999995,1.0,0.0,0.0
2016-02-01,09:30:00,124.84299999999999,125.00200000000001,124.14,124.197,547249.0669999995,1.0,0.0,0.0
2016-02-01,09:35:00,124.23700000000001,124.376,123.302,123.559,153609.26999999944,1.0,0.0,0.0
2016-02-01,09:40:00,123.554,124.20700000000001,123.554,124.117,85250.33999999944,1.0,0.0,0.0
2016-02-01,09:45:00,124.087,124.48,124.01799999999999,124.38600000000001,103751.55999999944,1.0,0.0,0.0
2016-02-01,09:50:00,124.38600000000001,124.654,124.197,124.366,87624.33999999944,1.0,0.0,0.0
2016-02-01,09:55:00,124.306,124.764,124.266,124.67399999999999,57715.73999999945,1.0,0.0,0.0
2016-02-01,10:00:00,124.654,124.863,124.465,124.565,38704.74999999945,1.0,0.0,0.0
2016-02-01,10:05:00,124.46600000000001,124.684,124.387,124.57,62159.00999999947,1.0,0.0,0.0
2016-02-01,10:10:00,124.595,124.803,124.565,124.744,43370.27999999945,1.0,0.0,0.0
2016-02-01,10:15:00,124.744,125.042,124.704,124.98200000000001,56499.07999999945,1.0,0.0,0.0
2016-02-01,10:20:00,124.98200000000001,125.181,124.833,124.913,53903.88999999944,1.0,0.0,0.0
2016-02-01,10:25:00,124.883,125.102,124.833,125.012,73009.33999999943,1.0,0.0,0.0
2016-02-01,10:30:00,124.994,125.132,124.853,125.06200000000001,70796.32999999943,1.0,0.0,0.0
2016-02-01,10:35:00,125.06200000000001,125.34,124.913,125.271,58515.11999999943,1.0,0.0,0.0
2016-02-01,10:40:00,125.301,125.43,125.14200000000001,125.307,42334.549999999435,1.0,0.0,0.0
2016-02-01,10:45:00,125.271,125.699,125.221,125.589,59220.959999999424,1.0,0.0,0.0
2016-02-01,10:50:00,125.569,125.695,125.559,125.59899999999999,81040.2799999994,1.0,0.0,0.0
2016-02-01,10:55:00,125.60600000000001,125.728,125.54899999999999,125.679,41558.36999999939,1.0,0.0,0.0
2016-02-01,11:00:00,125.65899999999999,125.917,125.589,125.633,48140.34999999939,1.0,0.0,0.0
2016-02-01,11:05:00,125.619,125.887,125.579,125.85799999999999,50761.71999999939,1.0,0.0,0.0
2016-02-01,11:10:00,125.875,125.887,125.609,125.669,38721.839999999385,1.0,0.0,0.0
2016-02-01,11:15:00,125.639,125.887,125.619,125.887,37757.57999999939,1.0,0.0,0.0
2016-02-01,11:20:00,125.896,125.897,125.569,125.609,37993.84999999938,1.0,0.0,0.0
2016-02-01,11:25:00,125.619,125.833,125.52,125.833,38542.82999999939,1.0,0.0,0.0
2016-02-01,11:30:00,125.82799999999999,126.266,125.82799999999999,126.196,68191.09999999938,1.0,0.0,0.0
2016-02-01,11:35:00,126.226,126.256,126.037,126.186,44187.68999999938,1.0,0.0,0.0
2016-02-01,11:40:00,126.176,126.24600000000001,126.057,126.13600000000001,40657.459999999366,1.0,0.0,0.0
2016-02-01,11:45:00,126.156,126.226,126.096,126.196,18034.659999999363,1.0,0.0,0.0
2016-02-01,11:50:00,126.156,126.24600000000001,126.10600000000001,126.10600000000001,31236.889999999366,1.0,0.0,0.0
2016-02-01,11:55:00,126.096,126.118,125.927,126.01700000000001,64123.76999999937,1.0,0.0,0.0
2016-02-01,12:00:00,125.98700000000001,126.07600000000001,125.93700000000001,126.01700000000001,32931.159999999385,1.0,0.0,0.0
2016-02-01,12:05:00,126.027,126.027,125.738,125.777,28627.599999999384,1.0,0.0,0.0
2016-02-01,12:10:00,125.751,125.868,125.559,125.82799999999999,42824.27999999937,1.0,0.0,0.0
2016-02-01,12:15:00,125.80799999999999,125.868,125.679,125.69200000000001,29480.249999999385,1.0,0.0,0.0
2016-02-01,12:20:00,125.679,125.699,125.5,125.5,46814.089999999385,1.0,0.0,0.0
2016-02-01,12:25:00,125.49,125.589,125.41,125.44,29931.729999999385,1.0,0.0,0.0
2016-02-01,12:30:00,125.45,125.45,125.311,125.38,26263.669999999373,1.0,0.0,0.0
2016-02-01,12:35:00,125.39,125.431,125.311,125.321,20476.01999999937,1.0,0.0,0.0
2016-02-01,12:40:00,125.336,125.49,125.321,125.49,23033.99999999937,1.0,0.0,0.0
2016-02-01,12:45:00,125.5,125.569,125.42,125.43,17828.529999999373,1.0,0.0,0.0
2016-02-01,12:50:00,125.42,125.609,125.42,125.448,31778.84999999937,1.0,0.0,0.0
2016-02-01,12:55:00,125.45,125.5,125.311,125.351,40357.809999999365,1.0,0.0,0.0
2016-02-01,13:00:00,125.34,125.38,125.181,125.251,55168.82999999936,1.0,0.0,0.0
2016-02-01,13:05:00,125.271,125.569,125.23100000000001,125.51,33856.219999999375,1.0,0.0,0.0
2016-02-01,13:10:00,125.49,125.53,125.39,125.40799999999999,110581.99999999936,1.0,0.0,0.0
2016-02-01,13:15:00,125.40799999999999,125.47,125.301,125.396,44868.44999999936,1.0,0.0,0.0
2016-02-01,13:20:00,125.40299999999999,125.43,125.281,125.36,29736.65999999936,1.0,0.0,0.0
2016-02-01,13:25:00,125.36,125.649,125.321,125.609,37211.53999999935,1.0,0.0,0.0
2016-02-01,13:30:00,125.619,125.758,125.54899999999999,125.54899999999999,36369.959999999366,1.0,0.0,0.0
2016-02-01,13:35:00,125.54899999999999,125.589,125.484,125.569,19902.87999999936,1.0,0.0,0.0
2016-02-01,13:40:00,125.589,125.689,125.539,125.632,32824.56999999936,1.0,0.0,0.0
2016-02-01,13:45:00,125.639,125.80799999999999,125.493,125.539,32441.479999999363,1.0,0.0,0.0
2016-02-01,13:50:00,125.51700000000001,125.699,125.47,125.53,32271.53999999936,1.0,0.0,0.0
2016-02-01,13:55:00,125.522,125.559,125.351,125.42,27104.28999999935,1.0,0.0,0.0
2016-02-01,14:00:00,125.42,125.609,125.4,125.48,33845.109999999346,1.0,0.0,0.0
2016-02-01,14:05:00,125.48,125.51,125.331,125.331,40838.44999999936,1.0,0.0,0.0
2016-02-01,14:10:00,125.351,125.38,125.241,125.28,46911.69999999935,1.0,0.0,0.0
2016-02-01,14:15:00,125.291,125.42,125.181,125.321,76395.89999999935,1.0,0.0,0.0
2016-02-01,14:20:00,125.324,125.54899999999999,125.291,125.458,38680.579999999354,1.0,0.0,0.0
2016-02-01,14:25:00,125.47,125.59899999999999,125.45,125.53,41015.38999999935,1.0,0.0,0.0
2016-02-01,14:30:00,125.539,125.609,125.46,125.53,40134.59999999935,1.0,0.0,0.0
2016-02-01,14:35:00,125.52,125.74799999999999,125.5,125.679,56998.75999999937,1.0,0.0,0.0
2016-02-01,14:40:00,125.679,125.77799999999999,125.53,125.75200000000001,42888.58999999937,1.0,0.0,0.0
2016-02-01,14:45:00,125.772,125.919,125.699,125.77799999999999,42893.64999999937,1.0,0.0,0.0
2016-02-01,14:50:00,125.77799999999999,125.87799999999999,125.71799999999999,125.77600000000001,78150.64999999935,1.0,0.0,0.0
2016-02-01,14:55:00,125.79799999999999,125.818,125.709,125.721,35027.589999999356,1.0,0.0,0.0
2016-02-01,15:00:00,125.74799999999999,126.027,125.74799999999999,125.897,44992.149999999354,1.0,0.0,0.0
2016-02-01,15:05:00,125.917,126.037,125.87799999999999,125.90700000000001,42464.25999999934,1.0,0.0,0.0
2016-02-01,15:10:00,125.897,126.07600000000001,125.868,126.015,44717.53999999933,1.0,0.0,0.0
2016-02-01,15:15:00,126.01700000000001,126.07600000000001,125.904,126.037,52512.25999999933,1.0,0.0,0.0
2016-02-01,15:20:00,126.038,126.395,126.01700000000001,126.256,107157.17999999934,1.0,0.0,0.0
2016-02-01,15:25:00,126.266,126.365,126.206,126.234,75413.56999999934,1.0,0.0,0.0
2016-02-01,15:30:00,126.256,126.315,126.206,126.226,59708.57999999936,1.0,0.0,0.0
2016-02-01,15:35:00,126.236,126.305,126.156,126.236,68741.99999999937,1.0,0.0,0.0
2016-02-01,15:40:00,126.236,126.285,126.086,126.10799999999999,93948.89999999935,1.0,0.0,0.0
2016-02-01,15:45:00,126.116,126.275,126.07600000000001,126.086,83480.69999999936,1.0,0.0,0.0
2016-02-01,15:50:00,126.086,126.226,125.99700000000001,126.027,97440.99999999937,1.0,0.0,0.0
2016-02-01,15:55:00,126.027,126.04700000000001,125.87799999999999,125.917,136194.9999999994,1.0,0.0,0.0
2016-02-02,09:30:00,125.927,126.007,124.615,124.92299999999999,233067.99999999942,1.0,0.0,0.0
2016-02-02,09:35:00,125.161,125.509,124.794,124.883,66822.54999999942,1.0,0.0,0.0
2016-02-02,09:40:00,124.92299999999999,125.161,124.853,124.99700000000001,85697.77999999945,1.0,0.0,0.0
2016-02-02,09:45:00,124.993,125.14200000000001,124.87299999999999,124.993,124644.79999999946,1.0,0.0,0.0
2016-02-02,09:50:00,124.993,125.161,124.963,125.00200000000001,72485.48999999944,1.0,0.0,0.0
2016-02-02,09:55:00,124.993,125.23100000000001,124.90299999999999,124.943,73566.48999999944,1.0,0.0,0.0
2016-02-02,10:00:00,124.963,125.152,124.684,124.744,76980.04999999942,1.0,0.0,0.0
2016-02-02,10:05:00,124.729,125.061,124.634,124.81299999999999,47727.1699999994,1.0,0.0,0.0
2016-02-02,10:10:00,124.774,124.87299999999999,124.664,124.712,51835.6899999994,1.0,0.0,0.0
2016-02-02,10:15:00,124.714,124.72399999999999,124.585,124.684,73480.9699999994,1.0,0.0,0.0
2016-02-02,10:20:00,124.664,124.744,124.575,124.586,77368.3499999994,1.0,0.0,0.0
2016-02-02,10:25:00,124.565,124.694,124.426,124.505,93112.39999999941,1.0,0.0,0.0
2016-02-02,10:30:00,124.505,124.89200000000001,124.436,124.803,99843.2399999994,1.0,0.0,0.0
2016-02-02,10:35:00,124.78399999999999,124.963,124.704,124.704,40720.7299999994,1.0,0.0,0.0
2016-02-02,10:40:00,124.714,125.00200000000001,124.634,124.98200000000001,36607.2299999994,1.0,0.0,0.0
2016-02-02,10:45:00,124.943,125.20100000000001,124.833,125.152,47229.37999999939,1.0,0.0,0.0
2016-02-02,10:50:00,125.17200000000001,125.351,125.075,125.281,59928.849999999395,1.0,0.0,0.0
2016-02-02,10:55:00,125.301,125.321,125.06200000000001,125.131,27107.28999999939,1.0,0.0,0.0
2016-02-02,11:00:00,125.12799999999999,125.249,125.022,125.24,49862.78999999939,1.0,0.0,0.0
2016-02-02,11:05:00,125.23100000000001,125.26100000000001,125.06200000000001,125.065,24725.259999999398,1.0,0.0,0.0
2016-02-02,11:10:00,125.06200000000001,125.301,125.06200000000001,125.193,33834.0999999994,1.0,0.0,0.0
2016-02-02,11:15:00,125.211,125.65899999999999,125.161,125.619,50895.4199999994,1.0,0.0,0.0
2016-02-02,11:20:00,125.579,125.758,125.23100000000001,125.259,46966.97999999941,1.0,0.0,0.0
2016-02-02,11:25:00,125.251,125.321,125.14200000000001,125.152,48919.65999999939,1.0,0.0,0.0
2016-02-02,11:30:00,125.152,125.211,124.95299999999999,125.11200000000001,38794.25999999938,1.0,0.0,0.0
2016-02-02,11:35:00,125.11200000000001,125.321,125.072,125.08200000000001,26924.289999999382,1.0,0.0,0.0
2016-02-02,11:40:00,125.08200000000001,125.14200000000001,124.93299999999999,124.934,29595.94999999938,1.0,0.0,0.0
2016-02-02,11:45:00,124.975,125.012,124.725,124.725,64343.999999999374,1.0,0.0,0.0
2016-02-02,11:50:00,124.75299999999999,124.863,124.624,124.729,40658.44999999936,1.0,0.0,0.0
2016-02-02,11:55:00,124.727,124.853,124.727,124.81299999999999,41930.40999999935,1.0,0.0,0.0
2016-02-02,12:00:00,124.833,124.898,124.744,124.863,43306.86999999935,1.0,0.0,0.0
2016-02-02,12:05:00,124.863,124.89299999999999,124.654,124.714,98697.89999999934,1.0,0.0,0.0
2016-02-02,12:10:00,124.694,124.863,124.67399999999999,124.823,57262.129999999335,1.0,0.0,0.0
2016-02-02,12:15:00,124.81299999999999,124.863,124.605,124.67399999999999,57547.81999999934,1.0,0.0,0.0
2016-02-02,12:20:00,124.694,124.75399999999999,124.535,124.72399999999999,39090.84999999934,1.0,0.0,0.0
2016-02-02,12:25:00,124.714,124.772,124.684,124.694,24045.539999999335,1.0,0.0,0.0
2016-02-02,12:30:00,124.684,124.78399999999999,124.654,124.67399999999999,28473.77999999933,1.0,0.0,0.0
2016-02-02,12:35:00,124.684,124.764,124.605,124.624,43679.949999999335,1.0,0.0,0.0
2016-02-02,12:40:00,124.615,124.794,124.585,124.68,34286.51999999933,1.0,0.0,0.0
2016-02-02,12:45:00,124.67399999999999,124.833,124.67399999999999,124.794,29388.78999999934,1.0,0.0,0.0
2016-02-02,12:50:00,124.803,124.89299999999999,124.72399999999999,124.75,39407.61999999934,1.0,0.0,0.0
2016-02-02,12:55:00,124.744,124.764,124.615,124.615,34969.319999999345,1.0,0.0,0.0
2016-02-02,13:00:00,124.634,124.67399999999999,124.505,124.64399999999999,65939.75999999935,1.0,0.0,0.0
2016-02-02,13:05:00,124.615,124.67399999999999,124.52,124.666,51709.83999999933,1.0,0.0,0.0
2016-02-02,13:10:00,124.679,124.794,124.595,124.72399999999999,88888.25999999933,1.0,0.0,0.0
2016-02-02,13:15:00,124.72399999999999,124.853,124.694,124.744,52552.49999999932,1.0,0.0,0.0
2016-02-02,13:20:00,124.72399999999999,124.833,124.694,124.803,89128.60999999933,1.0,0.0,0.0
2016-02-02,13:25:00,124.774,124.794,124.67399999999999,124.67399999999999,86512.23999999932,1.0,0.0,0.0
2016-02-02,13:30:00,124.689,124.794,124.66799999999999,124.734,38296.509999999325,1.0,0.0,0.0
2016-02-02,13:35:00,124.75399999999999,124.794,124.624,124.734,62113.809999999336,1.0,0.0,0.0
2016-02-02,13:40:00,124.744,124.823,124.396,124.475,89390.03999999934,1.0,0.0,0.0
2016-02-02,13:45:00,124.475,124.714,124.436,124.555,113439.59999999932,1.0,0.0,0.0
2016-02-02,13:50:00,124.525,124.555,124.316,124.346,63080.07999999932,1.0,0.0,0.0
2016-02-02,13:55:00,124.35600000000001,124.416,124.286,124.32600000000001,130000.16999999934,1.0,0.0,0.0
2016-02-02,14:00:00,124.32600000000001,124.525,124.316,124.455,89714.89999999934,1.0,0.0,0.0
2016-02-02,14:05:00,124.465,124.545,124.38600000000001,124.515,129133.46999999935,1.0,0.0,0.0
2016-02-02,14:10:00,124.495,124.525,124.396,124.455,52605.76999999935,1.0,0.0,0.0
2016-02-02,14:15:00,124.446,124.655,124.376,124.585,66247.35999999935,1.0,0.0,0.0
2016-02-02,14:20:00,124.585,124.686,124.475,124.624,50427.93999999935,1.0,0.0,0.0
2016-02-02,14:25:00,124.615,124.67399999999999,124.465,124.61200000000001,99767.69999999937,1.0,0.0,0.0
2016-02-02,14:30:00,124.605,124.64399999999999,124.366,124.406,65663.30999999936,1.0,0.0,0.0
2016-02-02,14:35:00,124.399,124.64399999999999,124.399,124.58,45904.069999999374,1.0,0.0,0.0
2016-02-02,14:40:00,124.595,124.774,124.535,124.654,86694.2699999994,1.0,0.0,0.0
2016-02-02,14:45:00,124.684,124.883,124.624,124.805,65494.249999999396,1.0,0.0,0.0
2016-02-02,14:50:00,124.788,124.913,124.734,124.81299999999999,71230.58999999939,1.0,0.0,0.0
2016-02-02,14:55:00,124.81299999999999,124.993,124.565,124.595,71885.2699999994,1.0,0.0,0.0
2016-02-02,15:00:00,124.575,124.664,124.376,124.465,64502.88999999939,1.0,0.0,0.0
2016-02-02,15:05:00,124.465,124.525,124.336,124.436,61843.32999999939,1.0,0.0,0.0
2016-02-02,15:10:00,124.42299999999999,124.446,124.087,124.167,92461.8799999994,1.0,0.0,0.0
2016-02-02,15:15:00,124.147,124.40899999999999,124.02799999999999,124.396,59229.9899999994,1.0,0.0,0.0
2016-02-02,15:20:00,124.38600000000001,124.475,124.23700000000001,124.27600000000001,71499.04999999939,1.0,0.0,0.0
2016-02-02,15:25:00,124.27600000000001,124.346,124.177,124.306,115245.59999999938,1.0,0.0,0.0
2016-02-02,15:30:00,124.306,124.446,124.197,124.396,85876.79999999938,1.0,0.0,0.0
2016-02-02,15:35:00,124.38600000000001,124.525,124.21700000000001,124.21700000000001,75006.39999999937,1.0,0.0,0.0
2016-02-02,15:40:00,124.23700000000001,124.585,124.23700000000001,124.455,87743.99999999939,1.0,0.0,0.0
2016-02-02,15:45:00,124.455,124.704,124.32600000000001,124.35600000000001,167514.29999999932,1.0,0.0,0.0
2016-02-02,15:50:00,124.35600000000001,124.689,124.286,124.654,137055.6999999993,1.0,0.0,0.0
2016-02-02,15:55:00,124.664,124.883,124.515,124.694,196405.39999999932,1.0,0.0,0.0
2016-02-03,09:30:00,124.684,125.39,124.565,125.39,211360.3399999993,1.0,0.0,0.0
2016-02-03,09:35:00,125.221,125.47,124.664,124.714,163955.89999999927,1.0,0.0,0.0
2016-02-03,09:40:00,124.714,125.321,124.54,125.191,144607.09999999925,1.0,0.0,0.0
2016-02-03,09:45:00,125.15700000000001,125.36,124.177,124.197,115460.49999999927,1.0,0.0,0.0
2016-02-03,09:50:00,124.23700000000001,124.465,123.809,124.346,119142.79999999928,1.0,0.0,0.0
2016-02-03,09:55:00,124.306,124.426,123.65,123.84899999999999,62351.07999999928,1.0,0.0,0.0
2016-02-03,10:00:00,123.759,124.038,123.471,123.59,66934.10999999927,1.0,0.0,0.0
2016-02-03,10:05:00,123.54,123.7,123.04299999999999,123.15299999999999,125125.49999999927,1.0,0.0,0.0
2016-02-03,10:10:00,123.146,123.20200000000001,122.476,122.546,143108.99999999924,1.0,0.0,0.0
2016-02-03,10:15:00,122.546,122.755,122.228,122.29700000000001,162009.19999999923,1.0,0.0,0.0
2016-02-03,10:20:00,122.287,122.556,122.148,122.46600000000001,99689.29999999926,1.0,0.0,0.0
2016-02-03,10:25:00,122.516,122.934,122.456,122.889,125480.39999999928,1.0,0.0,0.0
2016-02-03,10:30:00,122.865,123.15299999999999,122.387,122.476,162872.09999999928,1.0,0.0,0.0
2016-02-03,10:35:00,122.456,122.486,121.999,122.15799999999999,96899.09999999925,1.0,0.0,0.0
2016-02-03,10:40:00,122.163,122.29700000000001,121.611,122.208,162380.2999999993,1.0,0.0,0.0
2016-02-03,10:45:00,122.18799999999999,122.257,121.82,122.24799999999999,61428.019999999306,1.0,0.0,0.0
2016-02-03,10:50:00,122.277,122.34700000000001,121.75,121.86,109671.79999999929,1.0,0.0,0.0
2016-02-03,10:55:00,121.87,122.155,121.81,122.098,73521.23999999932,1.0,0.0,0.0
2016-02-03,11:00:00,122.084,122.705,122.084,122.506,128165.19999999931,1.0,0.0,0.0
2016-02-03,11:05:00,122.535,122.71799999999999,122.417,122.43700000000001,106221.09999999931,1.0,0.0,0.0
2016-02-03,11:10:00,122.456,122.456,121.85,122.039,82494.33999999933,1.0,0.0,0.0
2016-02-03,11:15:00,122.029,122.198,121.919,121.98899999999999,68983.41999999934,1.0,0.0,0.0
2016-02-03,11:20:00,121.979,122.566,121.87,122.516,100330.89999999934,1.0,0.0,0.0
2016-02-03,11:25:00,122.516,122.586,122.29700000000001,122.486,67977.97999999936,1.0,0.0,0.0
2016-02-03,11:30:00,122.486,122.934,122.46600000000001,122.655,63218.82999999935,1.0,0.0,0.0
2016-02-03,11:35:00,122.626,122.785,122.337,122.43700000000001,101101.11999999936,1.0,0.0,0.0
2016-02-03,11:40:00,122.486,123.352,122.486,123.288,64736.089999999356,1.0,0.0,0.0
2016-02-03,11:45:00,123.28200000000001,123.28200000000001,122.92399999999999,123.03299999999999,49907.97999999937,1.0,0.0,0.0
2016-02-03,11:50:00,123.073,123.12299999999999,122.824,122.834,81330.98999999936,1.0,0.0,0.0
2016-02-03,11:55:00,122.86399999999999,122.874,122.456,122.795,118149.19999999939,1.0,0.0,0.0
2016-02-03,12:00:00,122.824,122.944,122.60600000000001,122.89399999999999,47936.179999999375,1.0,0.0,0.0
2016-02-03,12:05:00,122.914,123.182,122.824,123.113,66778.31999999937,1.0,0.0,0.0
2016-02-03,12:10:00,123.09299999999999,123.262,122.85799999999999,122.874,76234.98999999938,1.0,0.0,0.0
2016-02-03,12:15:00,122.884,123.03299999999999,122.795,122.993,46372.719999999375,1.0,0.0,0.0
2016-02-03,12:20:00,123.04299999999999,123.113,122.82700000000001,122.884,48273.06999999937,1.0,0.0,0.0
2016-02-03,12:25:00,122.89399999999999,123.17299999999999,122.854,122.934,50490.15999999937,1.0,0.0,0.0
2016-02-03,12:30:00,122.934,123.03299999999999,122.516,122.516,40173.729999999385,1.0,0.0,0.0
2016-02-03,12:35:00,122.494,122.645,122.039,122.208,118380.69999999939,1.0,0.0,0.0
2016-02-03,12:40:00,122.198,122.35700000000001,122.10799999999999,122.178,68633.49999999937,1.0,0.0,0.0
2016-02-03,12:45:00,122.21799999999999,122.228,121.98899999999999,122.088,56469.909999999356,1.0,0.0,0.0
2016-02-03,12:50:00,122.098,122.178,122.009,122.098,21355.82999999935,1.0,0.0,0.0
2016-02-03,12:55:00,122.07799999999999,122.24600000000001,121.98899999999999,122.228,36354.84999999935,1.0,0.0,0.0
2016-02-03,13:00:00,122.257,122.52600000000001,122.18799999999999,122.367,44903.67999999934,1.0,0.0,0.0
2016-02-03,13:05:00,122.367,122.596,122.13799999999999,122.238,58978.639999999345,1.0,0.0,0.0
2016-02-03,13:10:00,122.24799999999999,122.287,121.90899999999999,121.999,66619.43999999935,1.0,0.0,0.0
2016-02-03,13:15:00,122.01899999999999,122.15799999999999,122.009,122.07799999999999,50017.69999999934,1.0,0.0,0.0
2016-02-03,13:20:00,122.054,122.27600000000001,122.029,122.029,31917.609999999346,1.0,0.0,0.0
2016-02-03,13:25:00,122.04899999999999,122.148,121.929,122.059,59307.39999999934,1.0,0.0,0.0
2016-02-03,13:30:00,122.088,122.148,121.85,121.85,37915.429999999345,1.0,0.0,0.0
2016-02-03,13:35:00,121.86,121.899,121.74,121.84,108350.74999999935,1.0,0.0,0.0
2016-02-03,13:40:00,121.8,121.866,121.53200000000001,121.571,42433.19999999934,1.0,0.0,0.0
2016-02-03,13:45:00,121.59100000000001,121.711,121.541,121.561,40801.189999999355,1.0,0.0,0.0
2016-02-03,13:50:00,121.581,121.73,121.492,121.53299999999999,77357.18999999935,1.0,0.0,0.0
2016-02-03,13:55:00,121.541,121.541,121.193,121.28299999999999,82009.68999999935,1.0,0.0,0.0
2016-02-03,14:00:00,121.28299999999999,121.333,121.054,121.213,68591.27999999934,1.0,0.0,0.0
2016-02-03,14:05:00,121.219,121.29299999999999,120.875,120.935,117232.29999999936,1.0,0.0,0.0
2016-02-03,14:10:00,120.943,121.333,120.915,121.193,80585.85999999937,1.0,0.0,0.0
2016-02-03,14:15:00,121.243,121.462,121.23299999999999,121.34200000000001,102296.5999999994,1.0,0.0,0.0
2016-02-03,14:20:00,121.382,121.382,120.925,121.084,94490.79999999938,1.0,0.0,0.0
2016-02-03,14:25:00,121.074,122.118,121.014,122.07700000000001,154733.39999999935,1.0,0.0,0.0
2016-02-03,14:30:00,122.084,122.635,122.029,122.397,101413.79999999938,1.0,0.0,0.0
2016-02-03,14:35:00,122.397,122.476,122.029,122.257,104880.69999999937,1.0,0.0,0.0
2016-02-03,14:40:00,122.26700000000001,122.307,121.8,121.86,99696.32999999938,1.0,0.0,0.0
2016-02-03,14:45:00,121.899,123.06299999999999,121.86200000000001,122.934,178982.0999999994,1.0,0.0,0.0
2016-02-03,14:50:00,122.904,123.053,122.516,122.536,92052.59999999942,1.0,0.0,0.0
2016-02-03,14:55:00,122.566,122.89399999999999,122.35700000000001,122.884,75332.10999999943,1.0,0.0,0.0
2016-02-03,15:00:00,122.884,123.262,122.695,122.92399999999999,87089.39999999943,1.0,0.0,0.0
2016-02-03,15:05:00,122.944,123.133,122.785,122.86399999999999,65202.63999999945,1.0,0.0,0.0
2016-02-03,15:10:00,122.874,123.491,122.834,123.352,100226.29999999944,1.0,0.0,0.0
2016-02-03,15:15:00,123.33200000000001,123.421,122.904,122.929,94874.99999999942,1.0,0.0,0.0
2016-02-03,15:20:00,122.904,122.954,122.665,122.715,97659.19999999943,1.0,0.0,0.0
2016-02-03,15:25:00,122.705,122.934,122.52600000000001,122.71,64865.79999999942,1.0,0.0,0.0
2016-02-03,15:30:00,122.675,122.86399999999999,122.556,122.854,79134.88999999943,1.0,0.0,0.0
2016-02-03,15:35:00,122.844,123.073,122.735,122.904,88904.39999999941,1.0,0.0,0.0
2016-02-03,15:40:00,122.89399999999999,122.914,122.486,122.596,123437.19999999942,1.0,0.0,0.0
2016-02-03,15:45:00,122.586,122.954,122.546,122.89399999999999,100014.09999999941,1.0,0.0,0.0
2016-02-03,15:50:00,122.89399999999999,123.04299999999999,122.745,123.01299999999999,112296.2999999994,1.0,0.0,0.0
2016-02-03,15:55:00,123.023,123.23200000000001,122.97399999999999,123.01299999999999,153828.4999999994,1.0,0.0,0.0
2016-02-04,09:30:00,123.03299999999999,123.22200000000001,122.635,122.685,220921.60999999937,1.0,0.0,0.0
2016-02-04,09:35:00,122.92399999999999,123.22200000000001,122.516,122.794,129722.67999999937,1.0,0.0,0.0
2016-02-04,09:40:00,122.755,122.755,120.758,121.273,114721.5999999994,1.0,0.0,0.0
2016-02-04,09:45:00,121.29299999999999,121.512,120.666,120.666,100877.89999999941,1.0,0.0,0.0
2016-02-04,09:50:00,120.696,120.992,120.45700000000001,120.865,141806.6999999994,1.0,0.0,0.0
2016-02-04,09:55:00,120.835,120.975,120.60700000000001,120.617,155901.99999999942,1.0,0.0,0.0
2016-02-04,10:00:00,120.617,120.686,119.97,120.079,196278.7999999994,1.0,0.0,0.0
2016-02-04,10:05:00,120.06,120.30799999999999,119.712,120.27799999999999,155502.69999999937,1.0,0.0,0.0
2016-02-04,10:10:00,120.249,120.45700000000001,120.09899999999999,120.338,168191.0999999994,1.0,0.0,0.0
2016-02-04,10:15:00,120.338,120.711,120.258,120.646,186636.89999999944,1.0,0.0,0.0
2016-02-04,10:20:00,120.666,120.895,120.507,120.56700000000001,108513.59999999945,1.0,0.0,0.0
2016-02-04,10:25:00,120.617,120.935,120.49700000000001,120.711,92727.33999999944,1.0,0.0,0.0
2016-02-04,10:30:00,120.71600000000001,120.796,120.552,120.696,78003.69999999943,1.0,0.0,0.0
2016-02-04,10:35:00,120.706,121.25299999999999,120.56700000000001,121.223,171807.89999999947,1.0,0.0,0.0
2016-02-04,10:40:00,121.223,121.53200000000001,121.163,121.163,110513.49999999948,1.0,0.0,0.0
2016-02-04,10:45:00,121.163,121.17399999999999,120.587,120.587,111211.39999999946,1.0,0.0,0.0
2016-02-04,10:50:00,120.587,121.03399999999999,120.54700000000001,120.935,83652.65999999944,1.0,0.0,0.0
2016-02-04,10:55:00,120.935,121.14399999999999,120.835,121.084,80894.57999999942,1.0,0.0,0.0
2016-02-04,11:00:00,121.094,121.29299999999999,120.97,121.223,88952.69999999943,1.0,0.0,0.0
2016-02-04,11:05:00,121.20299999999999,121.223,120.945,120.965,81144.89999999944,1.0,0.0,0.0
2016-02-04,11:10:00,120.955,120.984,120.46700000000001,120.537,93094.39999999946,1.0,0.0,0.0
2016-02-04,11:15:00,120.54700000000001,120.566,120.338,120.507,76558.80999999944,1.0,0.0,0.0
2016-02-04,11:20:00,120.50299999999999,120.54700000000001,120.15899999999999,120.169,179901.56999999945,1.0,0.0,0.0
2016-02-04,11:25:00,120.169,120.288,120.05,120.071,84928.59999999944,1.0,0.0,0.0
2016-02-04,11:30:00,120.07,120.089,119.73100000000001,119.76100000000001,91464.29999999944,1.0,0.0,0.0
2016-02-04,11:35:00,119.751,119.802,119.53299999999999,119.618,147730.1999999995,1.0,0.0,0.0
2016-02-04,11:40:00,119.652,119.662,119.50299999999999,119.59700000000001,61691.419999999474,1.0,0.0,0.0
2016-02-04,11:45:00,119.602,119.67200000000001,119.07600000000001,119.155,149117.6999999995,1.0,0.0,0.0
2016-02-04,11:50:00,119.125,119.264,118.946,119.053,142123.49999999948,1.0,0.0,0.0
2016-02-04,11:55:00,119.085,119.40299999999999,119.035,119.184,102495.69999999944,1.0,0.0,0.0
2016-02-04,12:00:00,119.214,119.214,118.79700000000001,119.035,100255.29999999944,1.0,0.0,0.0
2016-02-04,12:05:00,119.065,119.48899999999999,118.956,119.37299999999999,90987.72999999944,1.0,0.0,0.0
2016-02-04,12:10:00,119.37299999999999,119.95,119.37299999999999,119.89,82082.09999999945,1.0,0.0,0.0
2016-02-04,12:15:00,119.90899999999999,120.04,119.791,119.98,122699.19999999943,1.0,0.0,0.0
2016-02-04,12:20:00,119.94,120.06,119.791,119.975,66473.68999999943,1.0,0.0,0.0
2016-02-04,12:25:00,119.97,119.98,119.781,119.801,85986.37999999945,1.0,0.0,0.0
2016-02-04,12:30:00,119.771,119.801,119.59200000000001,119.62200000000001,78789.99999999945,1.0,0.0,0.0
2016-02-04,12:35:00,119.64200000000001,119.662,119.43299999999999,119.557,98400.39999999947,1.0,0.0,0.0
2016-02-04,12:40:00,119.557,119.881,119.552,119.87100000000001,90288.99999999948,1.0,0.0,0.0
2016-02-04,12:45:00,119.891,120.209,119.61200000000001,119.62200000000001,85166.89999999948,1.0,0.0,0.0
2016-02-04,12:50:00,119.613,119.771,119.40299999999999,119.712,96546.06999999948,1.0,0.0,0.0
2016-02-04,12:55:00,119.697,119.99,119.58200000000001,119.92,102937.09999999948,1.0,0.0,0.0
2016-02-04,13:00:00,119.91,120.219,119.87100000000001,120.04,71360.46999999949,1.0,0.0,0.0
2016-02-04,13:05:00,120.04,120.055,119.721,119.9,86592.79999999948,1.0,0.0,0.0
2016-02-04,13:10:00,119.9,120.01,119.801,120.01,57439.229999999494,1.0,0.0,0.0
2016-02-04,13:15:00,120.0,120.38799999999999,120.0,120.109,69355.3299999995,1.0,0.0,0.0
2016-02-04,13:20:00,120.09899999999999,120.149,119.87100000000001,120.07,69323.22999999952,1.0,0.0,0.0
2016-02-04,13:25:00,120.06,120.169,119.861,120.109,72206.00999999949,1.0,0.0,0.0
2016-02-04,13:30:00,120.074,120.27799999999999,119.91,120.256,72892.7999999995,1.0,0.0,0.0
2016-02-04,13:35:00,120.257,120.257,120.01,120.079,42800.08999999949,1.0,0.0,0.0
2016-02-04,13:40:00,120.04,120.27799999999999,119.881,119.9,79583.3799999995,1.0,0.0,0.0
2016-02-04,13:45:00,119.91,119.92399999999999,119.801,119.801,64585.3699999995,1.0,0.0,0.0
2016-02-04,13:50:00,119.801,119.831,119.652,119.69200000000001,65354.65999999951,1.0,0.0,0.0
2016-02-04,13:55:00,119.70200000000001,119.791,119.56200000000001,119.662,96480.8999999995,1.0,0.0,0.0
2016-02-04,14:00:00,119.652,119.84299999999999,119.56200000000001,119.588,78894.49999999948,1.0,0.0,0.0
2016-02-04,14:05:00,119.602,119.771,119.48299999999999,119.61200000000001,72222.14999999947,1.0,0.0,0.0
2016-02-04,14:10:00,119.59200000000001,119.70200000000001,119.45299999999999,119.473,63462.19999999946,1.0,0.0,0.0
2016-02-04,14:15:00,119.48299999999999,119.771,119.463,119.59200000000001,84519.30999999946,1.0,0.0,0.0
2016-02-04,14:20:00,119.588,119.801,119.56200000000001,119.602,66593.33999999946,1.0,0.0,0.0
2016-02-04,14:25:00,119.61200000000001,119.76100000000001,119.602,119.632,58414.56999999947,1.0,0.0,0.0
2016-02-04,14:30:00,119.64200000000001,119.64200000000001,119.39299999999999,119.499,78372.69999999949,1.0,0.0,0.0
2016-02-04,14:35:00,119.493,119.632,119.443,119.531,53304.559999999496,1.0,0.0,0.0
2016-02-04,14:40:00,119.542,119.69200000000001,119.354,119.42299999999999,129566.91999999947,1.0,0.0,0.0
2016-02-04,14:45:00,119.40299999999999,119.61200000000001,119.363,119.443,57520.68999999947,1.0,0.0,0.0
2016-02-04,14:50:00,119.43299999999999,119.59200000000001,119.294,119.304,96319.99999999949,1.0,0.0,0.0
2016-02-04,14:55:00,119.324,119.363,118.976,119.115,99682.19999999949,1.0,0.0,0.0
2016-02-04,15:00:00,119.1,119.473,119.095,119.335,167575.69999999952,1.0,0.0,0.0
2016-02-04,15:05:00,119.363,119.572,119.314,119.354,158001.39999999953,1.0,0.0,0.0
2016-02-04,15:10:00,119.37299999999999,119.682,119.335,119.64200000000001,100359.99999999949,1.0,0.0,0.0
2016-02-04,15:15:00,119.662,119.94,119.53299999999999,119.851,86897.39999999947,1.0,0.0,0.0
2016-02-04,15:20:00,119.85700000000001,120.209,119.811,119.95,169185.59999999945,1.0,0.0,0.0
2016-02-04,15:25:00,119.95,120.21799999999999,119.851,120.094,93237.99999999948,1.0,0.0,0.0
2016-02-04,15:30:00,120.109,120.109,119.95,119.99600000000001,86154.29999999946,1.0,0.0,0.0
2016-02-04,15:35:00,119.99,120.119,119.69200000000001,119.821,165959.7999999995,1.0,0.0,0.0
2016-02-04,15:40:00,119.84100000000001,120.12899999999999,119.801,120.102,112420.89999999947,1.0,0.0,0.0
2016-02-04,15:45:00,120.119,120.258,120.06299999999999,120.119,151671.69999999946,1.0,0.0,0.0
2016-02-04,15:50:00,120.119,120.24,120.07,120.145,152151.39999999944,1.0,0.0,0.0
2016-02-04,15:55:00,120.12899999999999,120.41799999999999,120.109,120.38799999999999,204366.99999999942,1.0,0.0,0.0
2016-02-05,09:31:00,120.37799999999999,120.56700000000001,119.741,119.93,417980.18999999936,1.0,0.0,0.0
2016-02-05,09:36:00,119.84100000000001,120.169,119.363,120.071,172508.79999999938,1.0,0.0,0.0
2016-02-05,09:41:00,120.113,120.368,119.801,120.189,55614.24999999936,1.0,0.0,0.0
2016-02-05,09:46:00,120.23899999999999,120.23899999999999,119.61200000000001,119.665,48028.75999999934,1.0,0.0,0.0
2016-02-05,09:51:00,119.662,119.68700000000001,119.244,119.554,192290.99999999933,1.0,0.0,0.0
2016-02-05,09:56:00,119.542,119.801,119.443,119.712,65027.59999999929,1.0,0.0,0.0
2016-02-05,10:01:00,119.712,119.721,119.34299999999999,119.652,71435.79999999929,1.0,0.0,0.0
2016-02-05,10:06:00,119.662,119.91,119.542,119.58200000000001,124270.8399999993,1.0,0.0,0.0
2016-02-05,10:11:00,119.565,119.73100000000001,119.264,119.473,89446.38999999932,1.0,0.0,0.0
2016-02-05,10:16:00,119.48299999999999,119.741,119.40299999999999,119.73100000000001,42630.18999999932,1.0,0.0,0.0
2016-02-05,10:21:00,119.73100000000001,119.76100000000001,119.506,119.667,64325.94999999932,1.0,0.0,0.0
2016-02-05,10:26:00,119.682,119.76100000000001,119.025,119.025,123865.4999999993,1.0,0.0,0.0
2016-02-05,10:31:00,119.055,119.17399999999999,118.568,118.588,106365.86999999931,1.0,0.0,0.0
2016-02-05,10:36:00,118.598,118.618,118.205,118.40899999999999,202429.39999999935,1.0,0.0,0.0
2016-02-05,10:41:00,118.419,118.488,118.23,118.37899999999999,72330.68999999933,1.0,0.0,0.0
2016-02-05,10:46:00,118.389,118.677,118.16,118.37899999999999,112212.99999999935,1.0,0.0,0.0
2016-02-05,10:51:00,118.329,118.414,117.991,118.031,95445.19999999936,1.0,0.0,0.0
2016-02-05,10:56:00,118.021,118.09,117.86200000000001,117.941,65893.44999999937,1.0,0.0,0.0
2016-02-05,11:01:00,117.941,118.008,117.255,117.494,172098.4999999994,1.0,0.0,0.0
2016-02-05,11:06:00,117.54299999999999,117.553,117.165,117.29299999999999,106483.49999999935,1.0,0.0,0.0
2016-02-05,11:11:00,117.295,117.583,117.225,117.54899999999999,147570.39999999938,1.0,0.0,0.0
2016-02-05,11:16:00,117.573,117.613,117.325,117.514,55610.24999999939,1.0,0.0,0.0
2016-02-05,11:21:00,117.553,117.613,117.175,117.195,76070.20999999938,1.0,0.0,0.0
2016-02-05,11:26:00,117.214,117.251,116.63799999999999,116.678,96254.5999999994,1.0,0.0,0.0
2016-02-05,11:31:00,116.65799999999999,117.275,116.609,117.225,110104.39999999943,1.0,0.0,0.0
2016-02-05,11:36:00,117.205,117.205,116.93700000000001,117.056,79154.12999999941,1.0,0.0,0.0
2016-02-05,11:41:00,117.07600000000001,117.315,117.02600000000001,117.305,66717.89999999941,1.0,0.0,0.0
2016-02-05,11:46:00,117.286,117.286,116.867,116.927,53488.619999999406,1.0,0.0,0.0
2016-02-05,11:51:00,116.93700000000001,117.265,116.81700000000001,117.24,61105.289999999404,1.0,0.0,0.0
2016-02-05,11:56:00,117.225,117.51100000000001,117.006,117.03399999999999,81852.89999999943,1.0,0.0,0.0
2016-02-05,12:01:00,117.006,117.39399999999999,116.867,117.285,83245.45999999942,1.0,0.0,0.0
2016-02-05,12:06:00,117.295,117.335,117.046,117.126,44283.23999999944,1.0,0.0,0.0
2016-02-05,12:11:00,117.13600000000001,117.156,116.95700000000001,116.98700000000001,50373.539999999426,1.0,0.0,0.0
2016-02-05,12:16:00,116.977,117.10600000000001,116.887,117.016,44157.58999999943,1.0,0.0,0.0
2016-02-05,12:21:00,117.016,117.295,117.016,117.205,50051.82999999942,1.0,0.0,0.0
2016-02-05,12:26:00,117.225,117.523,117.13600000000001,117.36399999999999,48471.20999999943,1.0,0.0,0.0
2016-02-05,12:31:00,117.36399999999999,117.454,117.22,117.335,48117.20999999944,1.0,0.0,0.0
2016-02-05,12:36:00,117.325,117.56299999999999,117.325,117.56299999999999,50434.84999999944,1.0,0.0,0.0
2016-02-05,12:41:00,117.571,117.822,117.54299999999999,117.54299999999999,68331.89999999943,1.0,0.0,0.0
2016-02-05,12:46:00,117.56299999999999,117.633,117.434,117.553,39774.549999999435,1.0,0.0,0.0
2016-02-05,12:51:00,117.54299999999999,117.663,117.38600000000001,117.488,51248.369999999435,1.0,0.0,0.0
2016-02-05,12:56:00,117.48899999999999,117.48899999999999,116.98700000000001,116.98700000000001,60422.56999999943,1.0,0.0,0.0
2016-02-05,13:01:00,117.006,117.273,116.98700000000001,117.146,48759.679999999425,1.0,0.0,0.0
2016-02-05,13:06:00,117.156,117.275,117.066,117.16,57355.68999999942,1.0,0.0,0.0
2016-02-05,13:11:00,117.146,117.39399999999999,117.10600000000001,117.26100000000001,83457.47999999944,1.0,0.0,0.0
2016-02-05,13:16:00,117.265,117.295,116.99600000000001,117.146,71002.49999999943,1.0,0.0,0.0
2016-02-05,13:21:00,117.161,117.185,116.96700000000001,117.086,55524.699999999415,1.0,0.0,0.0
2016-02-05,13:26:00,117.066,117.146,116.977,117.10600000000001,81766.36999999943,1.0,0.0,0.0
2016-02-05,13:31:00,117.086,117.126,116.917,116.947,75954.55999999944,1.0,0.0,0.0
2016-02-05,13:36:00,116.95700000000001,116.99600000000001,116.837,116.896,93313.51999999945,1.0,0.0,0.0
2016-02-05,13:41:00,116.88600000000001,116.897,116.74799999999999,116.758,105171.44999999943,1.0,0.0,0.0
2016-02-05,13:46:00,116.74799999999999,116.758,116.4,116.4,118366.59999999941,1.0,0.0,0.0
2016-02-05,13:51:00,116.39,116.43799999999999,116.27,116.42,90544.26999999942,1.0,0.0,0.0
2016-02-05,13:56:00,116.42,116.579,116.31,116.479,86981.89999999941,1.0,0.0,0.0
2016-02-05,14:01:00,116.47399999999999,116.51899999999999,116.31,116.31,62459.61999999943,1.0,0.0,0.0
2016-02-05,14:06:00,116.322,116.322,116.081,116.141,75759.39999999941,1.0,0.0,0.0
2016-02-05,14:11:00,116.109,116.181,115.883,115.902,110372.79999999942,1.0,0.0,0.0
2016-02-05,14:16:00,115.89399999999999,115.92200000000001,115.624,115.64299999999999,87906.7999999994,1.0,0.0,0.0
2016-02-05,14:21:00,115.634,115.803,115.564,115.78299999999999,85036.09999999941,1.0,0.0,0.0
2016-02-05,14:26:00,115.78299999999999,116.052,115.714,115.734,62440.609999999404,1.0,0.0,0.0
2016-02-05,14:31:00,115.743,116.03200000000001,115.704,116.012,77013.19999999943,1.0,0.0,0.0
2016-02-05,14:36:00,116.00200000000001,116.131,115.94200000000001,116.022,80160.39999999941,1.0,0.0,0.0
2016-02-05,14:41:00,116.022,116.141,115.773,115.79299999999999,90099.89999999941,1.0,0.0,0.0
2016-02-05,14:46:00,115.803,115.81299999999999,115.604,115.75299999999999,84697.39999999941,1.0,0.0,0.0
2016-02-05,14:51:00,115.75299999999999,115.79299999999999,115.604,115.634,71246.79999999944,1.0,0.0,0.0
2016-02-05,14:56:00,115.633,115.723,115.485,115.564,95103.29999999942,1.0,0.0,0.0
2016-02-05,15:01:00,115.564,115.594,115.296,115.316,130052.4999999994,1.0,0.0,0.0
2016-02-05,15:06:00,115.306,115.336,115.04700000000001,115.196,121185.0999999994,1.0,0.0,0.0
2016-02-05,15:11:00,115.196,115.363,115.176,115.32600000000001,106878.69999999939,1.0,0.0,0.0
2016-02-05,15:16:00,115.32600000000001,115.345,115.147,115.20100000000001,111503.09999999937,1.0,0.0,0.0
2016-02-05,15:21:00,115.206,115.714,115.206,115.714,117540.09999999937,1.0,0.0,0.0
2016-02-05,15:26:00,115.714,115.992,115.64399999999999,115.98899999999999,189583.19999999937,1.0,0.0,0.0
2016-02-05,15:31:00,115.962,115.992,115.624,115.654,140613.2999999994,1.0,0.0,0.0
2016-02-05,15:36:00,115.664,115.78299999999999,115.544,115.574,128866.99999999936,1.0,0.0,0.0
2016-02-05,15:41:00,115.564,115.584,115.27600000000001,115.316,121662.59999999937,1.0,0.0,0.0
2016-02-05,15:46:00,115.306,115.704,115.306,115.639,160856.09999999937,1.0,0.0,0.0
2016-02-05,15:51:00,115.635,115.635,115.365,115.415,153809.39999999935,1.0,0.0,0.0
2016-02-05,15:56:00,115.425,115.544,115.226,115.465,270913.99999999936,1.0,0.0,0.0
2016-02-08,09:31:00,115.455,115.823,114.301,115.00200000000001,407393.04999999946,1.0,0.0,0.0
2016-02-08,09:36:00,115.331,115.375,111.705,112.725,620217.4999999994,1.0,0.0,0.0
2016-02-08,09:41:00,112.662,112.76,111.914,112.71,237079.99999999945,1.0,0.0,0.0
2016-02-08,09:46:00,112.66,113.416,112.51100000000001,112.62,192729.39999999944,1.0,0.0,0.0
2016-02-08,09:51:00,112.581,112.829,112.402,112.541,183012.09999999942,1.0,0.0,0.0
2016-02-08,09:56:00,112.541,112.899,112.25299999999999,112.431,173519.1999999994,1.0,0.0,0.0
2016-02-08,10:01:00,112.37200000000001,112.402,112.009,112.25299999999999,133859.29999999938,1.0,0.0,0.0
2016-02-08,10:06:00,112.28200000000001,112.28200000000001,111.417,111.46700000000001,264795.4999999994,1.0,0.0,0.0
2016-02-08,10:11:00,111.46700000000001,111.507,111.139,111.45700000000001,231219.79999999944,1.0,0.0,0.0
2016-02-08,10:16:00,111.45700000000001,111.60600000000001,111.139,111.169,155183.99999999945,1.0,0.0,0.0
2016-02-08,10:21:00,111.15899999999999,111.15899999999999,110.641,110.641,200483.79999999944,1.0,0.0,0.0
2016-02-08,10:26:00,110.641,110.92,110.44200000000001,110.641,237778.7999999994,1.0,0.0,0.0
2016-02-08,10:31:00,110.59200000000001,111.208,110.492,111.15899999999999,180504.39999999944,1.0,0.0,0.0
2016-02-08,10:36:00,111.17399999999999,111.208,110.711,110.721,323393.1999999995,1.0,0.0,0.0
2016-02-08,10:41:00,110.721,110.85,110.47200000000001,110.552,208302.5999999995,1.0,0.0,0.0
2016-02-08,10:46:00,110.572,111.04899999999999,110.53200000000001,110.771,156783.79999999946,1.0,0.0,0.0
2016-02-08,10:51:00,110.8,111.228,110.781,110.84100000000001,360531.8999999995,1.0,0.0,0.0
2016-02-08,10:56:00,110.84,110.87,110.552,110.58200000000001,115677.89999999947,1.0,0.0,0.0
2016-02-08,11:01:00,110.572,110.811,110.413,110.43299999999999,102023.99999999945,1.0,0.0,0.0
2016-02-08,11:06:00,110.44200000000001,110.691,110.352,110.40299999999999,192306.09999999948,1.0,0.0,0.0
2016-02-08,11:11:00,110.40299999999999,110.43299999999999,110.005,110.075,216200.79999999952,1.0,0.0,0.0
2016-02-08,11:16:00,110.055,110.22399999999999,109.85600000000001,110.154,140218.1999999995,1.0,0.0,0.0
2016-02-08,11:21:00,110.149,110.234,110.065,110.164,83539.09999999948,1.0,0.0,0.0
2016-02-08,11:26:00,110.17399999999999,110.323,110.094,110.234,95828.24999999949,1.0,0.0,0.0
2016-02-08,11:31:00,110.234,110.48200000000001,110.164,110.204,114429.9999999995,1.0,0.0,0.0
2016-02-08,11:36:00,110.24,110.333,110.065,110.07,132513.89999999953,1.0,0.0,0.0
2016-02-08,11:41:00,110.075,110.273,109.985,110.244,94079.69999999953,1.0,0.0,0.0
2016-02-08,11:46:00,110.244,110.25399999999999,109.77600000000001,109.821,109352.1999999995,1.0,0.0,0.0
2016-02-08,11:51:00,109.836,110.015,109.706,110.005,106208.99999999953,1.0,0.0,0.0
2016-02-08,11:56:00,109.995,110.11399999999999,109.836,110.065,136521.8999999995,1.0,0.0,0.0
2016-02-08,12:01:00,110.065,110.27799999999999,110.015,110.164,120958.79999999952,1.0,0.0,0.0
2016-02-08,12:06:00,110.193,110.363,110.134,110.363,79850.79999999951,1.0,0.0,0.0
2016-02-08,12:11:00,110.34299999999999,110.40299999999999,110.194,110.28299999999999,50820.02999999949,1.0,0.0,0.0
2016-02-08,12:16:00,110.303,110.42299999999999,110.065,110.42299999999999,110053.09999999948,1.0,0.0,0.0
2016-02-08,12:21:00,110.40299999999999,110.572,110.214,110.512,83321.82999999946,1.0,0.0,0.0
2016-02-08,12:26:00,110.512,110.59200000000001,110.303,110.44200000000001,80641.09999999948,1.0,0.0,0.0
2016-02-08,12:31:00,110.413,110.76100000000001,110.413,110.65100000000001,98111.69999999946,1.0,0.0,0.0
2016-02-08,12:36:00,110.65100000000001,110.89,110.57799999999999,110.825,112752.89999999947,1.0,0.0,0.0
2016-02-08,12:41:00,110.835,110.93,110.512,110.751,87501.69999999947,1.0,0.0,0.0
2016-02-08,12:46:00,110.781,110.979,110.711,110.741,87065.34999999945,1.0,0.0,0.0
2016-02-08,12:51:00,110.74,110.791,110.54299999999999,110.751,73844.98999999945,1.0,0.0,0.0
2016-02-08,12:56:00,110.721,110.751,110.492,110.522,58116.929999999455,1.0,0.0,0.0
2016-02-08,13:01:00,110.512,110.62100000000001,110.363,110.49700000000001,62226.48999999944,1.0,0.0,0.0
2016-02-08,13:06:00,110.45200000000001,110.48200000000001,110.154,110.31299999999999,55018.99999999944,1.0,0.0,0.0
2016-02-08,13:11:00,110.333,110.492,110.25399999999999,110.42299999999999,50630.94999999944,1.0,0.0,0.0
2016-02-08,13:16:00,110.43299999999999,110.462,110.184,110.234,45827.659999999436,1.0,0.0,0.0
2016-02-08,13:21:00,110.22399999999999,110.234,109.965,109.985,77450.63999999945,1.0,0.0,0.0
2016-02-08,13:26:00,109.995,109.995,109.806,109.836,55727.94999999942,1.0,0.0,0.0
2016-02-08,13:31:00,109.846,110.104,109.786,109.925,99981.89999999944,1.0,0.0,0.0
2016-02-08,13:36:00,109.935,110.035,109.74600000000001,109.82600000000001,57122.48999999943,1.0,0.0,0.0
2016-02-08,13:41:00,109.835,109.846,109.56700000000001,109.62700000000001,104114.69999999944,1.0,0.0,0.0
2016-02-08,13:46:00,109.60700000000001,109.68700000000001,109.458,109.57700000000001,97701.43999999942,1.0,0.0,0.0
2016-02-08,13:51:00,109.56200000000001,109.736,109.478,109.57700000000001,75135.07999999943,1.0,0.0,0.0
2016-02-08,13:56:00,109.56700000000001,109.62700000000001,109.448,109.54700000000001,54863.13999999943,1.0,0.0,0.0
2016-02-08,14:01:00,109.537,109.57700000000001,109.428,109.46799999999999,52955.68999999942,1.0,0.0,0.0
2016-02-08,14:06:00,109.448,109.786,109.436,109.77600000000001,84049.89999999941,1.0,0.0,0.0
2016-02-08,14:11:00,109.78299999999999,109.876,109.706,109.796,63780.799999999406,1.0,0.0,0.0
2016-02-08,14:16:00,109.766,109.805,109.448,109.59700000000001,115092.5099999994,1.0,0.0,0.0
2016-02-08,14:21:00,109.59700000000001,109.77600000000001,109.488,109.677,93336.59999999942,1.0,0.0,0.0
2016-02-08,14:26:00,109.667,109.677,109.458,109.546,124373.39999999941,1.0,0.0,0.0
2016-02-08,14:31:00,109.51799999999999,109.677,109.229,109.25399999999999,176222.15999999942,1.0,0.0,0.0
2016-02-08,14:36:00,109.26899999999999,109.34899999999999,109.02,109.16,121186.99999999948,1.0,0.0,0.0
2016-02-08,14:41:00,109.179,109.329,109.12,109.329,75337.09999999948,1.0,0.0,0.0
2016-02-08,14:46:00,109.31299999999999,109.54700000000001,109.259,109.54700000000001,117743.09999999948,1.0,0.0,0.0
2016-02-08,14:51:00,109.537,109.637,109.26899999999999,109.26899999999999,110172.69999999949,1.0,0.0,0.0
2016-02-08,14:56:00,109.279,109.60700000000001,109.259,109.38799999999999,71510.1999999995,1.0,0.0,0.0
2016-02-08,15:01:00,109.398,109.617,109.35799999999999,109.557,99853.1999999995,1.0,0.0,0.0
2016-02-08,15:06:00,109.54700000000001,109.736,109.51799999999999,109.667,95033.89999999953,1.0,0.0,0.0
2016-02-08,15:11:00,109.667,109.74600000000001,109.587,109.667,65186.599999999526,1.0,0.0,0.0
2016-02-08,15:16:00,109.677,110.134,109.64,110.094,144027.79999999952,1.0,0.0,0.0
2016-02-08,15:21:00,110.094,110.522,110.045,110.48200000000001,158703.2999999995,1.0,0.0,0.0
2016-02-08,15:26:00,110.47200000000001,110.522,110.184,110.19200000000001,126182.2999999995,1.0,0.0,0.0
2016-02-08,15:31:00,110.22399999999999,110.70100000000001,110.164,110.666,104199.9999999995,1.0,0.0,0.0
2016-02-08,15:36:00,110.65100000000001,110.681,110.462,110.572,175054.6999999995,1.0,0.0,0.0
2016-02-08,15:41:00,110.572,110.85,110.512,110.83,153919.9999999995,1.0,0.0,0.0
2016-02-08,15:46:00,110.82,111.427,110.811,111.37700000000001,199464.1999999995,1.0,0.0,0.0
2016-02-08,15:51:00,111.37700000000001,111.566,111.15899999999999,111.27799999999999,222465.09999999954,1.0,0.0,0.0
2016-02-08,15:56:00,111.27799999999999,111.27799999999999,111.009,111.089,206353.89999999953,1.0,0.0,0.0
2016-02-09,09:31:00,111.089,111.318,110.075,110.53200000000001,395847.5589999995,1.0,0.0,0.0
2016-02-09,09:36:00,110.59200000000001,112.084,110.56200000000001,112.064,221235.29999999946,1.0,0.0,0.0
2016-02-09,09:41:00,112.054,113.088,112.03399999999999,112.81,241068.8999999995,1.0,0.0,0.0
2016-02-09,09:46:00,112.839,113.824,112.7,113.824,218350.59999999954,1.0,0.0,0.0
2016-02-09,09:51:00,113.854,114.09200000000001,113.436,113.764,209586.59999999957,1.0,0.0,0.0
2016-02-09,09:56:00,113.814,114.65899999999999,113.814,114.381,230961.39999999962,1.0,0.0,0.0
2016-02-09,10:01:00,114.361,114.391,113.92299999999999,114.023,126853.99999999959,1.0,0.0,0.0
2016-02-09,10:06:00,114.073,114.26100000000001,113.645,113.86399999999999,195055.99999999953,1.0,0.0,0.0
2016-02-09,10:11:00,113.86399999999999,114.20200000000001,113.705,114.102,132070.39999999956,1.0,0.0,0.0
2016-02-09,10:16:00,114.073,114.162,113.794,113.81299999999999,160019.29999999952,1.0,0.0,0.0
2016-02-09,10:21:00,113.821,113.973,113.715,113.774,63739.789999999506,1.0,0.0,0.0
2016-02-09,10:26:00,113.774,113.98299999999999,113.49600000000001,113.595,70764.2299999995,1.0,0.0,0.0
2016-02-09,10:31:00,113.565,113.565,113.06200000000001,113.2,108850.39999999948,1.0,0.0,0.0
2016-02-09,10:36:00,113.197,113.23700000000001,112.87899999999999,112.964,83933.14999999951,1.0,0.0,0.0
2016-02-09,10:41:00,112.97399999999999,113.147,112.531,112.551,85191.9799999995,1.0,0.0,0.0
2016-02-09,10:46:00,112.521,112.571,112.193,112.45100000000001,141858.0999999995,1.0,0.0,0.0
2016-02-09,10:51:00,112.45100000000001,112.662,112.432,112.57600000000001,136336.8999999995,1.0,0.0,0.0
2016-02-09,10:56:00,112.561,112.60600000000001,111.964,112.23299999999999,87655.59999999951,1.0,0.0,0.0
2016-02-09,11:01:00,112.262,112.631,112.163,112.531,82405.77999999952,1.0,0.0,0.0
2016-02-09,11:06:00,112.527,112.527,112.133,112.461,62007.27999999951,1.0,0.0,0.0
2016-02-09,11:11:00,112.461,112.68,112.18299999999999,112.521,126636.78999999953,1.0,0.0,0.0
2016-02-09,11:16:00,112.541,112.71,112.12299999999999,112.14299999999999,84737.55999999955,1.0,0.0,0.0
2016-02-09,11:21:00,112.133,112.432,112.02600000000001,112.39200000000001,46614.00999999956,1.0,0.0,0.0
2016-02-09,11:26:00,112.382,112.929,112.382,112.75,77049.44999999956,1.0,0.0,0.0
2016-02-09,11:31:00,112.79899999999999,112.959,112.66,112.67,93461.30999999952,1.0,0.0,0.0
2016-02-09,11:36:00,112.65,112.73,112.33200000000001,112.432,34478.59999999951,1.0,0.0,0.0
2016-02-09,11:41:00,112.42200000000001,112.531,112.163,112.48299999999999,32920.1699999995,1.0,0.0,0.0
2016-02-09,11:46:00,112.461,112.859,112.45100000000001,112.839,31194.65999999951,1.0,0.0,0.0
2016-02-09,11:51:00,112.863,112.889,112.441,112.561,30127.819999999512,1.0,0.0,0.0
2016-02-09,11:56:00,112.59100000000001,112.59100000000001,112.103,112.292,50543.53999999951,1.0,0.0,0.0
2016-02-09,12:01:00,112.292,112.45100000000001,112.23299999999999,112.39200000000001,35279.01999999951,1.0,0.0,0.0
2016-02-09,12:06:00,112.432,112.499,112.20299999999999,112.486,49020.10999999953,1.0,0.0,0.0
2016-02-09,12:11:00,112.471,112.829,112.432,112.655,53083.36999999951,1.0,0.0,0.0
2016-02-09,12:16:00,112.65799999999999,112.75,112.37200000000001,112.37200000000001,49052.329999999514,1.0,0.0,0.0
2016-02-09,12:21:00,112.36200000000001,112.448,112.20299999999999,112.382,37959.64999999953,1.0,0.0,0.0
2016-02-09,12:26:00,112.402,112.461,112.133,112.292,60368.30999999952,1.0,0.0,0.0
2016-02-09,12:31:00,112.25299999999999,112.501,112.25299999999999,112.25299999999999,36213.13999999952,1.0,0.0,0.0
2016-02-09,12:36:00,112.23299999999999,112.7,112.213,112.62,42153.579999999514,1.0,0.0,0.0
2016-02-09,12:41:00,112.62,112.814,112.45100000000001,112.471,52708.309999999525,1.0,0.0,0.0
2016-02-09,12:46:00,112.441,112.561,112.272,112.34200000000001,40892.66999999952,1.0,0.0,0.0
2016-02-09,12:51:00,112.382,112.471,112.084,112.243,52345.279999999526,1.0,0.0,0.0
2016-02-09,12:56:00,112.262,112.291,112.103,112.14299999999999,31761.739999999518,1.0,0.0,0.0
2016-02-09,13:01:00,112.133,112.382,112.064,112.31200000000001,35556.469999999514,1.0,0.0,0.0
2016-02-09,13:06:00,112.31200000000001,112.352,112.15299999999999,112.292,33213.69999999952,1.0,0.0,0.0
2016-02-09,13:11:00,112.31200000000001,112.31200000000001,111.795,111.944,55728.88999999951,1.0,0.0,0.0
2016-02-09,13:16:00,111.944,111.964,111.735,111.845,32106.649999999496,1.0,0.0,0.0
2016-02-09,13:21:00,111.835,111.92399999999999,111.735,111.865,66232.3499999995,1.0,0.0,0.0
2016-02-09,13:26:00,111.875,112.00399999999999,111.795,111.92399999999999,145434.6999999995,1.0,0.0,0.0
2016-02-09,13:31:00,111.934,112.014,111.825,111.934,90711.2699999995,1.0,0.0,0.0
2016-02-09,13:36:00,111.964,112.064,111.895,112.01899999999999,81994.47999999949,1.0,0.0,0.0
2016-02-09,13:41:00,111.984,112.03399999999999,111.686,111.765,41355.19999999948,1.0,0.0,0.0
2016-02-09,13:46:00,111.795,112.243,111.795,112.024,42124.45999999948,1.0,0.0,0.0
2016-02-09,13:51:00,112.024,112.163,111.865,112.113,67502.24999999948,1.0,0.0,0.0
2016-02-09,13:56:00,112.103,112.193,112.064,112.133,111687.97999999947,1.0,0.0,0.0
2016-02-09,14:01:00,112.15299999999999,112.62,112.12299999999999,112.521,118055.85999999942,1.0,0.0,0.0
2016-02-09,14:06:00,112.541,112.899,112.34200000000001,112.899,135197.59999999945,1.0,0.0,0.0
2016-02-09,14:11:00,112.899,113.12799999999999,112.77,112.79,79431.49999999948,1.0,0.0,0.0
2016-02-09,14:16:00,112.78,113.038,112.74,112.84299999999999,81028.18999999948,1.0,0.0,0.0
2016-02-09,14:21:00,112.84899999999999,113.197,112.81,112.978,133176.59999999948,1.0,0.0,0.0
2016-02-09,14:26:00,112.978,112.99799999999999,112.45100000000001,112.471,69545.41999999949,1.0,0.0,0.0
2016-02-09,14:31:00,112.461,112.72,112.42299999999999,112.65,50973.799999999464,1.0,0.0,0.0
2016-02-09,14:36:00,112.67,112.949,112.56700000000001,112.919,65051.97999999947,1.0,0.0,0.0
2016-02-09,14:41:00,112.949,113.15799999999999,112.929,113.04799999999999,57051.11999999947,1.0,0.0,0.0
2016-02-09,14:46:00,113.07700000000001,113.426,113.008,113.15799999999999,105924.42999999947,1.0,0.0,0.0
2016-02-09,14:51:00,113.15799999999999,113.20100000000001,112.67,112.79,59166.56999999945,1.0,0.0,0.0
2016-02-09,14:56:00,112.81,113.098,112.81,112.949,59707.639999999454,1.0,0.0,0.0
2016-02-09,15:01:00,112.929,113.15799999999999,112.84899999999999,113.15799999999999,76893.66999999947,1.0,0.0,0.0
2016-02-09,15:06:00,113.15799999999999,113.555,113.15799999999999,113.555,116520.39999999947,1.0,0.0,0.0
2016-02-09,15:11:00,113.565,114.053,113.555,113.774,139834.0999999995,1.0,0.0,0.0
2016-02-09,15:16:00,113.779,114.09200000000001,113.635,113.715,76634.29999999951,1.0,0.0,0.0
2016-02-09,15:21:00,113.705,113.804,113.35600000000001,113.575,85810.39999999951,1.0,0.0,0.0
2016-02-09,15:26:00,113.575,113.615,113.21700000000001,113.307,84445.99999999952,1.0,0.0,0.0
2016-02-09,15:31:00,113.307,113.366,113.04799999999999,113.197,123898.79999999952,1.0,0.0,0.0
2016-02-09,15:36:00,113.206,113.346,112.99799999999999,113.346,106508.59999999951,1.0,0.0,0.0
2016-02-09,15:41:00,113.346,113.705,113.257,113.277,151404.2999999995,1.0,0.0,0.0
2016-02-09,15:46:00,113.29700000000001,113.32700000000001,112.929,113.16799999999999,146830.2999999995,1.0,0.0,0.0
2016-02-09,15:51:00,113.15799999999999,113.337,113.10799999999999,113.329,128702.0999999995,1.0,0.0,0.0
2016-02-09,15:56:00,113.31700000000001,113.31700000000001,113.12799999999999,113.21700000000001,131879.4999999995,1.0,0.0,0.0
2016-02-10,09:31:00,113.21700000000001,114.5,113.10799999999999,114.37100000000001,243963.5699999995,1.0,0.0,0.0
2016-02-10,09:36:00,114.381,114.51,113.734,113.95700000000001,116827.09999999951,1.0,0.0,0.0
2016-02-10,09:41:00,113.943,114.63,113.605,114.25200000000001,141583.5999999995,1.0,0.0,0.0
2016-02-10,09:46:00,114.17200000000001,114.311,113.994,114.102,77337.9999999995,1.0,0.0,0.0
2016-02-10,09:51:00,114.03299999999999,114.22200000000001,113.854,114.17200000000001,113534.10999999948,1.0,0.0,0.0
2016-02-10,09:56:00,114.19200000000001,114.361,113.993,114.15700000000001,92227.53999999948,1.0,0.0,0.0
2016-02-10,10:01:00,114.11200000000001,114.59,114.06299999999999,114.29899999999999,80837.21999999949,1.0,0.0,0.0
2016-02-10,10:06:00,114.291,114.749,114.271,114.55,104314.6799999995,1.0,0.0,0.0
2016-02-10,10:11:00,114.609,114.619,114.281,114.55,73741.44999999949,1.0,0.0,0.0
2016-02-10,10:16:00,114.55,114.59,114.281,114.43,55696.729999999494,1.0,0.0,0.0
2016-02-10,10:21:00,114.43,114.988,114.37100000000001,114.96799999999999,105261.91999999947,1.0,0.0,0.0
2016-02-10,10:26:00,114.96799999999999,115.07700000000001,114.898,115.01700000000001,52742.46999999949,1.0,0.0,0.0
2016-02-10,10:31:00,114.988,115.365,114.978,115.296,135863.1999999995,1.0,0.0,0.0
2016-02-10,10:36:00,115.286,115.524,115.147,115.15700000000001,80561.76999999952,1.0,0.0,0.0
2016-02-10,10:41:00,115.16799999999999,115.27600000000001,114.96799999999999,115.01700000000001,85654.50999999954,1.0,0.0,0.0
2016-02-10,10:46:00,115.021,115.10700000000001,114.693,114.749,64160.039999999564,1.0,0.0,0.0
2016-02-10,10:51:00,114.76899999999999,115.057,114.689,114.709,50884.319999999556,1.0,0.0,0.0
2016-02-10,10:56:00,114.719,114.898,114.213,114.348,75165.17999999954,1.0,0.0,0.0
2016-02-10,11:01:00,114.381,114.54,114.20200000000001,114.242,48462.05999999955,1.0,0.0,0.0
2016-02-10,11:06:00,114.24799999999999,114.43,114.066,114.06700000000001,44643.25999999953,1.0,0.0,0.0
2016-02-10,11:11:00,114.03299999999999,114.17200000000001,113.655,113.742,88470.89999999951,1.0,0.0,0.0
2016-02-10,11:16:00,113.715,113.98299999999999,113.655,113.655,41929.3799999995,1.0,0.0,0.0
2016-02-10,11:21:00,113.655,114.22399999999999,113.60600000000001,114.053,76035.00999999951,1.0,0.0,0.0
2016-02-10,11:26:00,114.073,114.301,113.904,113.93299999999999,127922.76999999951,1.0,0.0,0.0
2016-02-10,11:31:00,113.904,114.26100000000001,113.824,114.26100000000001,60678.919999999474,1.0,0.0,0.0
2016-02-10,11:36:00,114.23200000000001,114.23200000000001,113.95299999999999,114.06299999999999,29837.229999999476,1.0,0.0,0.0
2016-02-10,11:41:00,114.053,114.053,113.486,113.59,62863.92999999948,1.0,0.0,0.0
2016-02-10,11:46:00,113.605,113.794,113.476,113.506,70146.79999999948,1.0,0.0,0.0
2016-02-10,11:51:00,113.486,113.844,113.429,113.774,96061.5299999995,1.0,0.0,0.0
2016-02-10,11:56:00,113.774,114.088,113.75399999999999,114.01299999999999,77563.16999999949,1.0,0.0,0.0
2016-02-10,12:01:00,113.993,114.04299999999999,113.794,113.814,26062.589999999487,1.0,0.0,0.0
2016-02-10,12:06:00,113.804,113.814,113.476,113.525,41075.689999999486,1.0,0.0,0.0
2016-02-10,12:11:00,113.525,113.962,113.488,113.919,25211.909999999483,1.0,0.0,0.0
2016-02-10,12:16:00,113.93299999999999,114.03299999999999,113.645,113.734,37864.16999999948,1.0,0.0,0.0
2016-02-10,12:21:00,113.734,114.08200000000001,113.555,114.037,39046.55999999949,1.0,0.0,0.0
2016-02-10,12:26:00,114.06299999999999,114.102,113.904,113.98299999999999,20081.859999999484,1.0,0.0,0.0
2016-02-10,12:31:00,113.97200000000001,114.25200000000001,113.97200000000001,114.212,28669.829999999478,1.0,0.0,0.0
2016-02-10,12:36:00,114.182,114.212,113.95299999999999,114.17200000000001,27325.49799999948,1.0,0.0,0.0
2016-02-10,12:41:00,114.17200000000001,114.44,114.09200000000001,114.421,43323.97999999948,1.0,0.0,0.0
2016-02-10,12:46:00,114.43,114.5,114.321,114.40100000000001,21973.209999999483,1.0,0.0,0.0
2016-02-10,12:51:00,114.399,114.45,114.281,114.391,30841.749999999483,1.0,0.0,0.0
2016-02-10,12:56:00,114.43,114.44,114.14200000000001,114.18299999999999,31698.41999999949,1.0,0.0,0.0
2016-02-10,13:01:00,114.167,114.5,114.14200000000001,114.351,47499.85999999948,1.0,0.0,0.0
2016-02-10,13:06:00,114.376,114.669,114.331,114.619,34447.43999999948,1.0,0.0,0.0
2016-02-10,13:11:00,114.6,114.65899999999999,114.43,114.63,26247.57999999948,1.0,0.0,0.0
2016-02-10,13:16:00,114.639,114.65899999999999,114.391,114.49,27309.39999999948,1.0,0.0,0.0
2016-02-10,13:21:00,114.52,114.649,114.48,114.6,36081.37999999948,1.0,0.0,0.0
2016-02-10,13:26:00,114.59,114.59,114.19200000000001,114.311,39385.49999999948,1.0,0.0,0.0
2016-02-10,13:31:00,114.311,114.421,114.22200000000001,114.361,29468.20999999948,1.0,0.0,0.0
2016-02-10,13:36:00,114.331,114.345,114.09299999999999,114.22200000000001,35146.289999999484,1.0,0.0,0.0
2016-02-10,13:41:00,114.212,114.47,114.212,114.45,36121.569999999476,1.0,0.0,0.0
2016-02-10,13:46:00,114.421,114.65899999999999,114.391,114.56,48432.97999999947,1.0,0.0,0.0
2016-02-10,13:51:00,114.56,114.639,114.381,114.432,26975.559999999474,1.0,0.0,0.0
2016-02-10,13:56:00,114.43,114.48,114.152,114.19200000000001,43423.58999999949,1.0,0.0,0.0
2016-02-10,14:01:00,114.182,114.52,114.17200000000001,114.47,25876.5599999995,1.0,0.0,0.0
2016-02-10,14:06:00,114.48,114.649,114.351,114.544,49445.5099999995,1.0,0.0,0.0
2016-02-10,14:11:00,114.57,114.68700000000001,114.48,114.669,42371.839999999494,1.0,0.0,0.0
2016-02-10,14:16:00,114.663,114.689,114.38600000000001,114.391,48158.489999999496,1.0,0.0,0.0
2016-02-10,14:21:00,114.381,114.619,114.381,114.48200000000001,39624.73999999949,1.0,0.0,0.0
2016-02-10,14:26:00,114.48,114.52,114.291,114.381,36592.199999999495,1.0,0.0,0.0
2016-02-10,14:31:00,114.40100000000001,114.749,114.384,114.679,51390.07999999949,1.0,0.0,0.0
2016-02-10,14:36:00,114.679,114.709,114.45,114.48,29771.869999999482,1.0,0.0,0.0
2016-02-10,14:41:00,114.48,114.55,114.08200000000001,114.09700000000001,65587.7999999995,1.0,0.0,0.0
2016-02-10,14:46:00,114.09299999999999,114.281,114.053,114.14200000000001,38674.59999999949,1.0,0.0,0.0
2016-02-10,14:51:00,114.14200000000001,114.17200000000001,113.95299999999999,114.06200000000001,45351.09999999949,1.0,0.0,0.0
2016-02-10,14:56:00,114.06299999999999,114.26100000000001,114.00299999999999,114.19200000000001,57724.869999999486,1.0,0.0,0.0
2016-02-10,15:01:00,114.162,114.391,114.06299999999999,114.354,69274.03999999948,1.0,0.0,0.0
2016-02-10,15:06:00,114.381,114.689,114.311,114.55,62199.279999999504,1.0,0.0,0.0
2016-02-10,15:11:00,114.56,114.61,114.336,114.40100000000001,59474.35999999949,1.0,0.0,0.0
2016-02-10,15:16:00,114.40100000000001,114.411,113.844,113.86399999999999,84592.7799999995,1.0,0.0,0.0
2016-02-10,15:21:00,113.86399999999999,114.01299999999999,113.75399999999999,114.005,78719.59999999951,1.0,0.0,0.0
2016-02-10,15:26:00,113.993,114.09200000000001,113.814,113.98299999999999,65602.89999999953,1.0,0.0,0.0
2016-02-10,15:31:00,114.00299999999999,114.04299999999999,113.565,113.824,79776.39999999953,1.0,0.0,0.0
2016-02-10,15:36:00,113.804,113.92299999999999,113.545,113.545,87495.69999999952,1.0,0.0,0.0
2016-02-10,15:41:00,113.545,113.804,113.446,113.525,113864.89999999951,1.0,0.0,0.0
2016-02-10,15:46:00,113.486,113.904,113.486,113.764,159613.1999999995,1.0,0.0,0.0
2016-02-10,15:51:00,113.774,113.904,113.555,113.585,125652.39999999946,1.0,0.0,0.0
2016-02-10,15:56:00,113.595,113.824,113.585,113.695,127830.29999999944,1.0,0.0,0.0
2016-02-11,09:31:00,113.685,113.814,112.14299999999999,112.39200000000001,154402.73799999937,1.0,0.0,0.0
2016-02-11,09:36:00,112.461,113.12799999999999,112.31200000000001,112.77,136524.90399999937,1.0,0.0,0.0
2016-02-11,09:41:00,112.79,113.38600000000001,112.64,112.64,158148.0999999994,1.0,0.0,0.0
2016-02-11,09:46:00,112.66,113.18700000000001,112.631,112.919,176727.6999999994,1.0,0.0,0.0
2016-02-11,09:51:00,112.919,113.13799999999999,112.382,112.62,74474.38999999942,1.0,0.0,0.0
2016-02-11,09:56:00,112.62,112.839,112.39200000000001,112.736,99194.6999999994,1.0,0.0,0.0
2016-02-11,10:01:00,112.839,113.337,112.819,113.008,94243.4499999994,1.0,0.0,0.0
2016-02-11,10:06:00,113.008,113.307,112.723,113.16799999999999,76612.19999999942,1.0,0.0,0.0
2016-02-11,10:11:00,113.196,113.23700000000001,112.59100000000001,112.639,57101.35999999941,1.0,0.0,0.0
2016-02-11,10:16:00,112.631,112.939,112.39200000000001,112.461,66927.04999999942,1.0,0.0,0.0
2016-02-11,10:21:00,112.484,112.611,112.28200000000001,112.33200000000001,54367.46999999942,1.0,0.0,0.0
2016-02-11,10:26:00,112.292,112.839,112.292,112.402,64139.88999999943,1.0,0.0,0.0
2016-02-11,10:31:00,112.441,112.69,112.352,112.382,86449.99999999943,1.0,0.0,0.0
2016-02-11,10:36:00,112.38,112.72,112.352,112.69,65915.71999999943,1.0,0.0,0.0
2016-02-11,10:41:00,112.67,112.75,112.39200000000001,112.501,111416.49999999945,1.0,0.0,0.0
2016-02-11,10:46:00,112.501,112.57,112.322,112.542,84105.08999999944,1.0,0.0,0.0
2016-02-11,10:51:00,112.56700000000001,112.869,112.34200000000001,112.352,78309.45999999944,1.0,0.0,0.0
2016-02-11,10:56:00,112.37200000000001,112.441,112.15299999999999,112.292,43301.86999999944,1.0,0.0,0.0
2016-02-11,11:01:00,112.301,112.501,111.994,112.46600000000001,110339.55999999944,1.0,0.0,0.0
2016-02-11,11:06:00,112.463,112.52,112.103,112.322,76430.11999999947,1.0,0.0,0.0
2016-02-11,11:11:00,112.322,112.461,112.04700000000001,112.09899999999999,79656.79999999946,1.0,0.0,0.0
2016-02-11,11:16:00,112.074,112.113,111.735,111.815,81539.08999999949,1.0,0.0,0.0
2016-02-11,11:21:00,111.775,112.213,111.715,112.12299999999999,37960.70999999949,1.0,0.0,0.0
2016-02-11,11:26:00,112.137,112.23299999999999,111.875,112.00200000000001,38487.56999999948,1.0,0.0,0.0
2016-02-11,11:31:00,112.00399999999999,112.103,111.662,111.725,50532.37999999948,1.0,0.0,0.0
2016-02-11,11:36:00,111.73,111.865,111.596,111.686,67631.91999999947,1.0,0.0,0.0
2016-02-11,11:41:00,111.715,112.193,111.686,112.193,42877.629999999466,1.0,0.0,0.0
2016-02-11,11:46:00,112.212,112.42200000000001,112.133,112.18299999999999,52975.78999999946,1.0,0.0,0.0
2016-02-11,11:51:00,112.17399999999999,112.17399999999999,111.906,112.064,32105.649999999456,1.0,0.0,0.0
2016-02-11,11:56:00,112.084,112.402,112.084,112.34200000000001,38849.56999999947,1.0,0.0,0.0
2016-02-11,12:01:00,112.352,112.352,112.074,112.113,23221.03999999947,1.0,0.0,0.0
2016-02-11,12:06:00,112.113,112.67,112.113,112.67,47573.209999999475,1.0,0.0,0.0
2016-02-11,12:11:00,112.69,112.81,112.581,112.67,110364.70999999948,1.0,0.0,0.0
2016-02-11,12:16:00,112.68,112.859,112.432,112.441,90508.09999999947,1.0,0.0,0.0
2016-02-11,12:21:00,112.461,112.461,112.09299999999999,112.302,49683.809999999474,1.0,0.0,0.0
2016-02-11,12:26:00,112.34100000000001,112.745,112.23299999999999,112.69,41292.909999999465,1.0,0.0,0.0
2016-02-11,12:31:00,112.71,112.76,112.223,112.34200000000001,45535.07999999947,1.0,0.0,0.0
2016-02-11,12:36:00,112.33200000000001,112.461,112.193,112.382,40425.169999999474,1.0,0.0,0.0
2016-02-11,12:41:00,112.37299999999999,112.45100000000001,112.184,112.31200000000001,42112.31999999948,1.0,0.0,0.0
2016-02-11,12:46:00,112.302,112.412,112.25299999999999,112.37200000000001,34948.219999999485,1.0,0.0,0.0
2016-02-11,12:51:00,112.37700000000001,112.69,112.262,112.611,84531.44999999947,1.0,0.0,0.0
2016-02-11,12:56:00,112.631,112.84899999999999,112.531,112.67,47593.32999999948,1.0,0.0,0.0
2016-02-11,13:01:00,112.69,112.87899999999999,112.48100000000001,112.81,67498.25999999947,1.0,0.0,0.0
2016-02-11,13:06:00,112.79899999999999,112.969,112.541,112.571,72932.88999999948,1.0,0.0,0.0
2016-02-11,13:11:00,112.605,112.919,112.471,112.81,53739.95999999948,1.0,0.0,0.0
2016-02-11,13:16:00,112.78,112.939,112.64,112.72,24095.82999999948,1.0,0.0,0.0
2016-02-11,13:21:00,112.757,113.18700000000001,112.611,113.098,50070.87999999948,1.0,0.0,0.0
2016-02-11,13:26:00,113.07799999999999,113.16799999999999,112.99799999999999,113.09700000000001,80700.47999999949,1.0,0.0,0.0
2016-02-11,13:31:00,113.07799999999999,113.088,112.601,112.77,41199.39999999947,1.0,0.0,0.0
2016-02-11,13:36:00,112.77600000000001,112.869,112.531,112.561,46368.66999999946,1.0,0.0,0.0
2016-02-11,13:41:00,112.555,112.588,112.31200000000001,112.412,80073.04999999946,1.0,0.0,0.0
2016-02-11,13:46:00,112.441,112.571,112.302,112.52600000000001,66285.57999999946,1.0,0.0,0.0
2016-02-11,13:51:00,112.51100000000001,112.601,112.432,112.471,32316.789999999466,1.0,0.0,0.0
2016-02-11,13:56:00,112.491,112.67,112.432,112.541,43636.69999999946,1.0,0.0,0.0
2016-02-11,14:01:00,112.551,112.601,112.243,112.36200000000001,67307.12999999947,1.0,0.0,0.0
2016-02-11,14:06:00,112.382,112.611,112.36,112.521,41716.229999999465,1.0,0.0,0.0
2016-02-11,14:11:00,112.521,112.64,112.441,112.525,27832.21999999945,1.0,0.0,0.0
2016-02-11,14:16:00,112.51100000000001,112.541,112.33200000000001,112.39200000000001,42715.68999999945,1.0,0.0,0.0
2016-02-11,14:21:00,112.42200000000001,112.432,111.954,112.163,75678.99999999945,1.0,0.0,0.0
2016-02-11,14:26:00,112.175,112.302,111.875,112.054,67440.93999999943,1.0,0.0,0.0
2016-02-11,14:31:00,112.064,112.103,111.805,111.934,106300.59999999944,1.0,0.0,0.0
2016-02-11,14:36:00,111.93,112.18299999999999,111.745,111.765,57863.53999999944,1.0,0.0,0.0
2016-02-11,14:41:00,111.76799999999999,112.72,111.745,112.441,130108.72999999943,1.0,0.0,0.0
2016-02-11,14:46:00,112.441,112.959,112.272,112.829,105629.89999999943,1.0,0.0,0.0
2016-02-11,14:51:00,112.836,113.26700000000001,112.67,113.24700000000001,112743.69999999943,1.0,0.0,0.0
2016-02-11,14:56:00,113.23700000000001,113.565,113.01799999999999,113.197,89099.35999999942,1.0,0.0,0.0
2016-02-11,15:01:00,113.177,113.38600000000001,112.59100000000001,112.71,145344.09999999942,1.0,0.0,0.0
2016-02-11,15:06:00,112.71799999999999,112.939,112.521,112.561,91487.49999999945,1.0,0.0,0.0
2016-02-11,15:11:00,112.561,112.855,112.352,112.819,110143.39999999946,1.0,0.0,0.0
2016-02-11,15:16:00,112.819,113.12799999999999,112.541,112.65,96369.29999999945,1.0,0.0,0.0
2016-02-11,15:21:00,112.62799999999999,112.919,112.471,112.51100000000001,69185.53999999944,1.0,0.0,0.0
2016-02-11,15:26:00,112.52600000000001,112.919,112.52600000000001,112.819,64891.929999999455,1.0,0.0,0.0
2016-02-11,15:31:00,112.839,113.01799999999999,112.62,112.76,116718.49999999946,1.0,0.0,0.0
2016-02-11,15:36:00,112.79,113.147,112.74,113.09899999999999,83122.79999999946,1.0,0.0,0.0
2016-02-11,15:41:00,113.118,113.353,113.04799999999999,113.212,109088.79999999945,1.0,0.0,0.0
2016-02-11,15:46:00,113.197,113.32700000000001,112.83,112.869,118266.99999999946,1.0,0.0,0.0
2016-02-11,15:51:00,112.869,113.177,112.81,112.98899999999999,121333.69999999952,1.0,0.0,0.0
2016-02-11,15:56:00,112.98899999999999,113.10799999999999,112.75,112.84899999999999,147282.79999999952,1.0,0.0,0.0
2016-02-12,09:31:00,112.859,114.25200000000001,112.531,114.25200000000001,224199.58249999955,1.0,0.0,0.0
2016-02-12,09:36:00,114.25200000000001,114.25200000000001,113.426,113.705,146537.66699999955,1.0,0.0,0.0
2016-02-12,09:41:00,113.655,113.814,113.337,113.525,95488.39999999954,1.0,0.0,0.0
2016-02-12,09:46:00,113.595,113.814,113.406,113.565,57030.949999999546,1.0,0.0,0.0
2016-02-12,09:51:00,113.535,113.665,113.376,113.456,92109.89999999953,1.0,0.0,0.0
2016-02-12,09:56:00,113.456,113.695,113.277,113.29700000000001,87449.39999999951,1.0,0.0,0.0
2016-02-12,10:01:00,113.337,113.346,112.899,113.088,52089.06999999952,1.0,0.0,0.0
2016-02-12,10:06:00,113.07799999999999,113.565,112.98899999999999,113.346,69874.21999999952,1.0,0.0,0.0
2016-02-12,10:11:00,113.346,113.705,113.21700000000001,113.446,52557.51999999951,1.0,0.0,0.0
2016-02-12,10:16:00,113.366,113.86399999999999,113.346,113.715,69217.7499999995,1.0,0.0,0.0
2016-02-12,10:21:00,113.75399999999999,114.271,113.665,114.20200000000001,104340.89999999951,1.0,0.0,0.0
2016-02-12,10:26:00,114.182,114.53399999999999,114.154,114.46,92502.09999999953,1.0,0.0,0.0
2016-02-12,10:31:00,114.44,114.61,114.11200000000001,114.281,124884.22999999952,1.0,0.0,0.0
2016-02-12,10:36:00,114.287,114.421,114.01299999999999,114.023,53353.93999999954,1.0,0.0,0.0
2016-02-12,10:41:00,114.036,114.149,113.884,113.963,43309.91999999953,1.0,0.0,0.0
2016-02-12,10:46:00,114.00299999999999,114.132,113.86399999999999,113.947,58351.17999999953,1.0,0.0,0.0
2016-02-12,10:51:00,113.963,114.20200000000001,113.874,114.073,47687.83999999954,1.0,0.0,0.0
2016-02-12,10:56:00,114.08200000000001,114.12200000000001,113.764,113.78399999999999,49837.61999999952,1.0,0.0,0.0
2016-02-12,11:01:00,113.794,113.97200000000001,113.715,113.854,62726.23999999954,1.0,0.0,0.0
2016-02-12,11:06:00,113.884,114.12200000000001,113.86200000000001,114.09200000000001,116804.03999999953,1.0,0.0,0.0
2016-02-12,11:11:00,114.09200000000001,114.40100000000001,114.09200000000001,114.271,56208.459999999526,1.0,0.0,0.0
2016-02-12,11:16:00,114.281,115.01700000000001,114.23200000000001,114.838,94330.98999999953,1.0,0.0,0.0
2016-02-12,11:21:00,114.868,115.01700000000001,114.729,114.809,64385.19999999952,1.0,0.0,0.0
2016-02-12,11:26:00,114.818,115.196,114.809,115.117,74049.11999999952,1.0,0.0,0.0
2016-02-12,11:31:00,115.12700000000001,115.236,115.057,115.08200000000001,78126.3999999995,1.0,0.0,0.0
2016-02-12,11:36:00,115.10700000000001,115.256,114.99700000000001,114.999,59301.40999999952,1.0,0.0,0.0
2016-02-12,11:41:00,114.99700000000001,115.07700000000001,114.948,114.99700000000001,28044.419999999507,1.0,0.0,0.0
2016-02-12,11:46:00,114.99700000000001,115.117,114.93799999999999,115.09700000000001,49463.53999999951,1.0,0.0,0.0
2016-02-12,11:51:00,115.087,115.12700000000001,114.79899999999999,114.809,39726.34999999952,1.0,0.0,0.0
2016-02-12,11:56:00,114.809,114.838,114.52,114.619,29999.109999999506,1.0,0.0,0.0
2016-02-12,12:01:00,114.639,114.738,114.51,114.595,28574.34999999952,1.0,0.0,0.0
2016-02-12,12:06:00,114.58,114.689,114.321,114.63,45165.06999999951,1.0,0.0,0.0
2016-02-12,12:11:00,114.63799999999999,114.649,114.51,114.53,30676.81999999951,1.0,0.0,0.0
2016-02-12,12:16:00,114.5,114.809,114.48,114.68799999999999,36971.2699999995,1.0,0.0,0.0
2016-02-12,12:21:00,114.699,114.759,114.46,114.57,45445.619999999515,1.0,0.0,0.0
2016-02-12,12:26:00,114.575,114.709,114.49,114.679,44655.29999999952,1.0,0.0,0.0
2016-02-12,12:31:00,114.689,114.838,114.669,114.684,34183.00999999953,1.0,0.0,0.0
2016-02-12,12:36:00,114.65899999999999,114.76899999999999,114.61,114.649,46272.20999999952,1.0,0.0,0.0
2016-02-12,12:41:00,114.65899999999999,114.93799999999999,114.65899999999999,114.838,41229.619999999515,1.0,0.0,0.0
2016-02-12,12:46:00,114.79899999999999,114.99700000000001,114.76899999999999,114.898,25568.879999999514,1.0,0.0,0.0
2016-02-12,12:51:00,114.898,114.958,114.779,114.794,25778.02999999952,1.0,0.0,0.0
2016-02-12,12:56:00,114.779,114.90799999999999,114.71799999999999,114.759,36200.07999999952,1.0,0.0,0.0
2016-02-12,13:01:00,114.759,114.868,114.65899999999999,114.848,48157.429999999535,1.0,0.0,0.0
2016-02-12,13:06:00,114.85799999999999,114.85799999999999,114.51,114.54,40888.70999999951,1.0,0.0,0.0
2016-02-12,13:11:00,114.53,114.65899999999999,114.34100000000001,114.63,121103.4399999995,1.0,0.0,0.0
2016-02-12,13:16:00,114.61,114.649,114.351,114.37100000000001,73343.19999999949,1.0,0.0,0.0
2016-02-12,13:21:00,114.381,114.52,114.361,114.47,76871.63999999948,1.0,0.0,0.0
2016-02-12,13:26:00,114.479,114.51,114.25200000000001,114.37100000000001,31493.259999999485,1.0,0.0,0.0
2016-02-12,13:31:00,114.40299999999999,114.649,114.381,114.53,34187.01999999948,1.0,0.0,0.0
2016-02-12,13:36:00,114.53,114.709,114.44,114.669,25018.86999999948,1.0,0.0,0.0
2016-02-12,13:41:00,114.649,114.85799999999999,114.61,114.719,29100.18999999947,1.0,0.0,0.0
2016-02-12,13:46:00,114.76899999999999,114.90799999999999,114.759,114.838,17144.779999999475,1.0,0.0,0.0
2016-02-12,13:51:00,114.85799999999999,114.868,114.649,114.669,60480.82999999947,1.0,0.0,0.0
2016-02-12,13:56:00,114.698,114.699,114.48,114.53,33887.379999999466,1.0,0.0,0.0
2016-02-12,14:01:00,114.53,114.639,114.5,114.52,47631.59999999948,1.0,0.0,0.0
2016-02-12,14:06:00,114.5,114.669,114.48,114.53200000000001,45792.46999999948,1.0,0.0,0.0
2016-02-12,14:11:00,114.545,114.884,114.46,114.838,80206.73999999947,1.0,0.0,0.0
2016-02-12,14:16:00,114.818,115.09700000000001,114.729,115.007,41609.68999999946,1.0,0.0,0.0
2016-02-12,14:21:00,114.99700000000001,115.04700000000001,114.838,114.93799999999999,56038.509999999456,1.0,0.0,0.0
2016-02-12,14:26:00,114.96799999999999,115.06700000000001,114.87799999999999,115.016,47233.389999999454,1.0,0.0,0.0
2016-02-12,14:31:00,115.037,115.206,115.027,115.12700000000001,41870.02999999945,1.0,0.0,0.0
2016-02-12,14:36:00,115.137,115.166,114.958,114.96799999999999,30323.879999999444,1.0,0.0,0.0
2016-02-12,14:41:00,114.96799999999999,115.07700000000001,114.868,115.027,36063.28999999945,1.0,0.0,0.0
2016-02-12,14:46:00,115.027,115.266,115.007,115.12700000000001,45394.349999999446,1.0,0.0,0.0
2016-02-12,14:51:00,115.087,115.27600000000001,115.06700000000001,115.236,50204.679999999455,1.0,0.0,0.0
2016-02-12,14:56:00,115.24600000000001,115.425,115.226,115.374,72020.00999999946,1.0,0.0,0.0
2016-02-12,15:01:00,115.395,115.405,115.286,115.385,87167.79999999946,1.0,0.0,0.0
2016-02-12,15:06:00,115.395,115.634,115.32600000000001,115.527,103176.39999999947,1.0,0.0,0.0
2016-02-12,15:11:00,115.539,115.634,115.465,115.574,57187.93999999948,1.0,0.0,0.0
2016-02-12,15:16:00,115.574,115.64399999999999,115.515,115.524,59365.75999999947,1.0,0.0,0.0
2016-02-12,15:21:00,115.535,115.624,115.515,115.535,55655.40999999948,1.0,0.0,0.0
2016-02-12,15:26:00,115.535,115.574,115.385,115.435,71895.32999999948,1.0,0.0,0.0
2016-02-12,15:31:00,115.43,115.634,115.385,115.465,62721.13999999949,1.0,0.0,0.0
2016-02-12,15:36:00,115.46,115.485,115.24600000000001,115.333,49997.50999999949,1.0,0.0,0.0
2016-02-12,15:41:00,115.345,115.345,115.236,115.24,50992.019999999495,1.0,0.0,0.0
2016-02-12,15:46:00,115.23899999999999,115.694,115.166,115.64399999999999,119894.8999999995,1.0,0.0,0.0
2016-02-12,15:51:00,115.652,115.654,115.524,115.524,100311.8999999995,1.0,0.0,0.0
2016-02-12,15:56:00,115.535,115.773,115.455,115.75299999999999,136610.39999999953,1.0,0.0,0.0
2016-02-16,09:31:00,115.75299999999999,118.259,115.594,118.13,216718.45999999958,1.0,0.0,0.0
2016-02-16,09:36:00,118.031,119.214,117.742,118.881,501546.29999999964,1.0,0.0,0.0
2016-02-16,09:41:00,118.866,119.025,117.919,117.964,259782.09999999966,1.0,0.0,0.0
2016-02-16,09:46:00,117.991,118.62799999999999,117.931,117.976,131968.89999999964,1.0,0.0,0.0
2016-02-16,09:51:00,118.041,118.23,117.911,118.031,85388.19999999966,1.0,0.0,0.0
2016-02-16,09:56:00,118.037,118.041,117.523,117.852,98040.29999999967,1.0,0.0,0.0
2016-02-16,10:01:00,117.84200000000001,117.89200000000001,117.50399999999999,117.815,99971.85999999965,1.0,0.0,0.0
2016-02-16,10:06:00,117.83200000000001,118.08,117.603,117.742,98899.09999999966,1.0,0.0,0.0
2016-02-16,10:11:00,117.723,117.84200000000001,117.50399999999999,117.762,111014.19999999966,1.0,0.0,0.0
2016-02-16,10:16:00,117.807,117.84200000000001,117.603,117.713,85783.29999999964,1.0,0.0,0.0
2016-02-16,10:21:00,117.693,117.941,117.64299999999999,117.70299999999999,86298.97999999963,1.0,0.0,0.0
2016-02-16,10:26:00,117.693,117.762,117.404,117.464,83337.89999999962,1.0,0.0,0.0
2016-02-16,10:31:00,117.47399999999999,117.553,117.07600000000001,117.397,102157.83999999962,1.0,0.0,0.0
2016-02-16,10:36:00,117.39399999999999,117.84200000000001,117.335,117.723,100099.61999999962,1.0,0.0,0.0
2016-02-16,10:41:00,117.723,117.90100000000001,117.65299999999999,117.822,59026.969999999616,1.0,0.0,0.0
2016-02-16,10:46:00,117.814,118.031,117.78200000000001,117.822,86837.08999999962,1.0,0.0,0.0
2016-02-16,10:51:00,117.83200000000001,117.852,117.65299999999999,117.852,78500.48999999963,1.0,0.0,0.0
2016-02-16,10:56:00,117.837,117.86200000000001,117.494,117.53399999999999,62892.99999999961,1.0,0.0,0.0
2016-02-16,11:01:00,117.54799999999999,117.573,117.374,117.494,90309.12999999961,1.0,0.0,0.0
2016-02-16,11:06:00,117.48700000000001,117.62299999999999,117.275,117.305,67095.0099999996,1.0,0.0,0.0
2016-02-16,11:11:00,117.305,117.454,117.175,117.255,68970.3999999996,1.0,0.0,0.0
2016-02-16,11:16:00,117.275,117.36399999999999,117.056,117.10600000000001,79926.29999999961,1.0,0.0,0.0
2016-02-16,11:21:00,117.086,117.68299999999999,117.046,117.65299999999999,89246.3199999996,1.0,0.0,0.0
2016-02-16,11:26:00,117.65299999999999,117.68299999999999,117.454,117.633,44447.209999999606,1.0,0.0,0.0
2016-02-16,11:31:00,117.62299999999999,117.70299999999999,117.56299999999999,117.70299999999999,56911.34999999961,1.0,0.0,0.0
2016-02-16,11:36:00,117.723,117.792,117.573,117.75200000000001,45025.34999999963,1.0,0.0,0.0
2016-02-16,11:41:00,117.762,117.971,117.742,117.87200000000001,41005.35999999963,1.0,0.0,0.0
2016-02-16,11:46:00,117.89200000000001,118.06,117.89200000000001,117.921,36785.28999999963,1.0,0.0,0.0
2016-02-16,11:51:00,117.941,117.98100000000001,117.802,117.822,28738.209999999628,1.0,0.0,0.0
2016-02-16,11:56:00,117.822,118.14,117.822,118.071,40831.33999999963,1.0,0.0,0.0
2016-02-16,12:01:00,118.08,118.226,118.041,118.181,51062.339999999625,1.0,0.0,0.0
2016-02-16,12:06:00,118.19,118.49799999999999,118.16,118.37899999999999,68944.15999999961,1.0,0.0,0.0
2016-02-16,12:11:00,118.389,118.538,118.37899999999999,118.51799999999999,56971.67999999961,1.0,0.0,0.0
2016-02-16,12:16:00,118.538,118.55799999999999,118.40899999999999,118.47200000000001,33770.7399999996,1.0,0.0,0.0
2016-02-16,12:21:00,118.49799999999999,118.62799999999999,118.429,118.598,51824.5799999996,1.0,0.0,0.0
2016-02-16,12:26:00,118.60799999999999,118.896,118.598,118.807,54458.88999999961,1.0,0.0,0.0
2016-02-16,12:31:00,118.79700000000001,118.956,118.757,118.89200000000001,44688.43999999961,1.0,0.0,0.0
2016-02-16,12:36:00,118.876,118.926,118.777,118.787,42103.2899999996,1.0,0.0,0.0
2016-02-16,12:41:00,118.777,118.787,118.588,118.609,44770.919999999605,1.0,0.0,0.0
2016-02-16,12:46:00,118.62799999999999,118.74700000000001,118.6,118.697,56714.22999999962,1.0,0.0,0.0
2016-02-16,12:51:00,118.697,118.73700000000001,118.55799999999999,118.667,53396.08999999962,1.0,0.0,0.0
2016-02-16,12:56:00,118.647,119.065,118.598,119.035,59275.27999999962,1.0,0.0,0.0
2016-02-16,13:01:00,119.051,119.244,119.025,119.234,48374.619999999624,1.0,0.0,0.0
2016-02-16,13:06:00,119.244,119.34299999999999,119.164,119.234,67806.88999999964,1.0,0.0,0.0
2016-02-16,13:11:00,119.204,119.304,119.115,119.194,41875.049999999625,1.0,0.0,0.0
2016-02-16,13:16:00,119.204,119.34299999999999,119.17399999999999,119.244,80883.47999999962,1.0,0.0,0.0
2016-02-16,13:21:00,119.234,119.34299999999999,119.234,119.28399999999999,45404.37999999961,1.0,0.0,0.0
2016-02-16,13:26:00,119.304,119.334,119.194,119.194,37026.55999999961,1.0,0.0,0.0
2016-02-16,13:31:00,119.215,119.262,118.936,119.115,52196.48999999961,1.0,0.0,0.0
2016-02-16,13:36:00,119.105,119.249,119.055,119.105,58306.949999999626,1.0,0.0,0.0
2016-02-16,13:41:00,119.12899999999999,119.12899999999999,118.82600000000001,118.846,43966.60999999962,1.0,0.0,0.0
2016-02-16,13:46:00,118.867,118.906,118.824,118.846,55338.71999999962,1.0,0.0,0.0
2016-02-16,13:51:00,118.82600000000001,118.866,118.777,118.777,60978.66999999962,1.0,0.0,0.0
2016-02-16,13:56:00,118.777,118.985,118.777,118.882,76889.59999999963,1.0,0.0,0.0
2016-02-16,14:01:00,118.896,118.926,118.807,118.846,57314.52999999962,1.0,0.0,0.0
2016-02-16,14:06:00,118.846,119.045,118.807,118.896,62807.63999999962,1.0,0.0,0.0
2016-02-16,14:11:00,118.866,119.075,118.787,119.015,86931.50999999963,1.0,0.0,0.0
2016-02-16,14:16:00,119.005,119.085,118.946,119.065,26708.10999999963,1.0,0.0,0.0
2016-02-16,14:21:00,119.085,119.135,118.946,119.095,55108.45999999963,1.0,0.0,0.0
2016-02-16,14:26:00,119.085,119.14,118.896,118.916,43122.909999999625,1.0,0.0,0.0
2016-02-16,14:31:00,118.896,119.204,118.85600000000001,119.075,39458.879999999626,1.0,0.0,0.0
2016-02-16,14:36:00,119.065,119.095,118.71700000000001,118.73100000000001,99937.68999999961,1.0,0.0,0.0
2016-02-16,14:41:00,118.70700000000001,118.73700000000001,118.508,118.568,71593.70999999963,1.0,0.0,0.0
2016-02-16,14:46:00,118.568,118.78299999999999,118.51799999999999,118.677,59711.65999999962,1.0,0.0,0.0
2016-02-16,14:51:00,118.617,118.677,118.478,118.538,42103.359999999615,1.0,0.0,0.0
2016-02-16,14:56:00,118.54799999999999,118.59299999999999,118.399,118.412,75308.96999999962,1.0,0.0,0.0
2016-02-16,15:01:00,118.399,118.46799999999999,118.369,118.449,55423.16999999963,1.0,0.0,0.0
2016-02-16,15:06:00,118.449,118.46799999999999,118.34899999999999,118.429,82273.07999999961,1.0,0.0,0.0
2016-02-16,15:11:00,118.40899999999999,118.508,118.34899999999999,118.478,41376.34999999962,1.0,0.0,0.0
2016-02-16,15:16:00,118.449,118.52799999999999,118.389,118.488,89865.64999999962,1.0,0.0,0.0
2016-02-16,15:21:00,118.49799999999999,118.568,118.43799999999999,118.478,46377.70999999961,1.0,0.0,0.0
2016-02-16,15:26:00,118.46799999999999,118.73700000000001,118.429,118.69200000000001,128966.51999999963,1.0,0.0,0.0
2016-02-16,15:31:00,118.678,118.836,118.598,118.727,97398.85999999961,1.0,0.0,0.0
2016-02-16,15:36:00,118.71700000000001,118.787,118.637,118.73700000000001,71858.0999999996,1.0,0.0,0.0
2016-02-16,15:41:00,118.727,118.85600000000001,118.59299999999999,118.598,130953.29999999962,1.0,0.0,0.0
2016-02-16,15:46:00,118.60799999999999,118.68700000000001,118.52799999999999,118.55799999999999,139935.59999999963,1.0,0.0,0.0
2016-02-16,15:51:00,118.54799999999999,118.697,118.508,118.62200000000001,130620.59999999963,1.0,0.0,0.0
2016-02-16,15:56:00,118.618,118.727,118.55799999999999,118.71700000000001,214244.0999999996,1.0,0.0,0.0
2016-02-17,09:31:00,118.697,119.851,118.68700000000001,119.771,268256.45799999963,1.0,0.0,0.0
2016-02-17,09:36:00,119.771,120.338,119.652,119.85,172232.25999999963,1.0,0.0,0.0
2016-02-17,09:41:00,119.801,120.736,119.771,120.348,247160.99999999965,1.0,0.0,0.0
2016-02-17,09:46:00,120.318,120.40799999999999,119.855,119.881,74085.31999999966,1.0,0.0,0.0
2016-02-17,09:51:00,119.90700000000001,120.169,119.891,119.94,93389.89999999969,1.0,0.0,0.0
2016-02-17,09:56:00,120.0,120.288,120.0,120.249,131975.89999999964,1.0,0.0,0.0
2016-02-17,10:01:00,120.266,120.38799999999999,120.12899999999999,120.368,91152.73999999964,1.0,0.0,0.0
2016-02-17,10:06:00,120.348,120.686,120.258,120.587,86988.89999999964,1.0,0.0,0.0
2016-02-17,10:11:00,120.587,120.63600000000001,120.477,120.537,81468.59999999964,1.0,0.0,0.0
2016-02-17,10:16:00,120.557,120.56700000000001,120.40799999999999,120.477,89843.41999999963,1.0,0.0,0.0
2016-02-17,10:21:00,120.50299999999999,120.59700000000001,120.398,120.527,75367.38999999965,1.0,0.0,0.0
2016-02-17,10:26:00,120.54700000000001,120.815,120.51700000000001,120.74600000000001,101558.61999999963,1.0,0.0,0.0
2016-02-17,10:31:00,120.741,121.014,120.696,120.905,112718.61999999963,1.0,0.0,0.0
2016-02-17,10:36:00,120.904,120.94,120.786,120.825,69095.96999999961,1.0,0.0,0.0
2016-02-17,10:41:00,120.82799999999999,120.955,120.71600000000001,120.736,66583.2599999996,1.0,0.0,0.0
2016-02-17,10:46:00,120.736,120.905,120.686,120.756,59772.939999999624,1.0,0.0,0.0
2016-02-17,10:51:00,120.74600000000001,120.805,120.60799999999999,120.63600000000001,64787.38999999962,1.0,0.0,0.0
2016-02-17,10:56:00,120.617,120.74600000000001,120.587,120.726,60235.469999999616,1.0,0.0,0.0
2016-02-17,11:01:00,120.74600000000001,120.74600000000001,120.54700000000001,120.575,64788.47999999962,1.0,0.0,0.0
2016-02-17,11:06:00,120.587,120.686,120.527,120.676,87653.4599999996,1.0,0.0,0.0
2016-02-17,11:11:00,120.63600000000001,120.686,120.229,120.229,67761.6299999996,1.0,0.0,0.0
2016-02-17,11:16:00,120.244,120.587,120.219,120.587,55030.0599999996,1.0,0.0,0.0
2016-02-17,11:21:00,120.57799999999999,120.59700000000001,120.318,120.338,100478.6899999996,1.0,0.0,0.0
2016-02-17,11:26:00,120.348,120.40799999999999,120.199,120.249,71994.7999999996,1.0,0.0,0.0
2016-02-17,11:31:00,120.27799999999999,120.368,120.209,120.275,59192.77999999959,1.0,0.0,0.0
2016-02-17,11:36:00,120.27799999999999,120.368,120.139,120.139,66231.33999999957,1.0,0.0,0.0
2016-02-17,11:41:00,120.165,120.209,120.07,120.109,53910.909999999574,1.0,0.0,0.0
2016-02-17,11:46:00,120.109,120.135,119.851,119.875,59341.64999999958,1.0,0.0,0.0
2016-02-17,11:51:00,119.883,119.92,119.781,119.821,55744.91999999958,1.0,0.0,0.0
2016-02-17,11:56:00,119.831,119.851,119.62200000000001,119.632,41807.66999999958,1.0,0.0,0.0
2016-02-17,12:01:00,119.635,119.652,119.45299999999999,119.632,66059.39999999957,1.0,0.0,0.0
2016-02-17,12:06:00,119.61200000000001,119.632,119.43299999999999,119.552,58898.259999999565,1.0,0.0,0.0
2016-02-17,12:11:00,119.542,119.602,119.51299999999999,119.522,58575.51999999958,1.0,0.0,0.0
2016-02-17,12:16:00,119.53299999999999,119.662,119.463,119.59100000000001,58616.689999999595,1.0,0.0,0.0
2016-02-17,12:21:00,119.56200000000001,119.59200000000001,119.463,119.46799999999999,52187.47999999959,1.0,0.0,0.0
2016-02-17,12:26:00,119.463,119.58200000000001,119.443,119.493,58974.729999999574,1.0,0.0,0.0
2016-02-17,12:31:00,119.493,119.552,119.381,119.413,49792.42999999957,1.0,0.0,0.0
2016-02-17,12:36:00,119.383,119.552,119.363,119.48299999999999,56879.12999999957,1.0,0.0,0.0
2016-02-17,12:41:00,119.473,119.505,119.314,119.334,48816.089999999575,1.0,0.0,0.0
2016-02-17,12:46:00,119.314,119.43299999999999,119.214,119.40299999999999,48314.319999999585,1.0,0.0,0.0
2016-02-17,12:51:00,119.37299999999999,119.632,119.274,119.632,54638.83999999959,1.0,0.0,0.0
2016-02-17,12:56:00,119.632,119.73100000000001,119.50299999999999,119.522,39994.799999999595,1.0,0.0,0.0
2016-02-17,13:01:00,119.552,119.581,119.443,119.51700000000001,34285.569999999585,1.0,0.0,0.0
2016-02-17,13:06:00,119.51299999999999,119.821,119.493,119.791,39308.98999999959,1.0,0.0,0.0
2016-02-17,13:11:00,119.831,120.04,119.801,120.0,29046.90999999959,1.0,0.0,0.0
2016-02-17,13:16:00,119.99,120.0,119.69200000000001,119.751,35203.539999999586,1.0,0.0,0.0
2016-02-17,13:21:00,119.741,119.791,119.61200000000001,119.719,30193.169999999587,1.0,0.0,0.0
2016-02-17,13:26:00,119.73100000000001,119.791,119.602,119.712,27692.489999999587,1.0,0.0,0.0
2016-02-17,13:31:00,119.70200000000001,119.741,119.62200000000001,119.721,23696.629999999586,1.0,0.0,0.0
2016-02-17,13:36:00,119.721,119.73100000000001,119.51299999999999,119.542,27533.619999999588,1.0,0.0,0.0
2016-02-17,13:41:00,119.53299999999999,119.587,119.493,119.522,25643.28999999959,1.0,0.0,0.0
2016-02-17,13:46:00,119.505,119.59200000000001,119.47399999999999,119.51299999999999,25402.969999999594,1.0,0.0,0.0
2016-02-17,13:51:00,119.51299999999999,119.62200000000001,119.493,119.542,29349.569999999592,1.0,0.0,0.0
2016-02-17,13:56:00,119.572,119.61200000000001,119.51299999999999,119.56200000000001,28168.08999999959,1.0,0.0,0.0
2016-02-17,14:01:00,119.59200000000001,119.84100000000001,119.56200000000001,119.811,27729.699999999582,1.0,0.0,0.0
2016-02-17,14:06:00,119.811,119.94,119.771,119.92299999999999,44463.209999999584,1.0,0.0,0.0
2016-02-17,14:11:00,119.94,120.12899999999999,119.851,120.05,25883.609999999586,1.0,0.0,0.0
2016-02-17,14:16:00,120.02,120.38799999999999,119.97,120.249,59683.54999999958,1.0,0.0,0.0
2016-02-17,14:21:00,120.26799999999999,120.507,120.249,120.477,40135.55999999959,1.0,0.0,0.0
2016-02-17,14:26:00,120.49700000000001,120.507,120.37799999999999,120.41799999999999,62560.2199999996,1.0,0.0,0.0
2016-02-17,14:31:00,120.40799999999999,120.51700000000001,120.348,120.49700000000001,81203.15999999961,1.0,0.0,0.0
2016-02-17,14:36:00,120.51700000000001,120.545,120.368,120.49700000000001,65657.1599999996,1.0,0.0,0.0
2016-02-17,14:41:00,120.48899999999999,120.56700000000001,120.38799999999999,120.4,48156.4499999996,1.0,0.0,0.0
2016-02-17,14:46:00,120.398,120.448,120.258,120.28,67839.0799999996,1.0,0.0,0.0
2016-02-17,14:51:00,120.273,120.368,120.149,120.179,46344.599999999606,1.0,0.0,0.0
2016-02-17,14:56:00,120.179,120.23899999999999,120.109,120.149,45233.44999999961,1.0,0.0,0.0
2016-02-17,15:01:00,120.149,120.15700000000001,119.94,119.98,62577.299999999595,1.0,0.0,0.0
2016-02-17,15:06:00,119.99600000000001,120.29799999999999,119.99,120.23299999999999,41812.7399999996,1.0,0.0,0.0
2016-02-17,15:11:00,120.22,120.35799999999999,120.199,120.288,47245.4599999996,1.0,0.0,0.0
2016-02-17,15:16:00,120.288,120.288,120.189,120.229,52897.3699999996,1.0,0.0,0.0
2016-02-17,15:21:00,120.229,120.27799999999999,120.139,120.15899999999999,59957.03999999959,1.0,0.0,0.0
2016-02-17,15:26:00,120.15899999999999,120.22399999999999,120.07,120.149,67836.14999999959,1.0,0.0,0.0
2016-02-17,15:31:00,120.149,120.348,120.139,120.338,107376.39999999959,1.0,0.0,0.0
2016-02-17,15:36:00,120.348,120.38799999999999,120.209,120.348,86392.63999999958,1.0,0.0,0.0
2016-02-17,15:41:00,120.348,120.48700000000001,120.27799999999999,120.448,87157.79999999958,1.0,0.0,0.0
2016-02-17,15:46:00,120.448,120.54700000000001,120.428,120.428,180581.89999999956,1.0,0.0,0.0
2016-02-17,15:51:00,120.419,120.44,120.348,120.42299999999999,107236.49999999953,1.0,0.0,0.0
2016-02-17,15:56:00,120.428,120.477,120.35799999999999,120.43700000000001,158722.29999999955,1.0,0.0,0.0
2016-02-18,09:31:00,120.43799999999999,120.617,119.84100000000001,119.84100000000001,250064.2399999996,1.0,0.0,0.0
2016-02-18,09:36:00,120.07,120.089,119.463,119.501,189880.55999999962,1.0,0.0,0.0
2016-02-18,09:41:00,119.484,119.76100000000001,119.25399999999999,119.53299999999999,57506.57999999959,1.0,0.0,0.0
2016-02-18,09:46:00,119.50299999999999,119.70200000000001,119.025,119.037,75671.93999999961,1.0,0.0,0.0
2016-02-18,09:51:00,119.015,119.354,118.936,119.28399999999999,59193.89999999962,1.0,0.0,0.0
2016-02-18,09:56:00,119.314,119.39299999999999,118.946,118.956,63540.52999999963,1.0,0.0,0.0
2016-02-18,10:01:00,118.906,119.363,118.906,118.976,56755.38999999962,1.0,0.0,0.0
2016-02-18,10:06:00,118.979,119.61200000000001,118.976,119.565,41785.549999999625,1.0,0.0,0.0
2016-02-18,10:11:00,119.53299999999999,119.65100000000001,119.413,119.48299999999999,43192.23999999964,1.0,0.0,0.0
2016-02-18,10:16:00,119.464,119.84100000000001,119.40299999999999,119.791,51629.389999999636,1.0,0.0,0.0
2016-02-18,10:21:00,119.781,119.95,119.76100000000001,119.84100000000001,67254.94999999963,1.0,0.0,0.0
2016-02-18,10:26:00,119.87100000000001,120.179,119.861,119.99,49064.38999999963,1.0,0.0,0.0
2016-02-18,10:31:00,119.98,120.209,119.98,120.156,40831.39999999963,1.0,0.0,0.0
2016-02-18,10:36:00,120.149,120.15899999999999,119.765,119.891,34464.53999999964,1.0,0.0,0.0
2016-02-18,10:41:00,119.891,120.01,119.811,119.811,40396.01999999963,1.0,0.0,0.0
2016-02-18,10:46:00,119.781,119.96,119.758,119.91,39894.23999999963,1.0,0.0,0.0
2016-02-18,10:51:00,119.93,119.99,119.637,119.652,52395.57999999962,1.0,0.0,0.0
2016-02-18,10:56:00,119.676,119.73100000000001,119.552,119.682,38155.73999999963,1.0,0.0,0.0
2016-02-18,11:01:00,119.682,119.682,119.304,119.45299999999999,76382.87999999963,1.0,0.0,0.0
2016-02-18,11:06:00,119.463,119.62200000000001,119.34299999999999,119.473,38524.71999999964,1.0,0.0,0.0
2016-02-18,11:11:00,119.473,119.56200000000001,119.354,119.42299999999999,39190.43999999963,1.0,0.0,0.0
2016-02-18,11:16:00,119.45,119.662,119.363,119.565,20409.64999999963,1.0,0.0,0.0
2016-02-18,11:21:00,119.602,119.70200000000001,119.515,119.552,23513.629999999634,1.0,0.0,0.0
2016-02-18,11:26:00,119.602,119.695,119.39299999999999,119.61200000000001,29639.14999999964,1.0,0.0,0.0
2016-02-18,11:31:00,119.64200000000001,119.76100000000001,119.552,119.76100000000001,28438.579999999638,1.0,0.0,0.0
2016-02-18,11:36:00,119.73899999999999,119.84100000000001,119.632,119.801,27555.749999999643,1.0,0.0,0.0
2016-02-18,11:41:00,119.791,119.94,119.73100000000001,119.821,57942.04999999964,1.0,0.0,0.0
2016-02-18,11:46:00,119.771,119.98,119.771,119.97,34591.18999999963,1.0,0.0,0.0
2016-02-18,11:51:00,119.94,120.02,119.76100000000001,119.791,28470.74999999963,1.0,0.0,0.0
2016-02-18,11:56:00,119.791,120.03,119.682,119.991,27685.44999999963,1.0,0.0,0.0
2016-02-18,12:01:00,120.02,120.329,120.0,120.32700000000001,43238.509999999624,1.0,0.0,0.0
2016-02-18,12:06:00,120.338,120.448,120.179,120.229,165811.03999999963,1.0,0.0,0.0
2016-02-18,12:11:00,120.249,120.288,120.119,120.26799999999999,41738.31999999966,1.0,0.0,0.0
2016-02-18,12:16:00,120.26799999999999,120.26799999999999,120.089,120.12899999999999,35670.129999999655,1.0,0.0,0.0
2016-02-18,12:21:00,120.12899999999999,120.15899999999999,120.023,120.109,26673.929999999647,1.0,0.0,0.0
2016-02-18,12:26:00,120.12899999999999,120.219,120.05,120.119,26026.37999999964,1.0,0.0,0.0
2016-02-18,12:31:00,120.119,120.199,120.089,120.149,33491.259999999646,1.0,0.0,0.0
2016-02-18,12:36:00,120.149,120.15899999999999,120.04,120.04,32883.88999999964,1.0,0.0,0.0
2016-02-18,12:41:00,120.04,120.07,119.96,120.01,31353.51999999964,1.0,0.0,0.0
2016-02-18,12:46:00,120.03,120.07,119.92299999999999,119.98,38268.30999999965,1.0,0.0,0.0
2016-02-18,12:51:00,119.98,120.03,119.881,119.94,43248.649999999645,1.0,0.0,0.0
2016-02-18,12:56:00,119.94,120.07,119.851,119.851,26859.93999999964,1.0,0.0,0.0
2016-02-18,13:01:00,119.861,119.9,119.73100000000001,119.9,21184.889999999636,1.0,0.0,0.0
2016-02-18,13:06:00,119.891,119.95,119.801,119.82600000000001,29090.12999999963,1.0,0.0,0.0
2016-02-18,13:11:00,119.831,119.91,119.76299999999999,119.91,25939.89999999963,1.0,0.0,0.0
2016-02-18,13:16:00,119.881,119.891,119.741,119.771,13936.239999999636,1.0,0.0,0.0
2016-02-18,13:21:00,119.741,119.751,119.602,119.62200000000001,18359.439999999635,1.0,0.0,0.0
2016-02-18,13:26:00,119.602,119.64200000000001,119.45299999999999,119.463,36778.19999999963,1.0,0.0,0.0
2016-02-18,13:31:00,119.48299999999999,119.522,119.37299999999999,119.43299999999999,34621.38999999962,1.0,0.0,0.0
2016-02-18,13:36:00,119.43299999999999,119.443,119.274,119.29299999999999,43756.36999999962,1.0,0.0,0.0
2016-02-18,13:41:00,119.294,119.304,119.22399999999999,119.274,47021.20999999961,1.0,0.0,0.0
2016-02-18,13:46:00,119.264,119.314,119.194,119.274,37611.73999999961,1.0,0.0,0.0
2016-02-18,13:51:00,119.274,119.34299999999999,119.125,119.324,45638.699999999604,1.0,0.0,0.0
2016-02-18,13:56:00,119.314,119.40299999999999,119.294,119.29899999999999,35893.34999999961,1.0,0.0,0.0
2016-02-18,14:01:00,119.29700000000001,119.73100000000001,119.29700000000001,119.712,44375.7599999996,1.0,0.0,0.0
2016-02-18,14:06:00,119.712,119.771,119.53299999999999,119.712,72758.98999999961,1.0,0.0,0.0
2016-02-18,14:11:00,119.682,119.781,119.572,119.62200000000001,48214.759999999624,1.0,0.0,0.0
2016-02-18,14:16:00,119.62,119.662,119.413,119.42299999999999,50774.74999999963,1.0,0.0,0.0
2016-02-18,14:21:00,119.443,119.56200000000001,119.39299999999999,119.542,55520.679999999615,1.0,0.0,0.0
2016-02-18,14:26:00,119.537,119.76100000000001,119.493,119.721,53837.50999999962,1.0,0.0,0.0
2016-02-18,14:31:00,119.721,119.831,119.632,119.792,48495.28999999961,1.0,0.0,0.0
2016-02-18,14:36:00,119.791,119.803,119.662,119.76100000000001,52695.2099999996,1.0,0.0,0.0
2016-02-18,14:41:00,119.751,119.881,119.70200000000001,119.751,48341.43999999961,1.0,0.0,0.0
2016-02-18,14:46:00,119.721,119.84100000000001,119.64200000000001,119.67,33966.819999999614,1.0,0.0,0.0
2016-02-18,14:51:00,119.67200000000001,119.682,119.473,119.56200000000001,46163.50999999962,1.0,0.0,0.0
2016-02-18,14:56:00,119.542,119.632,119.50299999999999,119.59200000000001,47687.929999999615,1.0,0.0,0.0
2016-02-18,15:01:00,119.62100000000001,119.65,119.51299999999999,119.522,59032.969999999616,1.0,0.0,0.0
2016-02-18,15:06:00,119.53299999999999,119.56200000000001,119.37299999999999,119.39299999999999,50589.79999999961,1.0,0.0,0.0
2016-02-18,15:11:00,119.39299999999999,119.45299999999999,119.274,119.324,71566.54999999962,1.0,0.0,0.0
2016-02-18,15:16:00,119.314,119.37299999999999,119.214,119.274,89329.79999999962,1.0,0.0,0.0
2016-02-18,15:21:00,119.274,119.28399999999999,119.105,119.145,105682.09999999961,1.0,0.0,0.0
2016-02-18,15:26:00,119.145,119.43299999999999,119.145,119.37299999999999,68735.9999999996,1.0,0.0,0.0
2016-02-18,15:31:00,119.363,119.48299999999999,119.274,119.43299999999999,58615.54999999963,1.0,0.0,0.0
2016-02-18,15:36:00,119.41799999999999,119.43299999999999,119.274,119.304,87855.55999999963,1.0,0.0,0.0
2016-02-18,15:41:00,119.304,119.443,119.274,119.413,123021.09999999963,1.0,0.0,0.0
2016-02-18,15:46:00,119.443,119.443,119.105,119.105,74175.79999999961,1.0,0.0,0.0
2016-02-18,15:51:00,119.105,119.264,119.075,119.1,99282.19999999963,1.0,0.0,0.0
2016-02-18,15:56:00,119.1,119.334,119.095,119.334,114812.09999999963,1.0,0.0,0.0
2016-02-19,09:31:00,119.334,119.39299999999999,119.155,119.324,138373.98999999964,1.0,0.0,0.0
2016-02-19,09:36:00,119.39299999999999,119.791,118.846,118.995,477656.80999999965,1.0,0.0,0.0
2016-02-19,09:41:00,118.946,119.28299999999999,118.2,118.29899999999999,98449.50999999967,1.0,0.0,0.0
2016-02-19,09:46:00,118.29899999999999,118.74700000000001,118.1,118.65700000000001,85460.39999999969,1.0,0.0,0.0
2016-02-19,09:51:00,118.649,118.995,118.52799999999999,118.90100000000001,54773.62999999969,1.0,0.0,0.0
2016-02-19,09:56:00,118.899,119.125,118.727,118.807,57442.23999999969,1.0,0.0,0.0
2016-02-19,10:01:00,118.777,118.926,118.568,118.807,75999.7399999997,1.0,0.0,0.0
2016-02-19,10:06:00,118.816,119.115,118.677,119.045,65132.26999999969,1.0,0.0,0.0
2016-02-19,10:11:00,119.055,119.324,119.025,119.234,69536.42999999969,1.0,0.0,0.0
2016-02-19,10:16:00,119.204,119.572,119.075,119.552,69108.99999999968,1.0,0.0,0.0
2016-02-19,10:21:00,119.51299999999999,119.91,119.43299999999999,119.756,71338.24999999967,1.0,0.0,0.0
2016-02-19,10:26:00,119.76100000000001,119.87100000000001,119.712,119.781,33040.75999999967,1.0,0.0,0.0
2016-02-19,10:31:00,119.756,119.99,119.69200000000001,119.99,68125.59999999967,1.0,0.0,0.0
2016-02-19,10:36:00,119.962,120.209,119.93,120.141,40345.68999999968,1.0,0.0,0.0
2016-02-19,10:41:00,120.12299999999999,120.139,119.84100000000001,119.898,25516.58999999968,1.0,0.0,0.0
2016-02-19,10:46:00,119.896,119.92,119.522,119.64200000000001,39330.11999999967,1.0,0.0,0.0
2016-02-19,10:51:00,119.61200000000001,119.712,119.443,119.712,49273.50999999966,1.0,0.0,0.0
2016-02-19,10:56:00,119.70200000000001,119.821,119.59200000000001,119.771,31476.21999999966,1.0,0.0,0.0
2016-02-19,11:01:00,119.771,119.881,119.58200000000001,119.84100000000001,67315.25999999967,1.0,0.0,0.0
2016-02-19,11:06:00,119.851,119.851,119.62200000000001,119.67200000000001,39027.54999999966,1.0,0.0,0.0
2016-02-19,11:11:00,119.67200000000001,119.791,119.56200000000001,119.781,38722.80999999966,1.0,0.0,0.0
2016-02-19,11:16:00,119.781,119.851,119.632,119.801,58317.02999999966,1.0,0.0,0.0
2016-02-19,11:21:00,119.851,119.96,119.75200000000001,119.94,39483.96999999965,1.0,0.0,0.0
2016-02-19,11:26:00,119.94,119.96,119.721,119.831,31723.49999999965,1.0,0.0,0.0
2016-02-19,11:31:00,119.84100000000001,120.179,119.831,120.09899999999999,42903.72999999964,1.0,0.0,0.0
2016-02-19,11:36:00,120.089,120.169,119.99,120.03,39665.94999999965,1.0,0.0,0.0
2016-02-19,11:41:00,120.02,120.109,119.87100000000001,120.04,68565.07999999967,1.0,0.0,0.0
2016-02-19,11:46:00,120.02,120.139,119.771,119.771,85671.64999999967,1.0,0.0,0.0
2016-02-19,11:51:00,119.861,119.91,119.662,119.85600000000001,42671.52999999967,1.0,0.0,0.0
2016-02-19,11:56:00,119.84100000000001,120.01,119.76100000000001,119.94,44935.75999999966,1.0,0.0,0.0
2016-02-19,12:01:00,119.94,120.13600000000001,119.91,120.089,83611.34999999967,1.0,0.0,0.0
2016-02-19,12:06:00,120.079,120.23899999999999,120.03,120.03,58282.85999999967,1.0,0.0,0.0
2016-02-19,12:11:00,120.01,120.27799999999999,119.98,120.27799999999999,32523.899999999667,1.0,0.0,0.0
2016-02-19,12:16:00,120.258,120.30799999999999,120.169,120.23899999999999,42653.37999999968,1.0,0.0,0.0
2016-02-19,12:21:00,120.209,120.32799999999999,120.119,120.27799999999999,82842.25999999969,1.0,0.0,0.0
2016-02-19,12:26:00,120.29799999999999,120.32799999999999,120.089,120.30799999999999,56584.59999999971,1.0,0.0,0.0
2016-02-19,12:31:00,120.30799999999999,120.368,120.199,120.32799999999999,38358.759999999704,1.0,0.0,0.0
2016-02-19,12:36:00,120.319,120.398,120.189,120.262,89954.11999999972,1.0,0.0,0.0
2016-02-19,12:41:00,120.258,120.406,120.25200000000001,120.37700000000001,22665.009999999726,1.0,0.0,0.0
2016-02-19,12:46:00,120.35799999999999,120.37799999999999,120.169,120.288,40109.38999999973,1.0,0.0,0.0
2016-02-19,12:51:00,120.287,120.348,120.15,120.27799999999999,20717.327999999732,1.0,0.0,0.0
2016-02-19,12:56:00,120.27799999999999,120.32799999999999,120.04,120.139,34015.09999999974,1.0,0.0,0.0
2016-02-19,13:01:00,120.12899999999999,120.30799999999999,120.05,120.30799999999999,20742.47999999973,1.0,0.0,0.0
2016-02-19,13:06:00,120.318,120.318,120.089,120.119,34670.70999999973,1.0,0.0,0.0
2016-02-19,13:11:00,120.119,120.139,119.964,120.03,28705.03999999973,1.0,0.0,0.0
2016-02-19,13:16:00,120.029,120.139,119.96,119.99,29649.169999999744,1.0,0.0,0.0
2016-02-19,13:21:00,120.01899999999999,120.07,119.95,120.051,15444.481999999736,1.0,0.0,0.0
2016-02-19,13:26:00,120.08,120.149,120.04,120.149,22374.38999999974,1.0,0.0,0.0
2016-02-19,13:31:00,120.14,120.448,120.119,120.41799999999999,40321.57999999975,1.0,0.0,0.0
2016-02-19,13:36:00,120.448,120.477,120.368,120.46700000000001,25128.44999999975,1.0,0.0,0.0
2016-02-19,13:41:00,120.45700000000001,120.477,120.348,120.43799999999999,23929.909999999745,1.0,0.0,0.0
2016-02-19,13:46:00,120.40799999999999,120.448,120.26799999999999,120.32799999999999,18253.859999999742,1.0,0.0,0.0
2016-02-19,13:51:00,120.29799999999999,120.338,120.209,120.24600000000001,20942.569999999745,1.0,0.0,0.0
2016-02-19,13:56:00,120.229,120.32799999999999,120.175,120.249,25412.069999999745,1.0,0.0,0.0
2016-02-19,14:01:00,120.249,120.368,120.249,120.338,21832.429999999753,1.0,0.0,0.0
2016-02-19,14:06:00,120.29799999999999,120.48700000000001,120.23899999999999,120.43799999999999,38031.099999999744,1.0,0.0,0.0
2016-02-19,14:11:00,120.46700000000001,120.587,120.398,120.49700000000001,21698.70999999976,1.0,0.0,0.0
2016-02-19,14:16:00,120.478,120.56700000000001,120.41799999999999,120.45200000000001,20847.03999999976,1.0,0.0,0.0
2016-02-19,14:21:00,120.429,120.51700000000001,120.37799999999999,120.51700000000001,61081.13999999975,1.0,0.0,0.0
2016-02-19,14:26:00,120.51700000000001,120.51700000000001,120.368,120.507,32772.26999999976,1.0,0.0,0.0
2016-02-19,14:31:00,120.537,120.537,120.318,120.35799999999999,35655.06999999976,1.0,0.0,0.0
2016-02-19,14:36:00,120.35799999999999,120.46700000000001,120.26799999999999,120.361,45391.28999999975,1.0,0.0,0.0
2016-02-19,14:41:00,120.37299999999999,120.45700000000001,120.26799999999999,120.38799999999999,27692.519999999764,1.0,0.0,0.0
2016-02-19,14:46:00,120.41799999999999,120.477,120.318,120.477,29527.52999999976,1.0,0.0,0.0
2016-02-19,14:51:00,120.448,120.49700000000001,120.368,120.43799999999999,21896.78999999976,1.0,0.0,0.0
2016-02-19,14:56:00,120.43799999999999,120.48700000000001,120.27799999999999,120.318,28259.599999999762,1.0,0.0,0.0
2016-02-19,15:01:00,120.348,120.477,120.318,120.43799999999999,67130.26999999976,1.0,0.0,0.0
2016-02-19,15:06:00,120.43799999999999,120.477,120.37799999999999,120.43799999999999,92711.19999999976,1.0,0.0,0.0
2016-02-19,15:11:00,120.428,120.48700000000001,120.37799999999999,120.43,63774.88999999976,1.0,0.0,0.0
2016-02-19,15:16:00,120.43799999999999,120.56700000000001,120.38799999999999,120.51700000000001,41568.40999999976,1.0,0.0,0.0
2016-02-19,15:21:00,120.527,120.686,120.52,120.63600000000001,69708.30999999975,1.0,0.0,0.0
2016-02-19,15:26:00,120.62700000000001,120.706,120.587,120.675,42409.94999999974,1.0,0.0,0.0
2016-02-19,15:31:00,120.666,120.706,120.51700000000001,120.617,68986.31999999973,1.0,0.0,0.0
2016-02-19,15:36:00,120.60700000000001,120.617,120.52799999999999,120.587,68807.45999999972,1.0,0.0,0.0
2016-02-19,15:41:00,120.587,120.805,120.587,120.796,63850.29999999972,1.0,0.0,0.0
2016-02-19,15:46:00,120.796,120.835,120.676,120.815,81812.59999999973,1.0,0.0,0.0
2016-02-19,15:51:00,120.815,121.00399999999999,120.77600000000001,120.994,133844.19999999972,1.0,0.0,0.0
2016-02-19,15:56:00,120.994,121.00399999999999,120.905,120.925,157753.9999999997,1.0,0.0,0.0
2016-02-22,09:32:00,120.93,122.456,120.875,122.287,194508.7899999997,1.0,0.0,0.0
2016-02-22,09:37:00,122.31700000000001,122.964,122.198,122.884,347195.39999999973,1.0,0.0,0.0
2016-02-22,09:42:00,122.86200000000001,123.461,122.854,123.23200000000001,169674.19999999978,1.0,0.0,0.0
2016-02-22,09:47:00,123.204,123.56,123.083,123.103,111403.49999999977,1.0,0.0,0.0
2016-02-22,09:52:00,123.132,123.20200000000001,122.914,122.92399999999999,104962.19999999978,1.0,0.0,0.0
2016-02-22,09:57:00,122.904,123.273,122.814,123.20200000000001,124772.5999999998,1.0,0.0,0.0
2016-02-22,10:02:00,123.162,123.37100000000001,123.103,123.31200000000001,113322.97999999976,1.0,0.0,0.0
2016-02-22,10:07:00,123.31200000000001,123.57,123.28200000000001,123.28200000000001,126270.69999999975,1.0,0.0,0.0
2016-02-22,10:12:00,123.322,123.441,123.19200000000001,123.31200000000001,59384.909999999785,1.0,0.0,0.0
2016-02-22,10:17:00,123.33200000000001,123.411,123.14299999999999,123.16799999999999,87051.19999999978,1.0,0.0,0.0
2016-02-22,10:22:00,123.182,123.25200000000001,123.073,123.103,63246.98999999979,1.0,0.0,0.0
2016-02-22,10:27:00,123.12299999999999,123.262,123.103,123.249,62874.989999999794,1.0,0.0,0.0
2016-02-22,10:32:00,123.23700000000001,123.421,123.12299999999999,123.381,74738.99999999978,1.0,0.0,0.0
2016-02-22,10:37:00,123.40100000000001,123.461,123.292,123.441,56451.81999999978,1.0,0.0,0.0
2016-02-22,10:42:00,123.45100000000001,123.73899999999999,123.419,123.64,101436.94999999978,1.0,0.0,0.0
2016-02-22,10:47:00,123.63,123.789,123.51100000000001,123.605,107224.5999999998,1.0,0.0,0.0
2016-02-22,10:52:00,123.6,123.6,123.33200000000001,123.421,62971.3799999998,1.0,0.0,0.0
2016-02-22,10:57:00,123.391,123.416,122.97399999999999,123.083,66118.67999999979,1.0,0.0,0.0
2016-02-22,11:02:00,123.073,123.242,123.023,123.184,58988.70999999979,1.0,0.0,0.0
2016-02-22,11:07:00,123.212,123.352,123.073,123.302,65725.63999999977,1.0,0.0,0.0
2016-02-22,11:12:00,123.322,123.34100000000001,123.133,123.212,65951.84999999979,1.0,0.0,0.0
2016-02-22,11:17:00,123.19200000000001,123.28200000000001,122.845,122.874,73998.84999999979,1.0,0.0,0.0
2016-02-22,11:22:00,122.914,123.20200000000001,122.904,123.073,51440.36999999978,1.0,0.0,0.0
2016-02-22,11:27:00,123.12299999999999,123.12299999999999,122.795,122.81,70692.73999999979,1.0,0.0,0.0
2016-02-22,11:32:00,122.844,122.99,122.804,122.913,51098.55999999979,1.0,0.0,0.0
2016-02-22,11:37:00,122.914,123.073,122.824,122.934,51784.27999999977,1.0,0.0,0.0
2016-02-22,11:42:00,122.934,123.01299999999999,122.795,122.804,58408.579999999776,1.0,0.0,0.0
2016-02-22,11:47:00,122.824,122.874,122.566,122.596,69061.86999999978,1.0,0.0,0.0
2016-02-22,11:52:00,122.596,122.785,122.566,122.765,25437.15999999978,1.0,0.0,0.0
2016-02-22,11:57:00,122.775,122.86399999999999,122.725,122.755,48585.79999999978,1.0,0.0,0.0
2016-02-22,12:02:00,122.755,122.914,122.725,122.86399999999999,42453.18999999978,1.0,0.0,0.0
2016-02-22,12:07:00,122.874,123.06299999999999,122.854,123.00299999999999,26466.789999999775,1.0,0.0,0.0
2016-02-22,12:12:00,123.03299999999999,123.053,122.756,122.775,31126.229999999778,1.0,0.0,0.0
2016-02-22,12:17:00,122.785,122.785,122.617,122.665,27019.809999999776,1.0,0.0,0.0
2016-02-22,12:22:00,122.685,122.705,122.626,122.665,24456.789999999783,1.0,0.0,0.0
2016-02-22,12:27:00,122.655,122.675,122.43700000000001,122.506,79080.6999999998,1.0,0.0,0.0
2016-02-22,12:32:00,122.49600000000001,122.60600000000001,122.447,122.601,64356.1599999998,1.0,0.0,0.0
2016-02-22,12:37:00,122.616,123.00299999999999,122.546,123.00299999999999,63115.2099999998,1.0,0.0,0.0
2016-02-22,12:42:00,123.00299999999999,123.083,122.934,122.954,41839.8499999998,1.0,0.0,0.0
2016-02-22,12:47:00,122.964,123.00299999999999,122.804,122.834,42615.099999999795,1.0,0.0,0.0
2016-02-22,12:52:00,122.854,122.86399999999999,122.755,122.795,48418.8299999998,1.0,0.0,0.0
2016-02-22,12:57:00,122.795,122.874,122.755,122.814,68507.77999999981,1.0,0.0,0.0
2016-02-22,13:02:00,122.814,122.914,122.735,122.824,49185.0799999998,1.0,0.0,0.0
2016-02-22,13:07:00,122.814,122.844,122.736,122.755,42965.05999999981,1.0,0.0,0.0
2016-02-22,13:12:00,122.765,122.775,122.68799999999999,122.725,40603.1499999998,1.0,0.0,0.0
2016-02-22,13:17:00,122.715,122.75,122.645,122.67299999999999,55176.8199999998,1.0,0.0,0.0
2016-02-22,13:22:00,122.675,122.725,122.586,122.675,56611.6599999998,1.0,0.0,0.0
2016-02-22,13:27:00,122.665,122.745,122.618,122.685,53456.489999999816,1.0,0.0,0.0
2016-02-22,13:32:00,122.678,122.735,122.60600000000001,122.715,68032.13999999981,1.0,0.0,0.0
2016-02-22,13:37:00,122.715,122.785,122.645,122.745,69951.7099999998,1.0,0.0,0.0
2016-02-22,13:42:00,122.765,122.884,122.705,122.73,90946.59999999979,1.0,0.0,0.0
2016-02-22,13:47:00,122.745,122.824,122.705,122.814,77697.10999999978,1.0,0.0,0.0
2016-02-22,13:52:00,122.814,122.824,122.665,122.679,64020.21999999978,1.0,0.0,0.0
2016-02-22,13:57:00,122.685,122.795,122.655,122.765,42054.049999999785,1.0,0.0,0.0
2016-02-22,14:02:00,122.795,122.795,122.685,122.735,59529.62999999979,1.0,0.0,0.0
2016-02-22,14:07:00,122.742,122.755,122.414,122.417,74304.39999999978,1.0,0.0,0.0
2016-02-22,14:12:00,122.40700000000001,122.447,122.277,122.307,124073.84999999982,1.0,0.0,0.0
2016-02-22,14:17:00,122.29700000000001,122.40700000000001,122.24799999999999,122.34700000000001,65534.49999999982,1.0,0.0,0.0
2016-02-22,14:22:00,122.338,122.345,122.148,122.238,91958.99999999983,1.0,0.0,0.0
2016-02-22,14:27:00,122.238,122.26700000000001,122.198,122.229,92155.13999999984,1.0,0.0,0.0
2016-02-22,14:32:00,122.228,122.35700000000001,122.198,122.21799999999999,64160.09999999985,1.0,0.0,0.0
2016-02-22,14:37:00,122.209,122.277,122.198,122.275,67071.84999999986,1.0,0.0,0.0
2016-02-22,14:42:00,122.277,122.456,122.277,122.397,80190.76999999987,1.0,0.0,0.0
2016-02-22,14:47:00,122.397,122.427,122.31700000000001,122.34700000000001,40337.679999999884,1.0,0.0,0.0
2016-02-22,14:52:00,122.35700000000001,122.396,122.307,122.37700000000001,51389.19999999987,1.0,0.0,0.0
2016-02-22,14:57:00,122.37700000000001,122.486,122.337,122.34700000000001,76261.19999999987,1.0,0.0,0.0
2016-02-22,15:02:00,122.35700000000001,122.35700000000001,122.148,122.16799999999999,85131.69999999987,1.0,0.0,0.0
2016-02-22,15:07:00,122.148,122.16799999999999,122.068,122.118,76017.86999999985,1.0,0.0,0.0
2016-02-22,15:12:00,122.10799999999999,122.13799999999999,121.87,121.88,136866.69999999987,1.0,0.0,0.0
2016-02-22,15:17:00,121.88,121.949,121.77,121.8,104394.19999999984,1.0,0.0,0.0
2016-02-22,15:22:00,121.82,121.83,121.462,121.601,193517.59999999986,1.0,0.0,0.0
2016-02-22,15:27:00,121.604,121.83,121.601,121.81,136801.29999999984,1.0,0.0,0.0
2016-02-22,15:32:00,121.82,121.979,121.75,121.939,167956.79999999987,1.0,0.0,0.0
2016-02-22,15:37:00,121.959,122.068,121.939,121.964,130289.79999999983,1.0,0.0,0.0
2016-02-22,15:42:00,121.969,122.397,121.929,122.39200000000001,208238.19999999984,1.0,0.0,0.0
2016-02-22,15:47:00,122.387,122.40700000000001,122.277,122.29700000000001,136235.2999999998,1.0,0.0,0.0
2016-02-22,15:52:00,122.307,122.307,122.21799999999999,122.238,188711.29999999984,1.0,0.0,0.0
2016-02-22,15:57:00,122.238,122.238,122.10799999999999,122.12299999999999,259250.29999999987,1.0,0.0,0.0
2016-02-23,09:32:00,122.12799999999999,126.494,121.98899999999999,125.11200000000001,866940.2999999998,1.0,0.0,0.0
2016-02-23,09:37:00,125.03200000000001,125.728,124.714,125.012,601781.3999999997,1.0,0.0,0.0
2016-02-23,09:42:00,125.012,125.728,124.823,125.311,537890.2999999997,1.0,0.0,0.0
2016-02-23,09:47:00,125.311,125.80799999999999,125.06200000000001,125.465,420414.8999999997,1.0,0.0,0.0
2016-02-23,09:52:00,125.435,126.096,124.963,125.947,365997.79999999964,1.0,0.0,0.0
2016-02-23,09:57:00,125.93700000000001,126.365,125.76799999999999,126.007,252840.79999999967,1.0,0.0,0.0
2016-02-23,10:02:00,125.99799999999999,126.042,124.963,125.12200000000001,286283.1999999997,1.0,0.0,0.0
2016-02-23,10:07:00,125.163,125.34299999999999,124.774,124.803,194715.19999999972,1.0,0.0,0.0
2016-02-23,10:12:00,124.84299999999999,124.963,124.32600000000001,124.38600000000001,234228.39999999973,1.0,0.0,0.0
2016-02-23,10:17:00,124.38600000000001,124.455,123.958,124.266,338208.79999999976,1.0,0.0,0.0
2016-02-23,10:22:00,124.27600000000001,124.565,123.829,124.286,273729.3999999997,1.0,0.0,0.0
2016-02-23,10:27:00,124.286,124.391,124.04799999999999,124.177,149954.2999999997,1.0,0.0,0.0
2016-02-23,10:32:00,124.18700000000001,124.35600000000001,124.117,124.117,156706.2999999997,1.0,0.0,0.0
2016-02-23,10:37:00,124.117,124.436,123.898,124.238,164740.2999999997,1.0,0.0,0.0
2016-02-23,10:42:00,124.256,124.257,123.84899999999999,124.15299999999999,80936.7999999997,1.0,0.0,0.0
2016-02-23,10:47:00,124.14399999999999,124.24700000000001,123.242,123.311,220356.4899999997,1.0,0.0,0.0
2016-02-23,10:52:00,123.34100000000001,123.67,123.25200000000001,123.421,134620.49999999965,1.0,0.0,0.0
2016-02-23,10:57:00,123.421,123.425,123.06299999999999,123.134,159698.59999999966,1.0,0.0,0.0
2016-02-23,11:02:00,123.162,124.18700000000001,123.14299999999999,123.71,185386.19999999966,1.0,0.0,0.0
2016-02-23,11:07:00,123.71,124.06700000000001,123.37100000000001,123.471,145591.49999999962,1.0,0.0,0.0
2016-02-23,11:12:00,123.411,123.441,123.15299999999999,123.292,123629.39999999962,1.0,0.0,0.0
2016-02-23,11:17:00,123.34100000000001,123.54,123.15299999999999,123.31200000000001,149812.59999999957,1.0,0.0,0.0
2016-02-23,11:22:00,123.32,123.361,123.15299999999999,123.18,171925.49999999953,1.0,0.0,0.0
2016-02-23,11:27:00,123.182,123.381,123.00299999999999,123.22200000000001,92092.81999999953,1.0,0.0,0.0
2016-02-23,11:32:00,123.251,123.25200000000001,122.675,122.725,135044.69999999952,1.0,0.0,0.0
2016-02-23,11:37:00,122.725,123.00299999999999,122.705,122.964,119914.99999999953,1.0,0.0,0.0
2016-02-23,11:42:00,122.944,123.22,122.874,123.083,90601.59999999954,1.0,0.0,0.0
2016-02-23,11:47:00,123.083,123.64,123.083,123.33200000000001,90496.03999999953,1.0,0.0,0.0
2016-02-23,11:52:00,123.322,123.501,123.24600000000001,123.431,63773.92999999954,1.0,0.0,0.0
2016-02-23,11:57:00,123.391,123.958,123.381,123.781,75610.58999999956,1.0,0.0,0.0
2016-02-23,12:02:00,123.779,124.12700000000001,123.76899999999999,123.91799999999999,76498.53999999954,1.0,0.0,0.0
2016-02-23,12:07:00,123.928,124.104,123.819,123.91799999999999,65174.519999999546,1.0,0.0,0.0
2016-02-23,12:12:00,123.93799999999999,124.09700000000001,123.928,123.978,63787.89999999955,1.0,0.0,0.0
2016-02-23,12:17:00,123.978,124.296,123.90799999999999,124.227,103805.91999999959,1.0,0.0,0.0
2016-02-23,12:22:00,124.227,124.227,123.978,124.06700000000001,47781.42999999959,1.0,0.0,0.0
2016-02-23,12:27:00,124.087,124.306,124.04799999999999,124.147,46564.729999999596,1.0,0.0,0.0
2016-02-23,12:32:00,124.15799999999999,124.316,124.117,124.15700000000001,53206.049999999595,1.0,0.0,0.0
2016-02-23,12:37:00,124.177,124.24700000000001,124.04799999999999,124.154,41194.37999999959,1.0,0.0,0.0
2016-02-23,12:42:00,124.167,124.38600000000001,124.12700000000001,124.354,43861.909999999596,1.0,0.0,0.0
2016-02-23,12:47:00,124.32600000000001,124.565,124.306,124.565,46739.6899999996,1.0,0.0,0.0
2016-02-23,12:52:00,124.545,124.714,124.426,124.694,66319.8199999996,1.0,0.0,0.0
2016-02-23,12:57:00,124.684,124.943,124.52600000000001,124.943,111945.49999999959,1.0,0.0,0.0
2016-02-23,13:02:00,124.90299999999999,124.98200000000001,124.684,124.803,78559.77999999962,1.0,0.0,0.0
2016-02-23,13:07:00,124.81299999999999,124.943,124.744,124.803,65863.2199999996,1.0,0.0,0.0
2016-02-23,13:12:00,124.833,124.883,124.744,124.744,68172.8799999996,1.0,0.0,0.0
2016-02-23,13:17:00,124.744,124.81299999999999,124.565,124.802,71084.85999999961,1.0,0.0,0.0
2016-02-23,13:22:00,124.802,124.81299999999999,124.624,124.64399999999999,36458.45999999961,1.0,0.0,0.0
2016-02-23,13:27:00,124.64399999999999,124.67399999999999,124.376,124.535,72440.31999999963,1.0,0.0,0.0
2016-02-23,13:32:00,124.545,124.714,124.475,124.507,55706.78999999964,1.0,0.0,0.0
2016-02-23,13:37:00,124.475,124.515,124.038,124.206,103263.99999999962,1.0,0.0,0.0
2016-02-23,13:42:00,124.167,124.20700000000001,123.87899999999999,124.01,62360.09999999962,1.0,0.0,0.0
2016-02-23,13:47:00,124.01799999999999,124.19200000000001,123.90799999999999,124.12700000000001,39475.92999999962,1.0,0.0,0.0
2016-02-23,13:52:00,124.147,124.214,124.05799999999999,124.147,38439.299999999625,1.0,0.0,0.0
2016-02-23,13:57:00,124.147,124.23700000000001,124.038,124.15700000000001,55553.91999999962,1.0,0.0,0.0
2016-02-23,14:02:00,124.15700000000001,124.346,124.087,124.24700000000001,52030.70999999961,1.0,0.0,0.0
2016-02-23,14:07:00,124.257,124.555,124.20700000000001,124.446,62309.919999999605,1.0,0.0,0.0
2016-02-23,14:12:00,124.436,124.495,124.359,124.441,45820.5999999996,1.0,0.0,0.0
2016-02-23,14:17:00,124.455,124.565,124.416,124.535,48187.61999999961,1.0,0.0,0.0
2016-02-23,14:22:00,124.521,124.67399999999999,124.505,124.58200000000001,52507.239999999605,1.0,0.0,0.0
2016-02-23,14:27:00,124.56700000000001,124.654,124.396,124.416,64424.38999999961,1.0,0.0,0.0
2016-02-23,14:32:00,124.416,124.436,124.103,124.21700000000001,55624.2899999996,1.0,0.0,0.0
2016-02-23,14:37:00,124.23700000000001,124.27600000000001,124.038,124.102,46643.219999999594,1.0,0.0,0.0
2016-02-23,14:42:00,124.117,124.197,124.07700000000001,124.147,33282.079999999594,1.0,0.0,0.0
2016-02-23,14:47:00,124.18700000000001,124.24700000000001,123.90799999999999,123.928,63670.27999999959,1.0,0.0,0.0
2016-02-23,14:52:00,123.917,124.227,123.90899999999999,124.177,72849.52999999959,1.0,0.0,0.0
2016-02-23,14:57:00,124.15700000000001,124.21700000000001,124.02799999999999,124.196,32634.509999999595,1.0,0.0,0.0
2016-02-23,15:02:00,124.178,124.205,123.87899999999999,123.88799999999999,48822.11999999961,1.0,0.0,0.0
2016-02-23,15:07:00,123.88799999999999,123.99799999999999,123.729,123.948,92180.29999999964,1.0,0.0,0.0
2016-02-23,15:12:00,123.948,124.117,123.928,123.988,83857.79999999961,1.0,0.0,0.0
2016-02-23,15:17:00,123.99799999999999,124.10700000000001,123.898,124.10700000000001,52636.899999999616,1.0,0.0,0.0
2016-02-23,15:22:00,124.117,124.21700000000001,124.00299999999999,124.177,72363.82999999961,1.0,0.0,0.0
2016-02-23,15:27:00,124.164,124.236,124.09700000000001,124.137,82194.59999999961,1.0,0.0,0.0
2016-02-23,15:32:00,124.137,124.286,124.02799999999999,124.257,99971.79999999961,1.0,0.0,0.0
2016-02-23,15:37:00,124.286,124.366,124.177,124.21700000000001,118789.79999999957,1.0,0.0,0.0
2016-02-23,15:42:00,124.18700000000001,124.469,124.177,124.316,155381.99999999953,1.0,0.0,0.0
2016-02-23,15:47:00,124.336,124.336,124.137,124.21700000000001,180365.69999999955,1.0,0.0,0.0
2016-02-23,15:52:00,124.20700000000001,124.306,124.147,124.18700000000001,167487.2999999996,1.0,0.0,0.0
2016-02-23,15:57:00,124.18700000000001,124.21700000000001,123.88799999999999,123.958,241333.29999999964,1.0,0.0,0.0
2016-02-24,09:32:00,123.958,123.958,122.705,122.92399999999999,448937.9299999995,1.0,0.0,0.0
2016-02-24,09:37:00,122.927,123.63,122.804,123.584,147273.6999999996,1.0,0.0,0.0
2016-02-24,09:42:00,123.6,124.266,123.48100000000001,124.266,222171.4999999996,1.0,0.0,0.0
2016-02-24,09:47:00,124.197,124.734,123.20200000000001,123.51,225174.7999999996,1.0,0.0,0.0
2016-02-24,09:52:00,123.51100000000001,123.51100000000001,122.705,123.00299999999999,157750.99999999962,1.0,0.0,0.0
2016-02-24,09:57:00,123.00299999999999,124.244,122.934,123.978,128499.89999999963,1.0,0.0,0.0
2016-02-24,10:02:00,123.979,124.257,123.162,123.475,148597.99999999962,1.0,0.0,0.0
2016-02-24,10:07:00,123.471,123.76899999999999,123.352,123.69,93731.79999999964,1.0,0.0,0.0
2016-02-24,10:12:00,123.68299999999999,123.958,123.55,123.809,170015.99999999968,1.0,0.0,0.0
2016-02-24,10:17:00,123.789,123.84899999999999,123.073,123.11200000000001,153544.0999999997,1.0,0.0,0.0
2016-02-24,10:22:00,123.09299999999999,123.19200000000001,122.874,122.97399999999999,99662.19999999972,1.0,0.0,0.0
2016-02-24,10:27:00,123.01299999999999,123.09299999999999,122.824,122.946,117110.6999999997,1.0,0.0,0.0
2016-02-24,10:32:00,122.964,123.421,122.705,122.785,152815.9999999997,1.0,0.0,0.0
2016-02-24,10:37:00,122.814,123.03299999999999,122.705,122.934,119434.49999999972,1.0,0.0,0.0
2016-02-24,10:42:00,122.954,123.28200000000001,122.844,123.14299999999999,68709.93999999975,1.0,0.0,0.0
2016-02-24,10:47:00,123.15299999999999,123.28200000000001,123.06299999999999,123.15299999999999,83119.79999999976,1.0,0.0,0.0
2016-02-24,10:52:00,123.15299999999999,123.262,122.993,123.06299999999999,55008.93999999977,1.0,0.0,0.0
2016-02-24,10:57:00,123.036,123.15299999999999,122.904,123.044,63320.48999999977,1.0,0.0,0.0
2016-02-24,11:02:00,123.023,123.25200000000001,122.98299999999999,123.03299999999999,47911.139999999774,1.0,0.0,0.0
2016-02-24,11:07:00,123.023,123.113,122.914,122.98299999999999,54951.65999999976,1.0,0.0,0.0
2016-02-24,11:12:00,122.954,123.12299999999999,122.795,122.834,57703.70999999977,1.0,0.0,0.0
2016-02-24,11:17:00,122.819,123.03299999999999,122.57600000000001,122.616,68458.48999999976,1.0,0.0,0.0
2016-02-24,11:22:00,122.626,122.785,122.626,122.655,47640.61999999977,1.0,0.0,0.0
2016-02-24,11:27:00,122.684,122.775,122.556,122.655,70014.99999999977,1.0,0.0,0.0
2016-02-24,11:32:00,122.655,122.675,122.476,122.596,69743.50999999978,1.0,0.0,0.0
2016-02-24,11:37:00,122.596,122.645,122.516,122.60600000000001,83024.15999999977,1.0,0.0,0.0
2016-02-24,11:42:00,122.60600000000001,122.787,122.546,122.765,86929.61999999975,1.0,0.0,0.0
2016-02-24,11:47:00,122.785,122.854,122.675,122.80799999999999,90621.69999999974,1.0,0.0,0.0
2016-02-24,11:52:00,122.804,123.079,122.755,122.99700000000001,108924.84999999971,1.0,0.0,0.0
2016-02-24,11:57:00,122.99700000000001,123.219,122.944,123.15299999999999,70120.46999999971,1.0,0.0,0.0
2016-02-24,12:02:00,123.15299999999999,123.22200000000001,123.083,123.212,43485.8499999997,1.0,0.0,0.0
2016-02-24,12:07:00,123.212,123.71,123.19200000000001,123.54,151525.17999999967,1.0,0.0,0.0
2016-02-24,12:12:00,123.57,123.819,123.491,123.564,88381.49999999967,1.0,0.0,0.0
2016-02-24,12:17:00,123.56,123.57,123.23200000000001,123.30799999999999,101697.39999999967,1.0,0.0,0.0
2016-02-24,12:22:00,123.302,123.37100000000001,123.14299999999999,123.14299999999999,76643.29999999965,1.0,0.0,0.0
2016-02-24,12:27:00,123.14299999999999,123.17299999999999,122.914,122.97399999999999,85962.24999999964,1.0,0.0,0.0
2016-02-24,12:32:00,122.914,123.023,122.735,122.735,51308.73999999964,1.0,0.0,0.0
2016-02-24,12:37:00,122.785,122.785,122.427,122.428,77947.37999999967,1.0,0.0,0.0
2016-02-24,12:42:00,122.40700000000001,122.427,122.24799999999999,122.307,95378.69999999966,1.0,0.0,0.0
2016-02-24,12:47:00,122.31700000000001,122.705,122.29700000000001,122.685,58001.28999999969,1.0,0.0,0.0
2016-02-24,12:52:00,122.70100000000001,122.824,122.665,122.785,66148.89999999967,1.0,0.0,0.0
2016-02-24,12:57:00,122.824,122.824,122.695,122.785,38425.21999999968,1.0,0.0,0.0
2016-02-24,13:02:00,122.785,122.814,122.596,122.60600000000001,44696.519999999684,1.0,0.0,0.0
2016-02-24,13:07:00,122.60600000000001,123.06299999999999,122.60600000000001,123.04299999999999,106784.19999999969,1.0,0.0,0.0
2016-02-24,13:12:00,123.053,123.12299999999999,122.655,122.695,85076.4999999997,1.0,0.0,0.0
2016-02-24,13:17:00,122.695,122.775,122.596,122.60600000000001,77850.8999999997,1.0,0.0,0.0
2016-02-24,13:22:00,122.60600000000001,122.775,122.596,122.765,45022.23999999969,1.0,0.0,0.0
2016-02-24,13:27:00,122.775,122.854,122.645,122.665,46654.219999999696,1.0,0.0,0.0
2016-02-24,13:32:00,122.655,122.904,122.645,122.814,48880.39999999968,1.0,0.0,0.0
2016-02-24,13:37:00,122.794,122.814,122.675,122.685,33955.74999999969,1.0,0.0,0.0
2016-02-24,13:42:00,122.681,122.934,122.655,122.914,60601.5099999997,1.0,0.0,0.0
2016-02-24,13:47:00,122.904,123.083,122.755,122.755,49676.729999999705,1.0,0.0,0.0
2016-02-24,13:52:00,122.745,122.904,122.645,122.884,54072.84999999971,1.0,0.0,0.0
2016-02-24,13:57:00,122.844,123.09299999999999,122.795,123.072,75412.5099999997,1.0,0.0,0.0
2016-02-24,14:02:00,123.055,123.073,122.844,122.91799999999999,71781.67999999969,1.0,0.0,0.0
2016-02-24,14:07:00,122.914,123.103,122.914,123.04299999999999,116978.91999999969,1.0,0.0,0.0
2016-02-24,14:12:00,123.053,123.45100000000001,123.038,123.391,127582.89999999969,1.0,0.0,0.0
2016-02-24,14:17:00,123.40100000000001,123.699,123.37100000000001,123.68,89144.59999999969,1.0,0.0,0.0
2016-02-24,14:22:00,123.68,123.91799999999999,123.65,123.859,93748.77999999968,1.0,0.0,0.0
2016-02-24,14:27:00,123.84899999999999,124.21700000000001,123.81200000000001,124.21700000000001,142986.2999999997,1.0,0.0,0.0
2016-02-24,14:32:00,124.21700000000001,124.316,123.96799999999999,123.978,82081.00999999972,1.0,0.0,0.0
2016-02-24,14:37:00,123.96799999999999,124.10700000000001,123.829,123.846,112672.49999999974,1.0,0.0,0.0
2016-02-24,14:42:00,123.859,123.96799999999999,123.71,123.90100000000001,78855.42999999975,1.0,0.0,0.0
2016-02-24,14:47:00,123.90799999999999,124.137,123.898,124.05799999999999,105479.09999999974,1.0,0.0,0.0
2016-02-24,14:52:00,124.04799999999999,124.177,123.809,123.829,114254.09999999977,1.0,0.0,0.0
2016-02-24,14:57:00,123.809,123.87899999999999,123.73899999999999,123.79899999999999,76104.26999999977,1.0,0.0,0.0
2016-02-24,15:02:00,123.789,124.05799999999999,123.789,124.008,46780.919999999765,1.0,0.0,0.0
2016-02-24,15:07:00,124.01799999999999,124.147,123.91799999999999,124.12200000000001,46678.38999999977,1.0,0.0,0.0
2016-02-24,15:12:00,124.137,124.803,124.117,124.45,136938.19999999978,1.0,0.0,0.0
2016-02-24,15:17:00,124.446,124.684,124.257,124.595,111293.79999999978,1.0,0.0,0.0
2016-02-24,15:22:00,124.605,124.764,124.525,124.714,88144.19999999981,1.0,0.0,0.0
2016-02-24,15:27:00,124.73100000000001,124.794,124.505,124.75399999999999,89329.69999999982,1.0,0.0,0.0
2016-02-24,15:32:00,124.78399999999999,125.09200000000001,124.714,124.774,135798.8999999998,1.0,0.0,0.0
2016-02-24,15:37:00,124.774,124.913,124.634,124.89299999999999,114021.79999999984,1.0,0.0,0.0
2016-02-24,15:42:00,124.883,125.012,124.75399999999999,124.81299999999999,108740.89999999986,1.0,0.0,0.0
2016-02-24,15:47:00,124.833,124.833,124.336,124.354,116192.69999999985,1.0,0.0,0.0
2016-02-24,15:52:00,124.35600000000001,124.694,124.336,124.67399999999999,126532.29999999984,1.0,0.0,0.0
2016-02-24,15:57:00,124.664,124.98200000000001,124.654,124.962,219829.49999999983,1.0,0.0,0.0
2016-02-25,09:32:00,124.95299999999999,125.345,124.833,125.196,277378.1999999998,1.0,0.0,0.0
2016-02-25,09:37:00,125.221,125.699,125.042,125.23100000000001,169786.7999999998,1.0,0.0,0.0
2016-02-25,09:42:00,125.25,125.639,125.161,125.41,153929.99999999985,1.0,0.0,0.0
2016-02-25,09:47:00,125.39,125.44,124.634,124.654,123111.59999999986,1.0,0.0,0.0
2016-02-25,09:52:00,124.675,124.913,124.475,124.883,40268.339999999866,1.0,0.0,0.0
2016-02-25,09:57:00,124.9,125.152,124.624,124.624,58285.839999999866,1.0,0.0,0.0
2016-02-25,10:02:00,124.67399999999999,124.744,124.20700000000001,124.396,65776.77999999988,1.0,0.0,0.0
2016-02-25,10:07:00,124.336,124.535,124.336,124.495,51452.459999999875,1.0,0.0,0.0
2016-02-25,10:12:00,124.525,124.575,124.35600000000001,124.486,72217.06999999988,1.0,0.0,0.0
2016-02-25,10:17:00,124.485,125.06200000000001,124.485,124.98200000000001,84591.79999999989,1.0,0.0,0.0
2016-02-25,10:22:00,124.95299999999999,125.11200000000001,124.78399999999999,124.853,73883.18999999987,1.0,0.0,0.0
2016-02-25,10:27:00,124.853,124.853,124.545,124.704,43125.92999999989,1.0,0.0,0.0
2016-02-25,10:32:00,124.75399999999999,124.95299999999999,124.586,124.81299999999999,47360.13999999989,1.0,0.0,0.0
2016-02-25,10:37:00,124.803,124.95299999999999,124.714,124.833,43928.289999999884,1.0,0.0,0.0
2016-02-25,10:42:00,124.845,125.052,124.78399999999999,124.92299999999999,58985.61999999989,1.0,0.0,0.0
2016-02-25,10:47:00,124.87299999999999,124.89299999999999,124.694,124.694,70046.13999999991,1.0,0.0,0.0
2016-02-25,10:52:00,124.694,124.84299999999999,124.694,124.84299999999999,37452.8799999999,1.0,0.0,0.0
2016-02-25,10:57:00,124.81299999999999,124.863,124.72399999999999,124.833,59029.96999999991,1.0,0.0,0.0
2016-02-25,11:02:00,124.81299999999999,124.853,124.505,124.565,55041.08999999994,1.0,0.0,0.0
2016-02-25,11:07:00,124.565,124.764,124.555,124.704,46146.439999999944,1.0,0.0,0.0
2016-02-25,11:12:00,124.694,124.913,124.694,124.913,23373.869999999937,1.0,0.0,0.0
2016-02-25,11:17:00,124.943,124.943,124.634,124.844,36503.69999999993,1.0,0.0,0.0
2016-02-25,11:22:00,124.81299999999999,124.863,124.634,124.75399999999999,37559.48999999993,1.0,0.0,0.0
2016-02-25,11:27:00,124.75,124.963,124.734,124.913,41619.719999999936,1.0,0.0,0.0
2016-02-25,11:32:00,124.87299999999999,125.052,124.84299999999999,124.93299999999999,33419.83999999993,1.0,0.0,0.0
2016-02-25,11:37:00,124.931,125.072,124.87299999999999,125.042,23722.779999999922,1.0,0.0,0.0
2016-02-25,11:42:00,125.072,125.11200000000001,124.883,124.883,77872.09999999993,1.0,0.0,0.0
2016-02-25,11:47:00,124.90299999999999,124.943,124.744,124.803,39364.359999999935,1.0,0.0,0.0
2016-02-25,11:52:00,124.81299999999999,125.14200000000001,124.764,125.09200000000001,31312.339999999927,1.0,0.0,0.0
2016-02-25,11:57:00,125.102,125.181,124.98200000000001,125.132,35122.149999999936,1.0,0.0,0.0
2016-02-25,12:02:00,125.132,125.181,124.973,125.038,33166.43999999992,1.0,0.0,0.0
2016-02-25,12:07:00,125.037,125.052,124.89299999999999,125.014,38947.09999999992,1.0,0.0,0.0
2016-02-25,12:12:00,125.022,125.14200000000001,124.85700000000001,124.959,50414.819999999905,1.0,0.0,0.0
2016-02-25,12:17:00,124.973,125.12200000000001,124.84299999999999,125.022,46576.78999999991,1.0,0.0,0.0
2016-02-25,12:22:00,125.022,125.04,124.883,124.943,17092.499999999905,1.0,0.0,0.0
2016-02-25,12:27:00,124.955,125.012,124.866,124.958,18116.1069999999,1.0,0.0,0.0
2016-02-25,12:32:00,124.943,124.993,124.823,124.833,25786.059999999903,1.0,0.0,0.0
2016-02-25,12:37:00,124.823,124.87299999999999,124.72399999999999,124.853,16659.1399999999,1.0,0.0,0.0
2016-02-25,12:42:00,124.833,124.87299999999999,124.704,124.749,22764.5299999999,1.0,0.0,0.0
2016-02-25,12:47:00,124.75399999999999,124.75399999999999,124.455,124.485,27747.7999999999,1.0,0.0,0.0
2016-02-25,12:52:00,124.475,124.84299999999999,124.475,124.794,26989.599999999897,1.0,0.0,0.0
2016-02-25,12:57:00,124.794,124.863,124.75399999999999,124.75399999999999,22411.599999999897,1.0,0.0,0.0
2016-02-25,13:02:00,124.75399999999999,124.943,124.734,124.92299999999999,26635.6899999999,1.0,0.0,0.0
2016-02-25,13:07:00,124.93299999999999,125.052,124.863,124.98200000000001,37889.25999999991,1.0,0.0,0.0
2016-02-25,13:12:00,124.963,125.042,124.87299999999999,124.98200000000001,29738.689999999904,1.0,0.0,0.0
2016-02-25,13:17:00,124.943,125.09200000000001,124.943,125.012,25219.959999999908,1.0,0.0,0.0
2016-02-25,13:22:00,125.042,125.102,124.993,125.00200000000001,24046.539999999917,1.0,0.0,0.0
2016-02-25,13:27:00,125.052,125.102,124.833,124.889,48167.46999999992,1.0,0.0,0.0
2016-02-25,13:32:00,124.89299999999999,125.00200000000001,124.846,124.95299999999999,45043.41999999991,1.0,0.0,0.0
2016-02-25,13:37:00,124.93299999999999,125.042,124.90299999999999,125.03200000000001,45411.38999999992,1.0,0.0,0.0
2016-02-25,13:42:00,125.012,125.102,125.00200000000001,125.08200000000001,38274.34999999992,1.0,0.0,0.0
2016-02-25,13:47:00,125.08200000000001,125.161,125.066,125.102,27486.369999999923,1.0,0.0,0.0
2016-02-25,13:52:00,125.102,125.38,125.08200000000001,125.351,73934.3999999999,1.0,0.0,0.0
2016-02-25,13:57:00,125.369,125.444,125.251,125.26100000000001,45820.659999999916,1.0,0.0,0.0
2016-02-25,14:02:00,125.257,125.301,124.98200000000001,124.985,57416.11999999992,1.0,0.0,0.0
2016-02-25,14:07:00,125.00200000000001,125.12200000000001,124.883,124.90299999999999,47233.38999999991,1.0,0.0,0.0
2016-02-25,14:12:00,124.90299999999999,125.03200000000001,124.84299999999999,125.03200000000001,39961.5699999999,1.0,0.0,0.0
2016-02-25,14:17:00,125.022,125.20100000000001,124.963,125.152,78637.2099999999,1.0,0.0,0.0
2016-02-25,14:22:00,125.14200000000001,125.49,125.132,125.375,126947.49999999991,1.0,0.0,0.0
2016-02-25,14:27:00,125.38,125.559,125.36,125.51,95745.72999999991,1.0,0.0,0.0
2016-02-25,14:32:00,125.48,125.639,125.45,125.619,59222.97999999992,1.0,0.0,0.0
2016-02-25,14:37:00,125.62899999999999,125.73700000000001,125.45,125.53,108452.28999999992,1.0,0.0,0.0
2016-02-25,14:42:00,125.5,125.65899999999999,125.5,125.609,47114.699999999924,1.0,0.0,0.0
2016-02-25,14:47:00,125.579,125.689,125.52,125.53,94211.37999999992,1.0,0.0,0.0
2016-02-25,14:52:00,125.52,125.619,125.411,125.499,26675.91999999991,1.0,0.0,0.0
2016-02-25,14:57:00,125.46,125.559,125.445,125.5,40772.099999999904,1.0,0.0,0.0
2016-02-25,15:02:00,125.53,125.559,125.321,125.43700000000001,60140.00999999991,1.0,0.0,0.0
2016-02-25,15:07:00,125.43,125.699,125.43,125.649,50966.8799999999,1.0,0.0,0.0
2016-02-25,15:12:00,125.65899999999999,125.80799999999999,125.649,125.699,34864.7299999999,1.0,0.0,0.0
2016-02-25,15:17:00,125.699,125.868,125.689,125.788,77272.7799999999,1.0,0.0,0.0
2016-02-25,15:22:00,125.79299999999999,125.887,125.74799999999999,125.788,42561.8099999999,1.0,0.0,0.0
2016-02-25,15:27:00,125.771,125.788,125.52,125.559,75860.9599999999,1.0,0.0,0.0
2016-02-25,15:32:00,125.539,125.679,125.44,125.559,56697.18999999992,1.0,0.0,0.0
2016-02-25,15:37:00,125.559,125.76700000000001,125.53,125.738,49550.059999999925,1.0,0.0,0.0
2016-02-25,15:42:00,125.74799999999999,125.85799999999999,125.649,125.848,73059.73999999992,1.0,0.0,0.0
2016-02-25,15:47:00,125.848,125.99700000000001,125.838,125.96700000000001,127213.99999999991,1.0,0.0,0.0
2016-02-25,15:52:00,125.96700000000001,125.99700000000001,125.868,125.887,98908.0999999999,1.0,0.0,0.0
2016-02-25,15:57:00,125.897,126.086,125.87799999999999,126.06700000000001,121706.8999999999,1.0,0.0,0.0
2016-02-26,09:32:00,126.086,126.94200000000001,126.027,126.92200000000001,122282.91399999987,1.0,0.0,0.0
2016-02-26,09:37:00,126.76299999999999,127.051,126.325,126.67299999999999,266040.64999999985,1.0,0.0,0.0
2016-02-26,09:42:00,126.663,126.902,126.176,126.176,112035.91999999984,1.0,0.0,0.0
2016-02-26,09:47:00,126.226,126.62299999999999,126.027,126.13600000000001,100621.49999999984,1.0,0.0,0.0
2016-02-26,09:52:00,126.13600000000001,126.156,125.74600000000001,125.749,84084.91999999985,1.0,0.0,0.0
2016-02-26,09:57:00,125.738,126.21600000000001,125.71799999999999,125.927,50724.46999999987,1.0,0.0,0.0
2016-02-26,10:02:00,125.917,125.95700000000001,125.579,125.62899999999999,108610.09999999986,1.0,0.0,0.0
2016-02-26,10:07:00,125.589,125.728,125.53,125.709,76322.57999999986,1.0,0.0,0.0
2016-02-26,10:12:00,125.71799999999999,125.77799999999999,125.42,125.6,121068.39999999986,1.0,0.0,0.0
2016-02-26,10:17:00,125.65899999999999,126.13600000000001,125.634,125.788,90455.70999999985,1.0,0.0,0.0
2016-02-26,10:22:00,125.773,125.99700000000001,125.689,125.788,26293.83999999985,1.0,0.0,0.0
2016-02-26,10:27:00,125.78399999999999,125.80799999999999,125.609,125.679,40592.019999999844,1.0,0.0,0.0
2016-02-26,10:32:00,125.70299999999999,126.01700000000001,125.669,126.01700000000001,63325.35999999984,1.0,0.0,0.0
2016-02-26,10:37:00,125.99700000000001,126.275,125.977,126.24600000000001,70866.80999999985,1.0,0.0,0.0
2016-02-26,10:42:00,126.24600000000001,126.50399999999999,126.21600000000001,126.365,42775.95999999986,1.0,0.0,0.0
2016-02-26,10:47:00,126.365,126.464,126.275,126.426,53049.27999999987,1.0,0.0,0.0
2016-02-26,10:52:00,126.415,126.445,126.266,126.295,74455.27999999985,1.0,0.0,0.0
2016-02-26,10:57:00,126.275,126.345,125.85799999999999,125.947,72581.01999999987,1.0,0.0,0.0
2016-02-26,11:02:00,125.887,125.95700000000001,125.639,125.758,110794.09999999986,1.0,0.0,0.0
2016-02-26,11:07:00,125.73,125.838,125.559,125.60600000000001,62641.66999999987,1.0,0.0,0.0
2016-02-26,11:12:00,125.594,125.664,125.41,125.45,48129.24999999987,1.0,0.0,0.0
2016-02-26,11:17:00,125.45,125.48,125.289,125.331,94470.81999999986,1.0,0.0,0.0
2016-02-26,11:22:00,125.331,125.557,125.301,125.508,40477.38999999987,1.0,0.0,0.0
2016-02-26,11:27:00,125.52,125.53,125.34,125.4,42715.65999999987,1.0,0.0,0.0
2016-02-26,11:32:00,125.4,125.493,125.311,125.493,26829.779999999868,1.0,0.0,0.0
2016-02-26,11:37:00,125.5,125.728,125.41,125.699,31552.60999999987,1.0,0.0,0.0
2016-02-26,11:42:00,125.689,125.738,125.459,125.639,41815.78999999987,1.0,0.0,0.0
2016-02-26,11:47:00,125.609,125.689,125.559,125.669,44372.74999999987,1.0,0.0,0.0
2016-02-26,11:52:00,125.649,125.689,125.59899999999999,125.65899999999999,18844.089999999873,1.0,0.0,0.0
2016-02-26,11:57:00,125.669,125.73299999999999,125.559,125.73299999999999,65163.489999999874,1.0,0.0,0.0
2016-02-26,12:02:00,125.738,125.758,125.36,125.53,37839.99999999988,1.0,0.0,0.0
2016-02-26,12:07:00,125.54899999999999,125.619,125.321,125.43,40508.59999999988,1.0,0.0,0.0
2016-02-26,12:12:00,125.48,125.589,125.4,125.544,32135.76999999988,1.0,0.0,0.0
2016-02-26,12:17:00,125.539,125.65899999999999,125.37,125.649,26469.799999999876,1.0,0.0,0.0
2016-02-26,12:22:00,125.609,125.679,125.541,125.639,53412.16999999988,1.0,0.0,0.0
2016-02-26,12:27:00,125.609,125.738,125.54899999999999,125.669,29369.709999999883,1.0,0.0,0.0
2016-02-26,12:32:00,125.649,125.82799999999999,125.53,125.80799999999999,34443.44999999988,1.0,0.0,0.0
2016-02-26,12:37:00,125.80799999999999,125.868,125.699,125.709,32829.53999999988,1.0,0.0,0.0
2016-02-26,12:42:00,125.738,125.788,125.619,125.728,18081.929999999884,1.0,0.0,0.0
2016-02-26,12:47:00,125.727,125.838,125.679,125.79299999999999,22465.909999999883,1.0,0.0,0.0
2016-02-26,12:52:00,125.77799999999999,125.848,125.679,125.838,14680.309999999881,1.0,0.0,0.0
2016-02-26,12:57:00,125.85799999999999,126.13600000000001,125.788,125.947,32756.199999999877,1.0,0.0,0.0
2016-02-26,13:02:00,125.947,126.116,125.927,126.10600000000001,23292.419999999867,1.0,0.0,0.0
2016-02-26,13:07:00,126.116,126.206,126.007,126.126,32306.769999999866,1.0,0.0,0.0
2016-02-26,13:12:00,126.116,126.275,126.116,126.20299999999999,33960.80999999985,1.0,0.0,0.0
2016-02-26,13:17:00,126.21600000000001,126.256,126.04299999999999,126.06700000000001,18236.74999999985,1.0,0.0,0.0
2016-02-26,13:22:00,126.07600000000001,126.13600000000001,126.04700000000001,126.116,25786.05999999985,1.0,0.0,0.0
2016-02-26,13:27:00,126.10600000000001,126.126,125.98700000000001,126.07600000000001,26678.94999999985,1.0,0.0,0.0
2016-02-26,13:32:00,126.06700000000001,126.13600000000001,126.01700000000001,126.07600000000001,25813.21999999986,1.0,0.0,0.0
2016-02-26,13:37:00,126.084,126.256,126.074,126.177,36923.00999999986,1.0,0.0,0.0
2016-02-26,13:42:00,126.166,126.196,125.95700000000001,125.96700000000001,31654.179999999855,1.0,0.0,0.0
2016-02-26,13:47:00,125.96700000000001,125.977,125.788,125.87799999999999,29097.169999999853,1.0,0.0,0.0
2016-02-26,13:52:00,125.868,125.887,125.709,125.728,22335.179999999855,1.0,0.0,0.0
2016-02-26,13:57:00,125.728,125.80799999999999,125.579,125.709,31935.749999999858,1.0,0.0,0.0
2016-02-26,14:02:00,125.709,125.90700000000001,125.709,125.838,33685.23999999987,1.0,0.0,0.0
2016-02-26,14:07:00,125.838,125.887,125.699,125.749,56868.17999999987,1.0,0.0,0.0
2016-02-26,14:12:00,125.73700000000001,125.79799999999999,125.53,125.54899999999999,36689.66999999989,1.0,0.0,0.0
2016-02-26,14:17:00,125.579,125.65899999999999,125.54899999999999,125.649,34226.25999999988,1.0,0.0,0.0
2016-02-26,14:22:00,125.65899999999999,125.788,125.539,125.788,24799.669999999875,1.0,0.0,0.0
2016-02-26,14:27:00,125.76799999999999,125.87799999999999,125.71799999999999,125.85799999999999,25698.589999999876,1.0,0.0,0.0
2016-02-26,14:32:00,125.82799999999999,125.82799999999999,125.709,125.71799999999999,21655.45999999987,1.0,0.0,0.0
2016-02-26,14:37:00,125.699,125.71799999999999,125.44200000000001,125.44200000000001,34538.919999999875,1.0,0.0,0.0
2016-02-26,14:42:00,125.43,125.47,125.241,125.337,55171.80999999987,1.0,0.0,0.0
2016-02-26,14:47:00,125.331,125.43,125.292,125.399,49780.28999999986,1.0,0.0,0.0
2016-02-26,14:52:00,125.4,125.43,125.301,125.311,34832.55999999985,1.0,0.0,0.0
2016-02-26,14:57:00,125.291,125.43,125.291,125.37,26225.479999999843,1.0,0.0,0.0
2016-02-26,15:02:00,125.38,125.557,125.281,125.521,52016.56999999984,1.0,0.0,0.0
2016-02-26,15:07:00,125.52,125.868,125.51,125.792,41479.99999999984,1.0,0.0,0.0
2016-02-26,15:12:00,125.79799999999999,125.868,125.758,125.795,32292.649999999834,1.0,0.0,0.0
2016-02-26,15:17:00,125.788,125.818,125.65899999999999,125.65899999999999,36989.40999999983,1.0,0.0,0.0
2016-02-26,15:22:00,125.689,125.71799999999999,125.602,125.649,41107.94999999983,1.0,0.0,0.0
2016-02-26,15:27:00,125.649,125.788,125.609,125.788,41833.84999999983,1.0,0.0,0.0
2016-02-26,15:32:00,125.788,125.82799999999999,125.59899999999999,125.818,59258.14999999983,1.0,0.0,0.0
2016-02-26,15:37:00,125.80799999999999,125.848,125.679,125.709,54150.30999999984,1.0,0.0,0.0
2016-02-26,15:42:00,125.728,125.79799999999999,125.619,125.76799999999999,54192.42999999984,1.0,0.0,0.0
2016-02-26,15:47:00,125.76799999999999,125.87799999999999,125.758,125.81200000000001,66082.49999999983,1.0,0.0,0.0
2016-02-26,15:52:00,125.80799999999999,125.85799999999999,125.71799999999999,125.738,89668.59999999982,1.0,0.0,0.0
2016-02-26,15:57:00,125.738,125.74799999999999,125.649,125.709,174533.89999999985,1.0,0.0,0.0
2016-02-29,09:32:00,125.709,125.758,124.92299999999999,125.62899999999999,238065.39999999985,1.0,0.0,0.0
2016-02-29,09:37:00,125.619,126.15100000000001,125.43,126.09899999999999,49825.53999999986,1.0,0.0,0.0
2016-02-29,09:42:00,126.10600000000001,126.295,125.771,125.915,83604.34999999986,1.0,0.0,0.0
2016-02-29,09:47:00,125.88600000000001,125.98700000000001,125.639,125.90700000000001,35799.84999999986,1.0,0.0,0.0
2016-02-29,09:52:00,125.887,126.10600000000001,125.76799999999999,125.87799999999999,47863.82999999987,1.0,0.0,0.0
2016-02-29,09:57:00,125.90700000000001,126.057,125.848,125.917,57189.88999999987,1.0,0.0,0.0
2016-02-29,10:02:00,125.95299999999999,125.95299999999999,125.291,125.41,56786.66999999988,1.0,0.0,0.0
2016-02-29,10:07:00,125.45,125.45,125.03200000000001,125.03200000000001,74320.59999999987,1.0,0.0,0.0
2016-02-29,10:12:00,125.03200000000001,125.132,124.913,125.012,47311.84999999987,1.0,0.0,0.0
2016-02-29,10:17:00,125.012,125.161,124.863,124.93299999999999,40183.84999999986,1.0,0.0,0.0
2016-02-29,10:22:00,124.963,125.12200000000001,124.72399999999999,125.096,123352.86999999985,1.0,0.0,0.0
2016-02-29,10:27:00,125.072,125.171,124.833,124.87299999999999,46020.83999999984,1.0,0.0,0.0
2016-02-29,10:32:00,124.853,125.022,124.794,124.913,39825.83999999984,1.0,0.0,0.0
2016-02-29,10:37:00,124.913,125.022,124.75399999999999,125.012,37171.369999999835,1.0,0.0,0.0
2016-02-29,10:42:00,125.022,125.08200000000001,124.90299999999999,125.06200000000001,33828.10999999984,1.0,0.0,0.0
2016-02-29,10:47:00,125.06200000000001,125.102,124.833,125.012,38162.77999999984,1.0,0.0,0.0
2016-02-29,10:52:00,125.012,125.069,124.853,125.069,31176.549999999832,1.0,0.0,0.0
2016-02-29,10:57:00,125.08200000000001,125.241,125.042,125.181,33949.759999999835,1.0,0.0,0.0
2016-02-29,11:02:00,125.17200000000001,125.211,125.012,125.11200000000001,35150.329999999834,1.0,0.0,0.0
2016-02-29,11:07:00,125.102,125.23100000000001,124.926,124.95299999999999,33626.95999999983,1.0,0.0,0.0
2016-02-29,11:12:00,124.973,125.052,124.84299999999999,125.052,29845.29999999983,1.0,0.0,0.0
2016-02-29,11:17:00,125.042,125.075,124.823,124.963,30985.519999999837,1.0,0.0,0.0
2016-02-29,11:22:00,124.993,125.166,124.95299999999999,125.12100000000001,31192.649999999834,1.0,0.0,0.0
2016-02-29,11:27:00,125.11200000000001,125.26100000000001,125.09200000000001,125.11200000000001,43465.77999999983,1.0,0.0,0.0
2016-02-29,11:32:00,125.12200000000001,125.241,124.98200000000001,125.20100000000001,20120.07999999983,1.0,0.0,0.0
2016-02-29,11:37:00,125.21600000000001,125.65899999999999,125.21600000000001,125.649,56270.859999999826,1.0,0.0,0.0
2016-02-29,11:42:00,125.634,125.66799999999999,125.45,125.455,48693.38999999983,1.0,0.0,0.0
2016-02-29,11:47:00,125.45,125.609,125.37,125.47,68114.59999999985,1.0,0.0,0.0
2016-02-29,11:52:00,125.47,125.559,125.43,125.53,46809.99999999985,1.0,0.0,0.0
2016-02-29,11:57:00,125.51,125.559,125.38,125.42,30252.49999999984,1.0,0.0,0.0
2016-02-29,12:02:00,125.39,125.47,125.38,125.42,21519.71999999984,1.0,0.0,0.0
2016-02-29,12:07:00,125.42,125.5,125.42,125.45,34332.82999999983,1.0,0.0,0.0
2016-02-29,12:12:00,125.46,125.559,125.44,125.559,26493.969999999827,1.0,0.0,0.0
2016-02-29,12:17:00,125.539,125.619,125.46,125.579,23153.68299999982,1.0,0.0,0.0
2016-02-29,12:22:00,125.59899999999999,125.649,125.51,125.53,20542.379999999823,1.0,0.0,0.0
2016-02-29,12:27:00,125.51,125.52,125.331,125.351,40813.26999999982,1.0,0.0,0.0
2016-02-29,12:32:00,125.39,125.46,125.291,125.331,23493.489999999823,1.0,0.0,0.0
2016-02-29,12:37:00,125.351,125.45,125.311,125.37,18140.239999999823,1.0,0.0,0.0
2016-02-29,12:42:00,125.36,125.41,125.23100000000001,125.351,29646.159999999825,1.0,0.0,0.0
2016-02-29,12:47:00,125.37,125.37,125.12200000000001,125.178,20665.059999999823,1.0,0.0,0.0
2016-02-29,12:52:00,125.17200000000001,125.211,125.06200000000001,125.152,26886.069999999818,1.0,0.0,0.0
2016-02-29,12:57:00,125.152,125.251,125.132,125.163,14485.249999999816,1.0,0.0,0.0
2016-02-29,13:02:00,125.14200000000001,125.161,125.052,125.052,24920.33999999982,1.0,0.0,0.0
2016-02-29,13:07:00,125.052,125.134,124.993,125.042,16888.389999999814,1.0,0.0,0.0
2016-02-29,13:12:00,125.052,125.072,124.883,124.90899999999999,20935.53999999981,1.0,0.0,0.0
2016-02-29,13:17:00,124.883,124.95299999999999,124.833,124.95299999999999,20491.10999999981,1.0,0.0,0.0
2016-02-29,13:22:00,124.95,125.11200000000001,124.943,125.11200000000001,42772.97999999981,1.0,0.0,0.0
2016-02-29,13:27:00,125.08200000000001,125.26100000000001,125.03200000000001,125.072,49582.27999999982,1.0,0.0,0.0
2016-02-29,13:32:00,125.052,125.052,124.823,124.883,38276.39999999981,1.0,0.0,0.0
2016-02-29,13:37:00,124.90299999999999,124.913,124.794,124.89299999999999,27695.50999999982,1.0,0.0,0.0
2016-02-29,13:42:00,124.89299999999999,124.98200000000001,124.823,124.853,26552.25999999982,1.0,0.0,0.0
2016-02-29,13:47:00,124.84299999999999,124.89299999999999,124.744,124.764,35094.93999999981,1.0,0.0,0.0
2016-02-29,13:52:00,124.744,124.774,124.684,124.744,25520.609999999808,1.0,0.0,0.0
2016-02-29,13:57:00,124.734,124.815,124.664,124.75399999999999,19677.649999999805,1.0,0.0,0.0
2016-02-29,14:02:00,124.764,124.823,124.67399999999999,124.72399999999999,33138.28999999981,1.0,0.0,0.0
2016-02-29,14:07:00,124.714,124.764,124.575,124.595,42069.15999999981,1.0,0.0,0.0
2016-02-29,14:12:00,124.595,124.595,124.32600000000001,124.396,66847.58999999978,1.0,0.0,0.0
2016-02-29,14:17:00,124.40100000000001,124.406,124.197,124.35600000000001,52524.33999999979,1.0,0.0,0.0
2016-02-29,14:22:00,124.36200000000001,124.396,124.07700000000001,124.15700000000001,40112.47999999978,1.0,0.0,0.0
2016-02-29,14:27:00,124.15700000000001,124.306,124.10700000000001,124.257,48116.23999999977,1.0,0.0,0.0
2016-02-29,14:32:00,124.27600000000001,124.555,124.257,124.366,49603.35999999976,1.0,0.0,0.0
2016-02-29,14:37:00,124.396,124.436,124.32600000000001,124.436,30126.81999999976,1.0,0.0,0.0
2016-02-29,14:42:00,124.446,124.505,124.147,124.20700000000001,34802.33999999976,1.0,0.0,0.0
2016-02-29,14:47:00,124.227,124.286,124.087,124.227,62109.84999999975,1.0,0.0,0.0
2016-02-29,14:52:00,124.20700000000001,124.316,124.197,124.24700000000001,30834.65999999974,1.0,0.0,0.0
2016-02-29,14:57:00,124.257,124.296,124.087,124.10700000000001,56792.679999999746,1.0,0.0,0.0
2016-02-29,15:02:00,124.117,124.191,123.90799999999999,123.941,67529.43999999974,1.0,0.0,0.0
2016-02-29,15:07:00,123.948,124.01799999999999,123.76899999999999,123.859,100000.10999999974,1.0,0.0,0.0
2016-02-29,15:12:00,123.859,124.02799999999999,123.819,123.829,62245.52999999972,1.0,0.0,0.0
2016-02-29,15:17:00,123.819,123.869,123.568,123.65,89816.39999999973,1.0,0.0,0.0
2016-02-29,15:22:00,123.65,123.68,123.521,123.65,159330.59999999974,1.0,0.0,0.0
2016-02-29,15:27:00,123.64200000000001,123.759,123.521,123.749,81497.79999999978,1.0,0.0,0.0
2016-02-29,15:32:00,123.759,123.99799999999999,123.71,123.93799999999999,120187.49999999981,1.0,0.0,0.0
2016-02-29,15:37:00,123.958,123.978,123.809,123.859,85706.79999999983,1.0,0.0,0.0
2016-02-29,15:42:00,123.859,123.96799999999999,123.65,123.68,107974.59999999982,1.0,0.0,0.0
2016-02-29,15:47:00,123.68,123.93799999999999,123.68,123.839,100739.09999999983,1.0,0.0,0.0
2016-02-29,15:52:00,123.819,123.869,123.71,123.72399999999999,110787.99999999981,1.0,0.0,0.0
2016-02-29,15:57:00,123.719,123.779,123.56,123.58,183255.39999999982,1.0,0.0,0.0
2016-03-01,09:32:00,123.6,124.545,123.37100000000001,124.416,346473.21999999986,1.0,0.0,0.0
2016-03-01,09:37:00,124.436,124.495,123.948,123.948,125112.39999999988,1.0,0.0,0.0
2016-03-01,09:42:00,123.948,123.96799999999999,123.461,123.64,97029.79999999989,1.0,0.0,0.0
2016-03-01,09:47:00,123.73899999999999,123.948,123.33200000000001,123.40100000000001,61909.68999999987,1.0,0.0,0.0
2016-03-01,09:52:00,123.40100000000001,123.928,123.40100000000001,123.59,85507.71999999987,1.0,0.0,0.0
2016-03-01,09:57:00,123.6,123.7,123.34100000000001,123.34100000000001,81411.29999999984,1.0,0.0,0.0
2016-03-01,10:02:00,123.366,124.09700000000001,123.302,123.91799999999999,154132.19999999984,1.0,0.0,0.0
2016-03-01,10:07:00,123.904,124.05799999999999,123.64,123.789,69855.14999999982,1.0,0.0,0.0
2016-03-01,10:12:00,123.823,123.958,123.7,123.869,129350.69999999982,1.0,0.0,0.0
2016-03-01,10:17:00,123.829,124.10700000000001,123.819,124.03299999999999,65013.759999999835,1.0,0.0,0.0
2016-03-01,10:22:00,124.008,124.296,123.88799999999999,124.296,56081.81999999983,1.0,0.0,0.0
2016-03-01,10:27:00,124.266,124.555,124.221,124.525,71704.2999999998,1.0,0.0,0.0
2016-03-01,10:32:00,124.525,124.575,124.20700000000001,124.316,54379.55999999979,1.0,0.0,0.0
2016-03-01,10:37:00,124.316,124.515,124.257,124.286,60061.57999999979,1.0,0.0,0.0
2016-03-01,10:42:00,124.286,124.38,124.12700000000001,124.167,62529.96999999978,1.0,0.0,0.0
2016-03-01,10:47:00,124.177,124.227,123.93799999999999,123.96799999999999,68790.39999999978,1.0,0.0,0.0
2016-03-01,10:52:00,123.96799999999999,124.008,123.79899999999999,123.94200000000001,53262.33999999977,1.0,0.0,0.0
2016-03-01,10:57:00,123.931,124.06700000000001,123.91799999999999,124.008,48740.69999999977,1.0,0.0,0.0
2016-03-01,11:02:00,124.01799999999999,124.20700000000001,123.839,124.167,39447.829999999776,1.0,0.0,0.0
2016-03-01,11:07:00,124.167,124.306,124.147,124.26100000000001,39986.74999999978,1.0,0.0,0.0
2016-03-01,11:12:00,124.23700000000001,124.286,124.147,124.197,58251.69999999978,1.0,0.0,0.0
2016-03-01,11:17:00,124.178,124.346,124.12700000000001,124.346,63265.079999999776,1.0,0.0,0.0
2016-03-01,11:22:00,124.366,124.565,124.35600000000001,124.416,32461.569999999778,1.0,0.0,0.0
2016-03-01,11:27:00,124.416,124.436,124.257,124.257,52660.09999999978,1.0,0.0,0.0
2016-03-01,11:32:00,124.227,124.376,124.20700000000001,124.376,34629.47999999978,1.0,0.0,0.0
2016-03-01,11:37:00,124.375,124.485,124.27600000000001,124.306,38599.15999999978,1.0,0.0,0.0
2016-03-01,11:42:00,124.316,124.515,124.24700000000001,124.515,28011.239999999776,1.0,0.0,0.0
2016-03-01,11:47:00,124.515,124.624,124.465,124.555,28791.499999999774,1.0,0.0,0.0
2016-03-01,11:52:00,124.535,124.863,124.505,124.774,37634.91999999979,1.0,0.0,0.0
2016-03-01,11:57:00,124.81299999999999,124.973,124.75399999999999,124.913,29108.249999999785,1.0,0.0,0.0
2016-03-01,12:02:00,124.90899999999999,124.993,124.803,124.883,29451.119999999788,1.0,0.0,0.0
2016-03-01,12:07:00,124.883,125.14200000000001,124.84299999999999,125.042,50809.029999999795,1.0,0.0,0.0
2016-03-01,12:12:00,125.056,125.102,124.89299999999999,124.963,35479.10999999979,1.0,0.0,0.0
2016-03-01,12:17:00,124.973,125.03200000000001,124.87299999999999,124.943,28352.109999999793,1.0,0.0,0.0
2016-03-01,12:22:00,124.943,124.963,124.81299999999999,124.87299999999999,24427.639999999796,1.0,0.0,0.0
2016-03-01,12:27:00,124.89299999999999,124.913,124.803,124.853,24463.839999999793,1.0,0.0,0.0
2016-03-01,12:32:00,124.833,124.943,124.803,124.846,19384.04799999979,1.0,0.0,0.0
2016-03-01,12:37:00,124.859,125.06200000000001,124.833,124.87299999999999,27503.4599999998,1.0,0.0,0.0
2016-03-01,12:42:00,124.889,124.98200000000001,124.863,124.943,27583.909999999796,1.0,0.0,0.0
2016-03-01,12:47:00,124.943,125.00200000000001,124.853,124.963,38639.40999999979,1.0,0.0,0.0
2016-03-01,12:52:00,124.973,125.006,124.90299999999999,124.93299999999999,30656.709999999788,1.0,0.0,0.0
2016-03-01,12:57:00,124.90299999999999,125.03200000000001,124.90299999999999,124.97399999999999,18844.07999999979,1.0,0.0,0.0
2016-03-01,13:02:00,124.992,125.09200000000001,124.774,124.779,34460.4899999998,1.0,0.0,0.0
2016-03-01,13:07:00,124.794,124.87299999999999,124.624,124.84299999999999,35078.855999999796,1.0,0.0,0.0
2016-03-01,13:12:00,124.84299999999999,124.949,124.714,124.883,33075.93999999978,1.0,0.0,0.0
2016-03-01,13:17:00,124.883,124.932,124.684,124.706,29887.479999999778,1.0,0.0,0.0
2016-03-01,13:22:00,124.684,124.87299999999999,124.654,124.833,24424.609999999775,1.0,0.0,0.0
2016-03-01,13:27:00,124.823,124.853,124.714,124.833,20480.029999999773,1.0,0.0,0.0
2016-03-01,13:32:00,124.823,124.943,124.714,124.883,37133.13999999978,1.0,0.0,0.0
2016-03-01,13:37:00,124.883,124.93299999999999,124.75399999999999,124.929,35244.80999999978,1.0,0.0,0.0
2016-03-01,13:42:00,124.92299999999999,124.993,124.863,124.971,33723.519999999786,1.0,0.0,0.0
2016-03-01,13:47:00,124.963,125.052,124.928,125.012,27370.739999999783,1.0,0.0,0.0
2016-03-01,13:52:00,125.006,125.03200000000001,124.87299999999999,124.913,26669.909999999778,1.0,0.0,0.0
2016-03-01,13:57:00,124.913,124.98200000000001,124.75399999999999,124.81299999999999,44637.22999999978,1.0,0.0,0.0
2016-03-01,14:02:00,124.81299999999999,124.913,124.79899999999999,124.898,22320.109999999775,1.0,0.0,0.0
2016-03-01,14:07:00,124.89299999999999,125.081,124.848,124.98200000000001,35650.06999999978,1.0,0.0,0.0
2016-03-01,14:12:00,124.993,125.042,124.89,124.913,29514.41999999978,1.0,0.0,0.0
2016-03-01,14:17:00,124.921,124.921,124.72399999999999,124.81700000000001,25907.719999999783,1.0,0.0,0.0
2016-03-01,14:22:00,124.823,124.913,124.78399999999999,124.84299999999999,25616.12999999978,1.0,0.0,0.0
2016-03-01,14:27:00,124.84299999999999,124.84299999999999,124.555,124.634,113166.02999999978,1.0,0.0,0.0
2016-03-01,14:32:00,124.65299999999999,124.764,124.634,124.704,38729.879999999794,1.0,0.0,0.0
2016-03-01,14:37:00,124.694,124.704,124.475,124.605,48028.8099999998,1.0,0.0,0.0
2016-03-01,14:42:00,124.595,124.684,124.515,124.634,54128.079999999805,1.0,0.0,0.0
2016-03-01,14:47:00,124.634,124.87299999999999,124.605,124.84299999999999,51940.139999999796,1.0,0.0,0.0
2016-03-01,14:52:00,124.863,124.973,124.81299999999999,124.92299999999999,52143.22999999979,1.0,0.0,0.0
2016-03-01,14:57:00,124.89299999999999,124.95299999999999,124.794,124.95299999999999,44138.489999999794,1.0,0.0,0.0
2016-03-01,15:02:00,124.95299999999999,125.08200000000001,124.93299999999999,125.06200000000001,38063.229999999785,1.0,0.0,0.0
2016-03-01,15:07:00,125.055,125.191,125.03200000000001,125.152,34757.159999999785,1.0,0.0,0.0
2016-03-01,15:12:00,125.17200000000001,125.281,125.11200000000001,125.12200000000001,38714.759999999784,1.0,0.0,0.0
2016-03-01,15:17:00,125.11200000000001,125.132,124.93299999999999,125.012,54089.89999999979,1.0,0.0,0.0
2016-03-01,15:22:00,125.012,125.042,124.95299999999999,124.98200000000001,37152.24999999978,1.0,0.0,0.0
2016-03-01,15:27:00,125.00200000000001,125.03200000000001,124.91799999999999,124.98200000000001,54568.49999999978,1.0,0.0,0.0
2016-03-01,15:32:00,124.993,125.012,124.854,124.90299999999999,52986.89999999978,1.0,0.0,0.0
2016-03-01,15:37:00,124.913,124.973,124.794,124.87299999999999,56297.86999999978,1.0,0.0,0.0
2016-03-01,15:42:00,124.853,124.883,124.664,124.72399999999999,86009.49999999975,1.0,0.0,0.0
2016-03-01,15:47:00,124.714,124.774,124.664,124.67399999999999,94804.49999999977,1.0,0.0,0.0
2016-03-01,15:52:00,124.67399999999999,124.684,124.495,124.515,201401.6999999998,1.0,0.0,0.0
2016-03-01,15:57:00,124.525,124.72399999999999,124.465,124.72399999999999,235261.8999999998,1.0,0.0,0.0
2016-03-02,09:32:00,124.704,125.251,124.376,124.863,276715.4099999998,1.0,0.0,0.0
2016-03-02,09:37:00,125.052,125.14200000000001,124.72399999999999,124.764,42497.49999999982,1.0,0.0,0.0
2016-03-02,09:42:00,124.764,124.90299999999999,124.385,124.50299999999999,45492.90999999983,1.0,0.0,0.0
2016-03-02,09:47:00,124.458,124.833,124.436,124.51,62092.73999999983,1.0,0.0,0.0
2016-03-02,09:52:00,124.515,124.515,123.99799999999999,124.135,80698.4799999998,1.0,0.0,0.0
2016-03-02,09:57:00,124.137,124.306,124.117,124.28399999999999,27393.84999999981,1.0,0.0,0.0
2016-03-02,10:02:00,124.286,124.436,124.197,124.38600000000001,50817.9999999998,1.0,0.0,0.0
2016-03-02,10:07:00,124.38600000000001,124.794,124.316,124.57,60939.35799999981,1.0,0.0,0.0
2016-03-02,10:12:00,124.535,124.823,124.525,124.535,51650.4799999998,1.0,0.0,0.0
2016-03-02,10:17:00,124.575,124.734,124.515,124.575,38941.959999999795,1.0,0.0,0.0
2016-03-02,10:22:00,124.575,124.595,124.23700000000001,124.291,36553.96999999979,1.0,0.0,0.0
2016-03-02,10:27:00,124.286,124.396,124.15700000000001,124.213,31333.419999999795,1.0,0.0,0.0
2016-03-02,10:32:00,124.20700000000001,124.35600000000001,123.93799999999999,123.96799999999999,72829.3499999998,1.0,0.0,0.0
2016-03-02,10:37:00,123.98,124.286,123.948,124.177,43537.169999999795,1.0,0.0,0.0
2016-03-02,10:42:00,124.137,124.21700000000001,123.91799999999999,123.91799999999999,42405.00999999979,1.0,0.0,0.0
2016-03-02,10:47:00,123.928,124.15700000000001,123.91799999999999,124.02799999999999,50599.839999999786,1.0,0.0,0.0
2016-03-02,10:52:00,124.044,124.07700000000001,123.988,124.04799999999999,54498.229999999785,1.0,0.0,0.0
2016-03-02,10:57:00,124.04799999999999,124.18700000000001,123.988,124.11200000000001,92060.67999999979,1.0,0.0,0.0
2016-03-02,11:02:00,124.09700000000001,124.137,123.79899999999999,124.10700000000001,58824.819999999796,1.0,0.0,0.0
2016-03-02,11:07:00,124.09700000000001,124.316,124.087,124.20700000000001,49124.7699999998,1.0,0.0,0.0
2016-03-02,11:12:00,124.18700000000001,124.475,124.07700000000001,124.455,71819.8499999998,1.0,0.0,0.0
2016-03-02,11:17:00,124.417,124.446,124.177,124.286,40780.11999999979,1.0,0.0,0.0
2016-03-02,11:22:00,124.286,124.296,124.087,124.10799999999999,35675.159999999785,1.0,0.0,0.0
2016-03-02,11:27:00,124.119,124.24700000000001,124.057,124.07700000000001,227542.78999999978,1.0,0.0,0.0
2016-03-02,11:32:00,124.085,124.475,124.05799999999999,124.366,41509.069999999774,1.0,0.0,0.0
2016-03-02,11:37:00,124.395,124.436,124.266,124.32600000000001,31789.93999999977,1.0,0.0,0.0
2016-03-02,11:42:00,124.306,124.485,124.23700000000001,124.316,45758.289999999775,1.0,0.0,0.0
2016-03-02,11:47:00,124.346,124.455,124.306,124.346,28067.539999999775,1.0,0.0,0.0
2016-03-02,11:52:00,124.336,124.436,124.306,124.306,23698.64999999977,1.0,0.0,0.0
2016-03-02,11:57:00,124.322,124.38600000000001,124.27600000000001,124.346,23198.909999999774,1.0,0.0,0.0
2016-03-02,12:02:00,124.316,124.32600000000001,124.01799999999999,124.02799999999999,41753.41999999978,1.0,0.0,0.0
2016-03-02,12:07:00,124.01799999999999,124.09700000000001,123.958,124.008,20218.60999999978,1.0,0.0,0.0
2016-03-02,12:12:00,124.022,124.178,124.01799999999999,124.14399999999999,15186.079999999776,1.0,0.0,0.0
2016-03-02,12:17:00,124.137,124.18700000000001,124.06700000000001,124.103,15821.549999999777,1.0,0.0,0.0
2016-03-02,12:22:00,124.11200000000001,124.257,124.087,124.09700000000001,15536.999999999778,1.0,0.0,0.0
2016-03-02,12:27:00,124.117,124.15700000000001,123.96799999999999,123.99799999999999,25949.959999999777,1.0,0.0,0.0
2016-03-02,12:32:00,123.988,123.988,123.76899999999999,123.837,31185.649999999783,1.0,0.0,0.0
2016-03-02,12:37:00,123.819,124.09700000000001,123.819,124.06700000000001,39138.09999999978,1.0,0.0,0.0
2016-03-02,12:42:00,124.087,124.12700000000001,123.984,123.984,40248.12999999979,1.0,0.0,0.0
2016-03-02,12:47:00,124.008,124.087,123.928,124.087,23596.092999999786,1.0,0.0,0.0
2016-03-02,12:52:00,124.09700000000001,124.117,123.958,123.978,28951.349999999795,1.0,0.0,0.0
2016-03-02,12:57:00,123.96799999999999,124.087,123.90799999999999,124.01799999999999,19089.419999999795,1.0,0.0,0.0
2016-03-02,13:02:00,124.008,124.09700000000001,123.978,124.01799999999999,18928.539999999797,1.0,0.0,0.0
2016-03-02,13:07:00,123.99799999999999,124.023,123.948,124.01700000000001,15411.309999999798,1.0,0.0,0.0
2016-03-02,13:12:00,124.01899999999999,124.04799999999999,123.96799999999999,124.02799999999999,14204.709999999795,1.0,0.0,0.0
2016-03-02,13:17:00,124.02799999999999,124.087,123.99799999999999,124.06700000000001,21022.0099999998,1.0,0.0,0.0
2016-03-02,13:22:00,124.087,124.087,123.988,124.06700000000001,26848.879999999805,1.0,0.0,0.0
2016-03-02,13:27:00,124.087,124.147,123.96799999999999,124.09700000000001,31783.8799999998,1.0,0.0,0.0
2016-03-02,13:32:00,124.10700000000001,124.21700000000001,124.087,124.189,17523.8699999998,1.0,0.0,0.0
2016-03-02,13:37:00,124.171,124.197,124.06700000000001,124.07700000000001,23293.429999999807,1.0,0.0,0.0
2016-03-02,13:42:00,124.09700000000001,124.167,124.07700000000001,124.137,14670.259999999806,1.0,0.0,0.0
2016-03-02,13:47:00,124.12700000000001,124.257,124.117,124.227,28033.389999999803,1.0,0.0,0.0
2016-03-02,13:52:00,124.227,124.257,124.008,124.02799999999999,28444.5999999998,1.0,0.0,0.0
2016-03-02,13:57:00,124.038,124.177,123.958,123.958,51870.76999999979,1.0,0.0,0.0
2016-03-02,14:02:00,123.948,123.988,123.809,123.93799999999999,31199.679999999793,1.0,0.0,0.0
2016-03-02,14:07:00,123.944,123.96799999999999,123.829,123.948,47231.40999999981,1.0,0.0,0.0
2016-03-02,14:12:00,123.93799999999999,123.96799999999999,123.839,123.93799999999999,37392.529999999795,1.0,0.0,0.0
2016-03-02,14:17:00,123.928,124.038,123.869,124.02799999999999,33902.439999999806,1.0,0.0,0.0
2016-03-02,14:22:00,124.008,124.02799999999999,123.84899999999999,123.988,41300.96999999979,1.0,0.0,0.0
2016-03-02,14:27:00,123.99799999999999,124.117,123.96799999999999,124.117,32990.46999999978,1.0,0.0,0.0
2016-03-02,14:32:00,124.09700000000001,124.147,124.038,124.10700000000001,53798.299999999785,1.0,0.0,0.0
2016-03-02,14:37:00,124.117,124.137,124.07700000000001,124.084,41853.989999999794,1.0,0.0,0.0
2016-03-02,14:42:00,124.09700000000001,124.286,124.07700000000001,124.23700000000001,57942.96999999978,1.0,0.0,0.0
2016-03-02,14:47:00,124.23700000000001,124.27600000000001,124.137,124.21700000000001,34000.01999999979,1.0,0.0,0.0
2016-03-02,14:52:00,124.23299999999999,124.465,124.21700000000001,124.436,35553.499999999796,1.0,0.0,0.0
2016-03-02,14:57:00,124.436,124.446,124.23700000000001,124.23700000000001,36245.26999999978,1.0,0.0,0.0
2016-03-02,15:02:00,124.266,124.296,124.197,124.223,36070.35999999978,1.0,0.0,0.0
2016-03-02,15:07:00,124.227,124.23700000000001,124.15700000000001,124.20700000000001,43573.389999999796,1.0,0.0,0.0
2016-03-02,15:12:00,124.20700000000001,124.257,124.12700000000001,124.24700000000001,53963.17999999979,1.0,0.0,0.0
2016-03-02,15:17:00,124.23700000000001,124.416,124.20700000000001,124.376,33105.09999999978,1.0,0.0,0.0
2016-03-02,15:22:00,124.396,124.40100000000001,124.24700000000001,124.396,47990.57999999979,1.0,0.0,0.0
2016-03-02,15:27:00,124.396,124.436,124.266,124.296,59194.87999999978,1.0,0.0,0.0
2016-03-02,15:32:00,124.296,124.314,124.10700000000001,124.296,89206.99999999978,1.0,0.0,0.0
2016-03-02,15:37:00,124.296,124.46,124.286,124.434,65703.32999999977,1.0,0.0,0.0
2016-03-02,15:42:00,124.426,124.485,124.336,124.485,74438.15999999977,1.0,0.0,0.0
2016-03-02,15:47:00,124.485,124.58,124.455,124.565,94176.29999999976,1.0,0.0,0.0
2016-03-02,15:52:00,124.565,124.654,124.505,124.595,75200.41999999975,1.0,0.0,0.0
2016-03-02,15:57:00,124.595,124.84299999999999,124.54299999999999,124.84299999999999,120940.69999999975,1.0,0.0,0.0
2016-03-03,09:32:00,124.84299999999999,124.973,124.257,124.316,179412.28999999978,1.0,0.0,0.0
2016-03-03,09:37:00,124.316,124.565,124.227,124.56,118333.31999999976,1.0,0.0,0.0
2016-03-03,09:42:00,124.565,124.605,124.09700000000001,124.197,70771.14999999976,1.0,0.0,0.0
2016-03-03,09:47:00,124.20700000000001,124.853,124.20700000000001,124.853,52039.63999999977,1.0,0.0,0.0
2016-03-03,09:52:00,124.89299999999999,125.291,124.875,125.26100000000001,69904.43999999978,1.0,0.0,0.0
2016-03-03,09:57:00,125.281,125.54899999999999,125.171,125.54899999999999,67270.97999999978,1.0,0.0,0.0
2016-03-03,10:02:00,125.54899999999999,125.788,125.45,125.71799999999999,210855.89999999976,1.0,0.0,0.0
2016-03-03,10:07:00,125.74799999999999,126.13600000000001,125.689,126.10600000000001,146794.0499999997,1.0,0.0,0.0
2016-03-03,10:12:00,126.126,126.305,126.027,126.116,120539.39999999967,1.0,0.0,0.0
2016-03-03,10:17:00,126.126,126.186,125.887,126.116,85973.29999999965,1.0,0.0,0.0
2016-03-03,10:22:00,126.116,126.295,126.096,126.295,67964.79999999967,1.0,0.0,0.0
2016-03-03,10:27:00,126.285,126.295,126.156,126.266,45930.16999999967,1.0,0.0,0.0
2016-03-03,10:32:00,126.266,126.564,126.256,126.484,135036.79999999964,1.0,0.0,0.0
2016-03-03,10:37:00,126.484,126.554,126.24600000000001,126.305,79826.69999999963,1.0,0.0,0.0
2016-03-03,10:42:00,126.27799999999999,126.484,126.196,126.206,66047.39999999964,1.0,0.0,0.0
2016-03-03,10:47:00,126.226,126.50399999999999,126.221,126.469,54093.829999999645,1.0,0.0,0.0
2016-03-03,10:52:00,126.484,126.494,126.375,126.47,62038.46999999967,1.0,0.0,0.0
2016-03-03,10:57:00,126.462,126.484,126.295,126.48200000000001,71975.81999999966,1.0,0.0,0.0
2016-03-03,11:02:00,126.484,126.50399999999999,126.305,126.348,60016.34999999968,1.0,0.0,0.0
2016-03-03,11:07:00,126.345,126.395,126.236,126.266,55969.18999999967,1.0,0.0,0.0
2016-03-03,11:12:00,126.266,126.355,126.24600000000001,126.28299999999999,60036.37999999967,1.0,0.0,0.0
2016-03-03,11:17:00,126.294,126.294,126.055,126.186,86026.65999999967,1.0,0.0,0.0
2016-03-03,11:22:00,126.176,126.325,126.116,126.12700000000001,44513.48999999967,1.0,0.0,0.0
2016-03-03,11:27:00,126.166,126.176,125.868,125.935,50401.729999999676,1.0,0.0,0.0
2016-03-03,11:32:00,125.927,125.936,125.71799999999999,125.80799999999999,32702.889999999683,1.0,0.0,0.0
2016-03-03,11:37:00,125.788,125.788,125.51,125.52,38423.199999999684,1.0,0.0,0.0
2016-03-03,11:42:00,125.52,125.54700000000001,125.191,125.26100000000001,51218.11999999968,1.0,0.0,0.0
2016-03-03,11:47:00,125.26100000000001,125.41,125.12200000000001,125.39,53306.67999999969,1.0,0.0,0.0
2016-03-03,11:52:00,125.38799999999999,125.46,125.36,125.43,35481.14999999969,1.0,0.0,0.0
2016-03-03,11:57:00,125.42,125.46,125.321,125.39,27400.89999999969,1.0,0.0,0.0
2016-03-03,12:02:00,125.43,125.43,125.281,125.281,56872.12999999969,1.0,0.0,0.0
2016-03-03,12:07:00,125.281,125.291,125.052,125.15299999999999,62904.109999999695,1.0,0.0,0.0
2016-03-03,12:12:00,125.152,125.26100000000001,125.102,125.181,32703.89999999969,1.0,0.0,0.0
2016-03-03,12:17:00,125.181,125.211,124.963,125.083,113405.44999999969,1.0,0.0,0.0
2016-03-03,12:22:00,125.052,125.17200000000001,125.012,125.052,30218.309999999685,1.0,0.0,0.0
2016-03-03,12:27:00,125.08200000000001,125.161,124.973,125.03200000000001,31458.08999999968,1.0,0.0,0.0
2016-03-03,12:32:00,125.035,125.251,124.973,125.181,31226.809999999678,1.0,0.0,0.0
2016-03-03,12:37:00,125.20100000000001,125.34,125.161,125.34,33777.73999999967,1.0,0.0,0.0
2016-03-03,12:42:00,125.331,125.49,125.321,125.36,23293.429999999673,1.0,0.0,0.0
2016-03-03,12:47:00,125.36,125.47,125.321,125.321,24255.689999999675,1.0,0.0,0.0
2016-03-03,12:52:00,125.34,125.351,125.241,125.321,22452.82999999968,1.0,0.0,0.0
2016-03-03,12:57:00,125.34,125.479,125.331,125.41,20213.56999999968,1.0,0.0,0.0
2016-03-03,13:02:00,125.42,125.609,125.39,125.609,22784.63999999968,1.0,0.0,0.0
2016-03-03,13:07:00,125.609,125.654,125.44,125.44,28551.189999999675,1.0,0.0,0.0
2016-03-03,13:12:00,125.44,125.5,125.311,125.38,35992.86999999967,1.0,0.0,0.0
2016-03-03,13:17:00,125.39,125.4,125.23100000000001,125.241,30018.219999999674,1.0,0.0,0.0
2016-03-03,13:22:00,125.271,125.443,125.251,125.37,27806.12999999967,1.0,0.0,0.0
2016-03-03,13:27:00,125.351,125.351,125.17200000000001,125.271,26704.079999999674,1.0,0.0,0.0
2016-03-03,13:32:00,125.23899999999999,125.5,125.23899999999999,125.48,20065.75999999968,1.0,0.0,0.0
2016-03-03,13:37:00,125.5,125.5,125.281,125.331,43757.379999999685,1.0,0.0,0.0
2016-03-03,13:42:00,125.345,125.36,125.072,125.11200000000001,89516.70999999966,1.0,0.0,0.0
2016-03-03,13:47:00,125.11200000000001,125.211,125.06200000000001,125.14200000000001,114940.83999999966,1.0,0.0,0.0
2016-03-03,13:52:00,125.14200000000001,125.311,125.09200000000001,125.11200000000001,51634.38999999969,1.0,0.0,0.0
2016-03-03,13:57:00,125.11200000000001,125.161,125.022,125.11,27712.599999999686,1.0,0.0,0.0
2016-03-03,14:02:00,125.08200000000001,125.321,125.08200000000001,125.271,26438.629999999688,1.0,0.0,0.0
2016-03-03,14:07:00,125.251,125.301,125.102,125.161,31000.58999999968,1.0,0.0,0.0
2016-03-03,14:12:00,125.15899999999999,125.23100000000001,125.131,125.17200000000001,21512.699999999688,1.0,0.0,0.0
2016-03-03,14:17:00,125.181,125.271,125.152,125.152,17548.999999999694,1.0,0.0,0.0
2016-03-03,14:22:00,125.14200000000001,125.26100000000001,125.14200000000001,125.26100000000001,37923.50999999969,1.0,0.0,0.0
2016-03-03,14:27:00,125.241,125.301,125.191,125.271,40326.629999999685,1.0,0.0,0.0
2016-03-03,14:32:00,125.26100000000001,125.281,125.14200000000001,125.17200000000001,32317.789999999688,1.0,0.0,0.0
2016-03-03,14:37:00,125.191,125.301,125.11200000000001,125.291,27184.719999999685,1.0,0.0,0.0
2016-03-03,14:42:00,125.301,125.51700000000001,125.281,125.48,40093.349999999686,1.0,0.0,0.0
2016-03-03,14:47:00,125.508,125.579,125.45,125.488,31790.909999999676,1.0,0.0,0.0
2016-03-03,14:52:00,125.48,125.51899999999999,125.41,125.47,19735.959999999675,1.0,0.0,0.0
2016-03-03,14:57:00,125.48,125.53,125.291,125.34,42486.44999999967,1.0,0.0,0.0
2016-03-03,15:02:00,125.34,125.42,125.241,125.39,40001.82999999967,1.0,0.0,0.0
2016-03-03,15:07:00,125.39,125.44,125.311,125.351,30811.569999999665,1.0,0.0,0.0
2016-03-03,15:12:00,125.36,125.38,125.251,125.339,44006.77999999968,1.0,0.0,0.0
2016-03-03,15:17:00,125.311,125.37,125.241,125.34,44224.9099999997,1.0,0.0,0.0
2016-03-03,15:22:00,125.34,125.42,125.281,125.4,45280.669999999685,1.0,0.0,0.0
2016-03-03,15:27:00,125.4,125.42,125.281,125.331,44313.39999999968,1.0,0.0,0.0
2016-03-03,15:32:00,125.351,125.43,125.34,125.37,55290.4799999997,1.0,0.0,0.0
2016-03-03,15:37:00,125.37,125.62799999999999,125.37,125.611,55838.43999999971,1.0,0.0,0.0
2016-03-03,15:42:00,125.615,125.689,125.43,125.632,71166.29999999968,1.0,0.0,0.0
2016-03-03,15:47:00,125.65899999999999,125.689,125.609,125.649,63482.30999999966,1.0,0.0,0.0
2016-03-03,15:52:00,125.639,125.679,125.569,125.669,96434.49999999968,1.0,0.0,0.0
2016-03-03,15:57:00,125.669,126.007,125.669,125.977,266524.0999999997,1.0,0.0,0.0
2016-03-04,09:32:00,125.95700000000001,126.8,125.838,126.007,435820.4999999997,1.0,0.0,0.0
2016-03-04,09:37:00,125.947,126.007,125.102,125.21799999999999,131070.99999999972,1.0,0.0,0.0
2016-03-04,09:42:00,125.221,126.335,125.211,126.206,51021.01999999973,1.0,0.0,0.0
2016-03-04,09:47:00,126.24600000000001,126.594,126.166,126.24600000000001,88637.89999999973,1.0,0.0,0.0
2016-03-04,09:52:00,126.24600000000001,126.295,126.07600000000001,126.196,59581.88999999972,1.0,0.0,0.0
2016-03-04,09:57:00,126.171,126.206,125.77799999999999,125.85799999999999,41154.13999999973,1.0,0.0,0.0
2016-03-04,10:02:00,125.85799999999999,126.027,125.818,125.838,53707.81999999973,1.0,0.0,0.0
2016-03-04,10:07:00,125.868,126.10600000000001,125.818,125.99700000000001,49492.81999999973,1.0,0.0,0.0
2016-03-04,10:12:00,126.027,126.236,125.85799999999999,126.086,113573.42999999972,1.0,0.0,0.0
2016-03-04,10:17:00,126.10600000000001,126.256,126.057,126.21600000000001,84706.3999999997,1.0,0.0,0.0
2016-03-04,10:22:00,126.196,126.226,125.887,125.947,50528.389999999694,1.0,0.0,0.0
2016-03-04,10:27:00,125.95700000000001,126.275,125.93700000000001,126.256,39077.769999999684,1.0,0.0,0.0
2016-03-04,10:32:00,126.236,126.285,126.01700000000001,126.04700000000001,96766.49999999968,1.0,0.0,0.0
2016-03-04,10:37:00,126.04700000000001,126.196,126.01700000000001,126.13600000000001,40217.979999999705,1.0,0.0,0.0
2016-03-04,10:42:00,126.13600000000001,126.156,125.87799999999999,125.917,64917.16999999971,1.0,0.0,0.0
2016-03-04,10:47:00,125.917,126.096,125.90700000000001,125.93700000000001,52135.18999999969,1.0,0.0,0.0
2016-03-04,10:52:00,125.947,125.96700000000001,125.738,125.80799999999999,51148.8699999997,1.0,0.0,0.0
2016-03-04,10:57:00,125.788,125.818,125.46,125.49,74169.67999999972,1.0,0.0,0.0
2016-03-04,11:02:00,125.46,125.788,125.46,125.619,69861.1699999997,1.0,0.0,0.0
2016-03-04,11:07:00,125.619,125.74799999999999,125.609,125.65899999999999,75175.19999999969,1.0,0.0,0.0
2016-03-04,11:12:00,125.679,125.77799999999999,125.639,125.758,51783.2599999997,1.0,0.0,0.0
2016-03-04,11:17:00,125.758,125.90700000000001,125.758,125.788,95163.6399999997,1.0,0.0,0.0
2016-03-04,11:22:00,125.788,125.80799999999999,125.63,125.709,116065.94999999972,1.0,0.0,0.0
2016-03-04,11:27:00,125.709,125.728,125.41,125.45,73695.1999999997,1.0,0.0,0.0
2016-03-04,11:32:00,125.45,125.709,125.38,125.633,99746.71999999974,1.0,0.0,0.0
2016-03-04,11:37:00,125.639,125.868,125.639,125.868,36543.88999999975,1.0,0.0,0.0
2016-03-04,11:42:00,125.87799999999999,125.887,125.649,125.679,46793.01999999974,1.0,0.0,0.0
2016-03-04,11:47:00,125.662,125.738,125.639,125.728,43757.369999999755,1.0,0.0,0.0
2016-03-04,11:52:00,125.709,125.728,125.49,125.508,35928.54999999974,1.0,0.0,0.0
2016-03-04,11:57:00,125.492,125.77799999999999,125.49,125.758,34141.77999999976,1.0,0.0,0.0
2016-03-04,12:02:00,125.758,125.87799999999999,125.738,125.758,51639.439999999755,1.0,0.0,0.0
2016-03-04,12:07:00,125.74799999999999,125.77799999999999,125.649,125.73899999999999,36691.72999999976,1.0,0.0,0.0
2016-03-04,12:12:00,125.728,125.77799999999999,125.689,125.728,25632.229999999756,1.0,0.0,0.0
2016-03-04,12:17:00,125.728,125.738,125.51,125.52,50048.78999999976,1.0,0.0,0.0
2016-03-04,12:22:00,125.53299999999999,125.539,125.45,125.51799999999999,35342.33999999975,1.0,0.0,0.0
2016-03-04,12:27:00,125.51,125.598,125.42,125.59299999999999,34371.02999999975,1.0,0.0,0.0
2016-03-04,12:32:00,125.59100000000001,125.738,125.539,125.7,43800.65999999975,1.0,0.0,0.0
2016-03-04,12:37:00,125.71799999999999,125.76799999999999,125.649,125.669,30463.649999999747,1.0,0.0,0.0
2016-03-04,12:42:00,125.68799999999999,125.689,125.49,125.53,33774.75999999974,1.0,0.0,0.0
2016-03-04,12:47:00,125.52,125.619,125.51,125.594,39687.10999999973,1.0,0.0,0.0
2016-03-04,12:52:00,125.589,125.80799999999999,125.539,125.80799999999999,28082.64999999974,1.0,0.0,0.0
2016-03-04,12:57:00,125.80799999999999,125.897,125.74799999999999,125.759,56922.35999999974,1.0,0.0,0.0
2016-03-04,13:02:00,125.788,125.788,125.569,125.709,39197.44999999974,1.0,0.0,0.0
2016-03-04,13:07:00,125.699,125.758,125.669,125.699,46140.36999999975,1.0,0.0,0.0
2016-03-04,13:12:00,125.699,125.738,125.241,125.301,219016.84999999977,1.0,0.0,0.0
2016-03-04,13:17:00,125.295,125.351,125.11200000000001,125.346,90057.72999999976,1.0,0.0,0.0
2016-03-04,13:22:00,125.36,125.48,125.291,125.355,47357.079999999754,1.0,0.0,0.0
2016-03-04,13:27:00,125.36,125.43,125.31299999999999,125.351,54596.68999999977,1.0,0.0,0.0
2016-03-04,13:32:00,125.351,125.354,125.152,125.196,66943.21999999977,1.0,0.0,0.0
2016-03-04,13:37:00,125.196,125.311,125.161,125.306,54112.99999999975,1.0,0.0,0.0
2016-03-04,13:42:00,125.311,125.51,125.281,125.45200000000001,47855.75999999975,1.0,0.0,0.0
2016-03-04,13:47:00,125.44,125.609,125.41,125.569,40987.24999999975,1.0,0.0,0.0
2016-03-04,13:52:00,125.559,125.579,125.48,125.56,56586.579999999754,1.0,0.0,0.0
2016-03-04,13:57:00,125.564,125.589,125.51,125.54899999999999,55298.47999999975,1.0,0.0,0.0
2016-03-04,14:02:00,125.54899999999999,125.709,125.539,125.557,67858.29999999974,1.0,0.0,0.0
2016-03-04,14:07:00,125.569,125.689,125.559,125.65899999999999,38074.28999999974,1.0,0.0,0.0
2016-03-04,14:12:00,125.679,125.679,125.55799999999999,125.559,47104.71999999974,1.0,0.0,0.0
2016-03-04,14:17:00,125.554,125.554,125.291,125.329,77837.89999999975,1.0,0.0,0.0
2016-03-04,14:22:00,125.34,125.38,125.21,125.23100000000001,80035.87999999973,1.0,0.0,0.0
2016-03-04,14:27:00,125.241,125.331,125.191,125.321,52686.12999999971,1.0,0.0,0.0
2016-03-04,14:32:00,125.311,125.39,125.241,125.281,46690.42999999973,1.0,0.0,0.0
2016-03-04,14:37:00,125.271,125.321,125.17200000000001,125.23100000000001,54232.72999999971,1.0,0.0,0.0
2016-03-04,14:42:00,125.241,125.241,124.98200000000001,125.00200000000001,61229.809999999714,1.0,0.0,0.0
2016-03-04,14:47:00,125.012,125.08200000000001,124.993,125.03200000000001,49194.13999999971,1.0,0.0,0.0
2016-03-04,14:52:00,125.03200000000001,125.09200000000001,124.943,124.973,72803.41999999974,1.0,0.0,0.0
2016-03-04,14:57:00,124.98100000000001,125.01,124.64399999999999,124.823,102200.14999999976,1.0,0.0,0.0
2016-03-04,15:02:00,124.833,124.833,124.734,124.734,69752.69999999974,1.0,0.0,0.0
2016-03-04,15:07:00,124.72399999999999,124.75399999999999,124.564,124.72399999999999,85095.49999999975,1.0,0.0,0.0
2016-03-04,15:12:00,124.72399999999999,124.863,124.51799999999999,124.585,117379.19999999975,1.0,0.0,0.0
2016-03-04,15:17:00,124.575,124.615,124.475,124.58,120841.99999999974,1.0,0.0,0.0
2016-03-04,15:22:00,124.58,124.75399999999999,124.575,124.704,99205.69999999975,1.0,0.0,0.0
2016-03-04,15:27:00,124.714,124.764,124.663,124.664,115157.79999999977,1.0,0.0,0.0
2016-03-04,15:32:00,124.664,124.833,124.664,124.803,124967.59999999974,1.0,0.0,0.0
2016-03-04,15:37:00,124.803,124.84299999999999,124.67399999999999,124.694,149562.1999999997,1.0,0.0,0.0
2016-03-04,15:42:00,124.689,124.913,124.665,124.883,150706.39999999976,1.0,0.0,0.0
2016-03-04,15:47:00,124.883,124.883,124.684,124.689,139709.3999999998,1.0,0.0,0.0
2016-03-04,15:52:00,124.694,124.734,124.565,124.575,191035.9999999997,1.0,0.0,0.0
2016-03-04,15:57:00,124.568,124.72399999999999,124.505,124.64399999999999,258997.79999999973,1.0,0.0,0.0
2016-03-07,09:32:00,124.649,124.95299999999999,124.32600000000001,124.426,394352.30999999976,1.0,0.0,0.0
2016-03-07,09:37:00,124.446,125.311,124.445,125.117,84789.81999999976,1.0,0.0,0.0
2016-03-07,09:42:00,125.11200000000001,125.311,124.963,125.20100000000001,59873.50999999976,1.0,0.0,0.0
2016-03-07,09:47:00,125.26100000000001,125.52,125.221,125.351,66323.72999999976,1.0,0.0,0.0
2016-03-07,09:52:00,125.36,125.52,125.06200000000001,125.14200000000001,37031.549999999756,1.0,0.0,0.0
2016-03-07,09:57:00,125.14200000000001,125.241,125.06200000000001,125.161,59291.34999999975,1.0,0.0,0.0
2016-03-07,10:02:00,125.161,125.26100000000001,125.12200000000001,125.161,45613.54999999975,1.0,0.0,0.0
2016-03-07,10:07:00,125.161,125.43,125.11200000000001,125.291,37692.189999999755,1.0,0.0,0.0
2016-03-07,10:12:00,125.311,125.43,125.211,125.221,44704.559999999736,1.0,0.0,0.0
2016-03-07,10:17:00,125.221,125.351,125.102,125.211,32984.40999999974,1.0,0.0,0.0
2016-03-07,10:22:00,125.221,125.44,125.221,125.266,37757.54999999974,1.0,0.0,0.0
2016-03-07,10:27:00,125.266,125.37,125.181,125.199,52094.989999999736,1.0,0.0,0.0
2016-03-07,10:32:00,125.211,125.323,125.11200000000001,125.251,82068.95999999974,1.0,0.0,0.0
2016-03-07,10:37:00,125.251,125.281,125.161,125.26299999999999,42632.23999999974,1.0,0.0,0.0
2016-03-07,10:42:00,125.26100000000001,125.39,125.20100000000001,125.321,55244.23999999974,1.0,0.0,0.0
2016-03-07,10:47:00,125.307,125.34,125.161,125.161,44684.48999999975,1.0,0.0,0.0
2016-03-07,10:52:00,125.147,125.17200000000001,125.012,125.06200000000001,31347.489999999754,1.0,0.0,0.0
2016-03-07,10:57:00,125.08200000000001,125.152,124.993,125.09200000000001,58956.519999999764,1.0,0.0,0.0
2016-03-07,11:02:00,125.08200000000001,125.331,125.03200000000001,125.249,44041.92999999976,1.0,0.0,0.0
2016-03-07,11:07:00,125.281,125.281,124.973,125.087,40321.59999999977,1.0,0.0,0.0
2016-03-07,11:12:00,125.09200000000001,125.251,125.042,125.23100000000001,41285.84999999977,1.0,0.0,0.0
2016-03-07,11:17:00,125.23100000000001,125.351,125.14200000000001,125.17399999999999,44001.66999999977,1.0,0.0,0.0
2016-03-07,11:22:00,125.14200000000001,125.26100000000001,125.06200000000001,125.26100000000001,21285.449999999768,1.0,0.0,0.0
2016-03-07,11:27:00,125.281,125.46,125.281,125.355,29622.019999999768,1.0,0.0,0.0
2016-03-07,11:32:00,125.355,125.47,125.26100000000001,125.331,26590.479999999756,1.0,0.0,0.0
2016-03-07,11:37:00,125.331,125.539,125.241,125.52,53049.229999999756,1.0,0.0,0.0
2016-03-07,11:42:00,125.5,125.639,125.38,125.569,38232.19999999976,1.0,0.0,0.0
2016-03-07,11:47:00,125.569,125.838,125.559,125.788,45424.44999999976,1.0,0.0,0.0
2016-03-07,11:52:00,125.803,125.887,125.53,125.539,26124.90999999975,1.0,0.0,0.0
2016-03-07,11:57:00,125.559,125.589,125.311,125.38,38618.19999999976,1.0,0.0,0.0
2016-03-07,12:02:00,125.36,125.38,125.271,125.331,38915.909999999756,1.0,0.0,0.0
2016-03-07,12:07:00,125.331,125.331,125.191,125.26799999999999,29663.279999999755,1.0,0.0,0.0
2016-03-07,12:12:00,125.26100000000001,125.43,125.12200000000001,125.12200000000001,49255.459999999766,1.0,0.0,0.0
2016-03-07,12:17:00,125.132,125.26100000000001,125.132,125.241,15185.079999999763,1.0,0.0,0.0
2016-03-07,12:22:00,125.23100000000001,125.271,125.08200000000001,125.08200000000001,36484.54999999976,1.0,0.0,0.0
2016-03-07,12:27:00,125.102,125.17200000000001,125.09200000000001,125.156,22730.349999999755,1.0,0.0,0.0
2016-03-07,12:32:00,125.152,125.23100000000001,125.12200000000001,125.221,37064.829999999754,1.0,0.0,0.0
2016-03-07,12:37:00,125.221,125.281,125.17200000000001,125.21799999999999,27777.959999999744,1.0,0.0,0.0
2016-03-07,12:42:00,125.211,125.281,125.17200000000001,125.25,25749.849999999737,1.0,0.0,0.0
2016-03-07,12:47:00,125.241,125.31200000000001,125.181,125.211,25012.83999999974,1.0,0.0,0.0
2016-03-07,12:52:00,125.191,125.321,125.17200000000001,125.321,23560.887999999733,1.0,0.0,0.0
2016-03-07,12:57:00,125.301,125.34,125.26100000000001,125.321,19206.06999999973,1.0,0.0,0.0
2016-03-07,13:02:00,125.301,125.37,125.221,125.221,32769.28999999973,1.0,0.0,0.0
2016-03-07,13:07:00,125.24,125.351,125.221,125.311,37518.20999999974,1.0,0.0,0.0
2016-03-07,13:12:00,125.311,125.48,125.281,125.479,27559.75999999974,1.0,0.0,0.0
2016-03-07,13:17:00,125.48,125.589,125.48,125.589,38861.60999999975,1.0,0.0,0.0
2016-03-07,13:22:00,125.575,125.65899999999999,125.351,125.39,35414.73999999975,1.0,0.0,0.0
2016-03-07,13:27:00,125.38,125.4,125.291,125.311,38066.26999999976,1.0,0.0,0.0
2016-03-07,13:32:00,125.339,125.36,125.14200000000001,125.191,42587.91999999976,1.0,0.0,0.0
2016-03-07,13:37:00,125.181,125.23100000000001,124.973,125.00200000000001,54091.97999999976,1.0,0.0,0.0
2016-03-07,13:42:00,125.00200000000001,125.06200000000001,124.973,125.00399999999999,22601.63999999976,1.0,0.0,0.0
2016-03-07,13:47:00,125.008,125.06200000000001,124.943,125.03200000000001,27599.01999999976,1.0,0.0,0.0
2016-03-07,13:52:00,125.035,125.241,125.012,125.22,23474.42999999976,1.0,0.0,0.0
2016-03-07,13:57:00,125.221,125.251,125.12200000000001,125.135,34296.62999999975,1.0,0.0,0.0
2016-03-07,14:02:00,125.132,125.152,125.08200000000001,125.132,54375.33999999975,1.0,0.0,0.0
2016-03-07,14:07:00,125.12200000000001,125.14200000000001,124.913,124.95299999999999,43851.91999999975,1.0,0.0,0.0
2016-03-07,14:12:00,124.976,125.052,124.93299999999999,124.993,35584.66999999975,1.0,0.0,0.0
2016-03-07,14:17:00,124.993,125.00200000000001,124.803,124.84299999999999,37911.41999999976,1.0,0.0,0.0
2016-03-07,14:22:00,124.853,124.913,124.714,124.89299999999999,37645.979999999756,1.0,0.0,0.0
2016-03-07,14:27:00,124.89299999999999,124.95299999999999,124.64399999999999,124.774,44915.709999999744,1.0,0.0,0.0
2016-03-07,14:32:00,124.774,124.78399999999999,124.664,124.684,29572.779999999744,1.0,0.0,0.0
2016-03-07,14:37:00,124.72399999999999,124.78399999999999,124.336,124.396,43051.54999999975,1.0,0.0,0.0
2016-03-07,14:42:00,124.38600000000001,124.455,124.32600000000001,124.346,43928.31999999974,1.0,0.0,0.0
2016-03-07,14:47:00,124.351,124.694,124.336,124.67399999999999,68305.68999999975,1.0,0.0,0.0
2016-03-07,14:52:00,124.65899999999999,124.823,124.64399999999999,124.823,64760.24999999974,1.0,0.0,0.0
2016-03-07,14:57:00,124.823,124.93299999999999,124.75399999999999,124.93299999999999,47234.419999999736,1.0,0.0,0.0
2016-03-07,15:02:00,124.93299999999999,124.943,124.70100000000001,124.70100000000001,29669.33999999975,1.0,0.0,0.0
2016-03-07,15:07:00,124.714,124.794,124.475,124.525,52133.12999999974,1.0,0.0,0.0
2016-03-07,15:12:00,124.515,124.774,124.515,124.772,43444.62999999976,1.0,0.0,0.0
2016-03-07,15:17:00,124.764,125.09100000000001,124.764,125.072,53553.98999999976,1.0,0.0,0.0
2016-03-07,15:22:00,125.06200000000001,125.26100000000001,125.052,125.14200000000001,104669.68999999974,1.0,0.0,0.0
2016-03-07,15:27:00,125.12700000000001,125.331,125.11200000000001,125.321,64668.75999999975,1.0,0.0,0.0
2016-03-07,15:32:00,125.311,125.36,125.211,125.36,55192.95999999976,1.0,0.0,0.0
2016-03-07,15:37:00,125.37,125.559,125.301,125.47,69852.13999999977,1.0,0.0,0.0
2016-03-07,15:42:00,125.49,125.5,125.311,125.351,64541.959999999766,1.0,0.0,0.0
2016-03-07,15:47:00,125.351,125.36,125.12200000000001,125.181,63960.82999999978,1.0,0.0,0.0
2016-03-07,15:52:00,125.17200000000001,125.281,125.133,125.281,70709.82999999978,1.0,0.0,0.0
2016-03-07,15:57:00,125.271,125.271,125.14200000000001,125.211,111009.39999999976,1.0,0.0,0.0
2016-03-08,09:32:00,125.211,125.44,124.96,125.43,124783.89999999975,1.0,0.0,0.69
2016-03-08,09:37:00,125.42,126.29,125.26,126.29,149987.99999999974,1.0,0.0,0.69
2016-03-08,09:42:00,126.29,126.435,125.69,125.995,83098.99999999974,1.0,0.0,0.69
2016-03-08,09:47:00,126.06,126.36,125.97,126.35,76236.99999999974,1.0,0.0,0.69
2016-03-08,09:52:00,126.35,127.26,126.29,127.0,189543.99999999974,1.0,0.0,0.69
2016-03-08,09:57:00,126.99,127.44,126.98,127.29,180373.99999999977,1.0,0.0,0.69
2016-03-08,10:02:00,127.32799999999999,127.49,127.17,127.43,121413.99999999977,1.0,0.0,0.69
2016-03-08,10:07:00,127.45,127.48,127.23,127.35,74850.99999999977,1.0,0.0,0.69
2016-03-08,10:12:00,127.35,127.35,127.11,127.26,72165.99999999977,1.0,0.0,0.69
2016-03-08,10:17:00,127.26,127.27,126.84,127.1,60571.99999999977,1.0,0.0,0.69
2016-03-08,10:22:00,127.05,127.4,126.93,127.29,87226.99999999977,1.0,0.0,0.69
2016-03-08,10:27:00,127.29,127.38,126.87,126.97,46438.99999999977,1.0,0.0,0.69
2016-03-08,10:32:00,127.03,127.18,126.93,127.07,48370.99999999977,1.0,0.0,0.69
2016-03-08,10:37:00,127.07,127.26,126.95,127.25,73000.99999999977,1.0,0.0,0.69
2016-03-08,10:42:00,127.24,127.3,127.0,127.12,39120.99999999977,1.0,0.0,0.69
2016-03-08,10:47:00,127.12,127.23,126.98,127.16,68221.99999999977,1.0,0.0,0.69
2016-03-08,10:52:00,127.16,127.33,127.07,127.25,41681.99999999977,1.0,0.0,0.69
2016-03-08,10:57:00,127.25,127.35,127.19,127.25,45378.99999999977,1.0,0.0,0.69
2016-03-08,11:02:00,127.26,127.6,127.165,127.56,67615.99999999977,1.0,0.0,0.69
2016-03-08,11:07:00,127.55,127.58,127.36,127.38,42110.99999999977,1.0,0.0,0.69
2016-03-08,11:12:00,127.4,127.59,127.36,127.44,32543.999999999767,1.0,0.0,0.69
2016-03-08,11:17:00,127.435,127.69,127.38,127.61,53875.99999999977,1.0,0.0,0.69
2016-03-08,11:22:00,127.6,127.615,127.17,127.23,33098.99999999977,1.0,0.0,0.69
2016-03-08,11:27:00,127.24700000000001,127.39,127.07,127.37,28612.999999999767,1.0,0.0,0.69
2016-03-08,11:32:00,127.367,127.46,127.23,127.44,22336.999999999767,1.0,0.0,0.69
2016-03-08,11:37:00,127.44,127.54,127.38,127.435,38644.99999999977,1.0,0.0,0.69
2016-03-08,11:42:00,127.45,127.45,127.12,127.382,29267.999999999767,1.0,0.0,0.69
2016-03-08,11:47:00,127.4,127.75,127.35,127.68,45307.99999999977,1.0,0.0,0.69
2016-03-08,11:52:00,127.71,127.97,127.59,127.88,67352.99999999977,1.0,0.0,0.69
2016-03-08,11:57:00,127.84,127.9,127.8,127.85799999999999,53130.99999999977,1.0,0.0,0.69
2016-03-08,12:02:00,127.85700000000001,127.9,127.65,127.69,39102.99999999977,1.0,0.0,0.69
2016-03-08,12:07:00,127.70100000000001,127.83,127.63,127.83,22988.999999999767,1.0,0.0,0.69
2016-03-08,12:12:00,127.84,128.08,127.8,128.06,96841.99999999977,1.0,0.0,0.69
2016-03-08,12:17:00,128.06,128.2,128.04,128.148,90133.99999999977,1.0,0.0,0.69
2016-03-08,12:22:00,128.14,128.2,128.09,128.1,48428.99999999977,1.0,0.0,0.69
2016-03-08,12:27:00,128.091,128.16,128.06,128.1,49091.99999999977,1.0,0.0,0.69
2016-03-08,12:32:00,128.1,128.12,127.94,127.96,29054.999999999767,1.0,0.0,0.69
2016-03-08,12:37:00,127.96,128.03,127.82,127.93,52371.99999999977,1.0,0.0,0.69
2016-03-08,12:42:00,127.91,127.93,127.63,127.63,28017.999999999767,1.0,0.0,0.69
2016-03-08,12:47:00,127.66,127.679,127.4,127.48899999999999,32623.999999999767,1.0,0.0,0.69
2016-03-08,12:52:00,127.488,127.53,127.43,127.45,20833.999999999767,1.0,0.0,0.69
2016-03-08,12:57:00,127.45,127.55,127.43,127.47,32671.999999999767,1.0,0.0,0.69
2016-03-08,13:02:00,127.48,127.75,127.48,127.74,33590.99999999977,1.0,0.0,0.69
2016-03-08,13:07:00,127.73,127.89,127.73,127.83,57415.99999999977,1.0,0.0,0.69
2016-03-08,13:12:00,127.835,127.87,127.76,127.79,26457.999999999767,1.0,0.0,0.69
2016-03-08,13:17:00,127.79,127.82,127.67,127.77600000000001,22889.999999999767,1.0,0.0,0.69
2016-03-08,13:22:00,127.79899999999999,127.84,127.59,127.81,22033.999999999767,1.0,0.0,0.69
2016-03-08,13:27:00,127.815,127.83,127.71,127.79700000000001,18159.999999999767,1.0,0.0,0.69
2016-03-08,13:32:00,127.794,127.81,127.74,127.75,22082.999999999767,1.0,0.0,0.69
2016-03-08,13:37:00,127.764,127.78,127.66,127.76,30092.999999999767,1.0,0.0,0.69
2016-03-08,13:42:00,127.77,127.77,127.64,127.697,21434.999999999767,1.0,0.0,0.69
2016-03-08,13:47:00,127.67,127.74,127.67,127.71,21804.999999999767,1.0,0.0,0.69
2016-03-08,13:52:00,127.72,127.73,127.51,127.55,20494.999999999767,1.0,0.0,0.69
2016-03-08,13:57:00,127.55,127.65,127.52,127.61,22517.999999999767,1.0,0.0,0.69
2016-03-08,14:02:00,127.61,127.62200000000001,127.39,127.45,33532.99999999977,1.0,0.0,0.69
2016-03-08,14:07:00,127.47,127.74,127.45,127.70100000000001,29478.999999999767,1.0,0.0,0.69
2016-03-08,14:12:00,127.71,127.8,127.69,127.76,39526.99999999977,1.0,0.0,0.69
2016-03-08,14:17:00,127.762,127.8,127.57,127.59,47609.99999999977,1.0,0.0,0.69
2016-03-08,14:22:00,127.56,127.71,127.55,127.71,25139.999999999767,1.0,0.0,0.69
2016-03-08,14:27:00,127.708,127.71,127.3,127.34,37574.99999999977,1.0,0.0,0.69
2016-03-08,14:32:00,127.354,127.47,127.3,127.32,43872.99999999977,1.0,0.0,0.69
2016-03-08,14:37:00,127.34,127.46,127.27,127.44,48058.99999999977,1.0,0.0,0.69
2016-03-08,14:42:00,127.43,127.43,127.23,127.29,40828.99999999977,1.0,0.0,0.69
2016-03-08,14:47:00,127.28,127.46,127.27,127.43,30130.999999999767,1.0,0.0,0.69
2016-03-08,14:52:00,127.41799999999999,127.41799999999999,127.08,127.24,45259.99999999977,1.0,0.0,0.69
2016-03-08,14:57:00,127.23,127.29,127.186,127.26,43034.99999999977,1.0,0.0,0.69
2016-03-08,15:02:00,127.265,127.36,127.14,127.18,54518.99999999977,1.0,0.0,0.69
2016-03-08,15:07:00,127.19,127.23,127.03,127.229,62270.99999999977,1.0,0.0,0.69
2016-03-08,15:12:00,127.23,127.41,127.2,127.389,62113.99999999977,1.0,0.0,0.69
2016-03-08,15:17:00,127.395,127.45,127.25,127.32,64097.99999999977,1.0,0.0,0.69
2016-03-08,15:22:00,127.32,127.36,127.12,127.22,71920.99999999977,1.0,0.0,0.69
2016-03-08,15:27:00,127.23,127.31,127.01,127.06,58684.99999999977,1.0,0.0,0.69
2016-03-08,15:32:00,127.07,127.08,126.84,126.91,78631.99999999977,1.0,0.0,0.69
2016-03-08,15:37:00,126.9,126.995,126.84,126.86,77823.99999999977,1.0,0.0,0.69
2016-03-08,15:42:00,126.85,126.88,126.7,126.82,87677.99999999977,1.0,0.0,0.69
2016-03-08,15:47:00,126.83,126.9,126.71,126.775,156201.99999999977,1.0,0.0,0.69
2016-03-08,15:52:00,126.78,126.83,126.66,126.686,148938.99999999977,1.0,0.0,0.69
2016-03-08,15:57:00,126.68,126.69,126.48,126.67,201835.99999999977,1.0,0.0,0.69
2016-03-09,09:32:00,126.66,127.59,126.61,127.17,253052.99999999977,1.0,0.0,0.0
2016-03-09,09:37:00,127.145,127.396,126.8,126.92,55553.99999999977,1.0,0.0,0.0
2016-03-09,09:42:00,126.91,127.23,126.83,127.08,77148.99999999977,1.0,0.0,0.0
2016-03-09,09:47:00,127.11,127.45,127.01,127.33,56353.99999999977,1.0,0.0,0.0
2016-03-09,09:52:00,127.279,127.41,127.1,127.115,57855.99999999977,1.0,0.0,0.0
2016-03-09,09:57:00,127.13,127.28,127.04,127.07,45880.99999999977,1.0,0.0,0.0
2016-03-09,10:02:00,127.07,127.12,126.75,126.78,60799.99999999977,1.0,0.0,0.0
2016-03-09,10:07:00,126.8,126.98,126.61,126.61,42399.99999999977,1.0,0.0,0.0
2016-03-09,10:12:00,126.65,126.78,126.48,126.583,45088.99999999977,1.0,0.0,0.0
2016-03-09,10:17:00,126.6,126.705,126.35,126.43799999999999,40043.99999999977,1.0,0.0,0.0
2016-03-09,10:22:00,126.44,126.51,126.22,126.48,35314.99999999977,1.0,0.0,0.0
2016-03-09,10:27:00,126.475,126.58,126.4,126.44,26026.999999999767,1.0,0.0,0.0
2016-03-09,10:32:00,126.41,126.49,126.26,126.3,70555.99999999977,1.0,0.0,0.0
2016-03-09,10:37:00,126.29899999999999,126.618,126.25,126.54,34001.99999999977,1.0,0.0,0.0
2016-03-09,10:42:00,126.53,126.65,126.46,126.56,27354.999999999767,1.0,0.0,0.0
2016-03-09,10:47:00,126.556,126.58,126.18,126.18,35482.99999999977,1.0,0.0,0.0
2016-03-09,10:52:00,126.195,126.2,125.67,125.73,77256.99999999977,1.0,0.0,0.0
2016-03-09,10:57:00,125.72,125.86,125.67,125.86,35480.99999999977,1.0,0.0,0.0
2016-03-09,11:02:00,125.88,126.05,125.76,125.98,48690.99999999977,1.0,0.0,0.0
2016-03-09,11:07:00,125.99799999999999,126.0,125.83,125.98,27224.999999999767,1.0,0.0,0.0
2016-03-09,11:12:00,125.98,126.069,125.88,125.88,41043.99999999977,1.0,0.0,0.0
2016-03-09,11:17:00,125.88,126.05,125.86,125.96,32292.999999999767,1.0,0.0,0.0
2016-03-09,11:22:00,125.94,126.06200000000001,125.84,125.99,39190.99999999977,1.0,0.0,0.0
2016-03-09,11:27:00,126.01799999999999,126.34,125.97,126.15,25257.999999999767,1.0,0.0,0.0
2016-03-09,11:32:00,126.14299999999999,126.3,126.05,126.14,32454.999999999767,1.0,0.0,0.0
2016-03-09,11:37:00,126.14,126.15,125.96,125.99,30598.999999999767,1.0,0.0,0.0
2016-03-09,11:42:00,125.98,126.0,125.85,125.89,23814.999999999767,1.0,0.0,0.0
2016-03-09,11:47:00,125.885,125.95,125.77,125.83,33020.99999999977,1.0,0.0,0.0
2016-03-09,11:52:00,125.83,125.85799999999999,125.56,125.73100000000001,56504.99999999977,1.0,0.0,0.0
2016-03-09,11:57:00,125.729,125.85,125.7,125.785,41559.99999999977,1.0,0.0,0.0
2016-03-09,12:02:00,125.78,125.9,125.7,125.71,93701.99999999977,1.0,0.0,0.0
2016-03-09,12:07:00,125.69,125.74,125.51,125.71,76186.99999999977,1.0,0.0,0.0
2016-03-09,12:12:00,125.69,125.77,125.59,125.617,32671.999999999767,1.0,0.0,0.0
2016-03-09,12:17:00,125.61,125.755,125.58,125.61,28975.999999999767,1.0,0.0,0.0
2016-03-09,12:22:00,125.63,125.74,125.54,125.73,18595.999999999767,1.0,0.0,0.0
2016-03-09,12:27:00,125.71,125.73,125.56299999999999,125.589,31497.999999999767,1.0,0.0,0.0
2016-03-09,12:32:00,125.58,125.59,125.51,125.552,31837.999999999767,1.0,0.0,0.0
2016-03-09,12:37:00,125.56,125.6,125.44,125.53,52114.99999999977,1.0,0.0,0.0
2016-03-09,12:42:00,125.51,125.59,125.48,125.50299999999999,25462.999999999767,1.0,0.0,0.0
2016-03-09,12:47:00,125.5,125.555,125.43,125.5,32162.999999999767,1.0,0.0,0.0
2016-03-09,12:52:00,125.51,125.55,125.33,125.48,42369.99999999977,1.0,0.0,0.0
2016-03-09,12:57:00,125.48,125.48,125.38,125.39,27356.999999999767,1.0,0.0,0.0
2016-03-09,13:02:00,125.39,125.53,125.37,125.48,21186.999999999767,1.0,0.0,0.0
2016-03-09,13:07:00,125.5,125.55,125.45,125.49,20953.999999999767,1.0,0.0,0.0
2016-03-09,13:12:00,125.48,125.57,125.44,125.52,20213.999999999767,1.0,0.0,0.0
2016-03-09,13:17:00,125.52,125.55,125.415,125.48,18445.999999999767,1.0,0.0,0.0
2016-03-09,13:22:00,125.48,125.48,125.35,125.41,17898.999999999767,1.0,0.0,0.0
2016-03-09,13:27:00,125.43,125.45,125.34,125.39,20831.999999999767,1.0,0.0,0.0
2016-03-09,13:32:00,125.4,125.48,125.35,125.39,34974.99999999977,1.0,0.0,0.0
2016-03-09,13:37:00,125.42,125.55,125.39,125.51,23537.999999999767,1.0,0.0,0.0
2016-03-09,13:42:00,125.51,125.52,125.37,125.44,22865.999999999767,1.0,0.0,0.0
2016-03-09,13:47:00,125.431,125.6,125.39,125.6,24101.999999999767,1.0,0.0,0.0
2016-03-09,13:52:00,125.6,125.73,125.57,125.64,22558.999999999767,1.0,0.0,0.0
2016-03-09,13:57:00,125.655,125.7,125.59,125.675,25254.999999999767,1.0,0.0,0.0
2016-03-09,14:02:00,125.68,125.76,125.62,125.72,155047.99999999977,1.0,0.0,0.0
2016-03-09,14:07:00,125.715,125.85,125.65,125.81,78684.99999999977,1.0,0.0,0.0
2016-03-09,14:12:00,125.81,125.9,125.78,125.87,41180.99999999977,1.0,0.0,0.0
2016-03-09,14:17:00,125.89,126.0,125.83,126.0,33934.99999999977,1.0,0.0,0.0
2016-03-09,14:22:00,126.0,126.05,125.94,126.023,80582.99999999977,1.0,0.0,0.0
2016-03-09,14:27:00,126.02,126.03,125.90299999999999,125.98,40727.99999999977,1.0,0.0,0.0
2016-03-09,14:32:00,125.99,126.05,125.95,125.97,30661.999999999767,1.0,0.0,0.0
2016-03-09,14:37:00,125.96,125.969,125.68,125.68,41922.99999999977,1.0,0.0,0.0
2016-03-09,14:42:00,125.684,125.84,125.65,125.805,29640.999999999767,1.0,0.0,0.0
2016-03-09,14:47:00,125.81,125.846,125.73,125.76,33464.99999999977,1.0,0.0,0.0
2016-03-09,14:52:00,125.75299999999999,125.83,125.71,125.76,47858.99999999977,1.0,0.0,0.0
2016-03-09,14:57:00,125.74,125.76,125.64,125.73,32531.999999999767,1.0,0.0,0.0
2016-03-09,15:02:00,125.738,125.81,125.71,125.807,37179.99999999977,1.0,0.0,0.0
2016-03-09,15:07:00,125.802,125.81,125.59,125.61,47796.99999999977,1.0,0.0,0.0
2016-03-09,15:12:00,125.61,125.66,125.40799999999999,125.46,54094.99999999977,1.0,0.0,0.0
2016-03-09,15:17:00,125.46,125.54700000000001,125.41,125.51,45033.99999999977,1.0,0.0,0.0
2016-03-09,15:22:00,125.5,125.51,125.34,125.4,48625.99999999977,1.0,0.0,0.0
2016-03-09,15:27:00,125.4,125.57,125.37,125.57,45302.99999999977,1.0,0.0,0.0
2016-03-09,15:32:00,125.57,125.7,125.56,125.63,59117.99999999977,1.0,0.0,0.0
2016-03-09,15:37:00,125.64,125.853,125.63,125.823,69986.99999999977,1.0,0.0,0.0
2016-03-09,15:42:00,125.84,125.85,125.71,125.81,73219.99999999977,1.0,0.0,0.0
2016-03-09,15:47:00,125.82,125.94,125.69,125.697,75375.99999999977,1.0,0.0,0.0
2016-03-09,15:52:00,125.7,125.8,125.7,125.79,86839.99999999977,1.0,0.0,0.0
2016-03-09,15:57:00,125.79,125.87,125.72,125.87,122293.99999999977,1.0,0.0,0.0
2016-03-10,09:32:00,125.87,126.84,125.81,126.84,247898.99999999977,1.0,0.0,0.0
2016-03-10,09:37:00,126.86,126.92,126.15,126.34700000000001,67052.99999999977,1.0,0.0,0.0
2016-03-10,09:42:00,126.34,126.84,126.19,126.55,83156.99999999977,1.0,0.0,0.0
2016-03-10,09:47:00,126.56,126.6,126.13,126.4,52738.99999999977,1.0,0.0,0.0
2016-03-10,09:52:00,126.34,126.59,126.31,126.51,74984.99999999977,1.0,0.0,0.0
2016-03-10,09:57:00,126.48,126.88,126.37,126.73,99075.99999999977,1.0,0.0,0.0
2016-03-10,10:02:00,126.736,127.0,126.63,126.95,46577.99999999977,1.0,0.0,0.0
2016-03-10,10:07:00,126.98,126.99,126.71,126.87,35804.99999999977,1.0,0.0,0.0
2016-03-10,10:12:00,126.853,126.99,126.63,126.76,60148.99999999977,1.0,0.0,0.0
2016-03-10,10:17:00,126.8,126.96,126.76,126.87899999999999,56814.99999999977,1.0,0.0,0.0
2016-03-10,10:22:00,126.84,126.95,126.67,126.7,37168.99999999977,1.0,0.0,0.0
2016-03-10,10:27:00,126.71,126.91,126.65,126.705,49238.99999999977,1.0,0.0,0.0
2016-03-10,10:32:00,126.71,126.81,126.4,126.57,63792.99999999977,1.0,0.0,0.0
2016-03-10,10:37:00,126.55,126.56,125.96,126.09,85276.99999999977,1.0,0.0,0.0
2016-03-10,10:42:00,126.1,126.29700000000001,126.04,126.25,51294.99999999977,1.0,0.0,0.0
2016-03-10,10:47:00,126.25,126.54,126.14,126.51899999999999,42030.99999999977,1.0,0.0,0.0
2016-03-10,10:52:00,126.45100000000001,126.52,126.24,126.29,44411.99999999977,1.0,0.0,0.0
2016-03-10,10:57:00,126.3,126.51,126.163,126.21,28331.999999999767,1.0,0.0,0.0
2016-03-10,11:02:00,126.18,126.2,125.95,126.0,55594.99999999977,1.0,0.0,0.0
2016-03-10,11:07:00,126.02,126.12,125.74,125.96,40742.99999999977,1.0,0.0,0.0
2016-03-10,11:12:00,125.94,126.11,125.89,125.98,50008.99999999977,1.0,0.0,0.0
2016-03-10,11:17:00,125.98,125.98,125.72,125.77,36490.99999999977,1.0,0.0,0.0
2016-03-10,11:22:00,125.76,125.76,125.32,125.428,60541.99999999977,1.0,0.0,0.0
2016-03-10,11:27:00,125.43,125.44,125.17,125.29,43212.99999999977,1.0,0.0,0.0
2016-03-10,11:32:00,125.27,125.44,125.2,125.235,57395.99999999977,1.0,0.0,0.0
2016-03-10,11:37:00,125.21,125.22,124.82,125.11,102930.99999999977,1.0,0.0,0.0
2016-03-10,11:42:00,125.08,125.49,125.07,125.46,45722.99999999977,1.0,0.0,0.0
2016-03-10,11:47:00,125.46,125.54,125.29,125.52,44290.99999999977,1.0,0.0,0.0
2016-03-10,11:52:00,125.5,125.55,125.34,125.39,27940.999999999767,1.0,0.0,0.0
2016-03-10,11:57:00,125.363,125.39,125.175,125.31,40026.99999999977,1.0,0.0,0.0
2016-03-10,12:02:00,125.3,125.6,125.18,125.54899999999999,38185.99999999977,1.0,0.0,0.0
2016-03-10,12:07:00,125.56,125.74,125.53,125.65,42226.99999999977,1.0,0.0,0.0
2016-03-10,12:12:00,125.64,125.65,125.46,125.52,39402.99999999977,1.0,0.0,0.0
2016-03-10,12:17:00,125.5,125.57,125.4,125.429,32412.999999999767,1.0,0.0,0.0
2016-03-10,12:22:00,125.44,125.44,125.11,125.18,31284.999999999767,1.0,0.0,0.0
2016-03-10,12:27:00,125.18,125.33,125.14,125.33,24057.999999999767,1.0,0.0,0.0
2016-03-10,12:32:00,125.32,125.35,125.05,125.11,28427.999999999767,1.0,0.0,0.0
2016-03-10,12:37:00,125.09,125.25,124.8,124.91799999999999,38074.99999999977,1.0,0.0,0.0
2016-03-10,12:42:00,124.913,125.01,124.83,124.94,30784.999999999767,1.0,0.0,0.0
2016-03-10,12:47:00,124.96,125.16,124.81,125.11,41173.99999999977,1.0,0.0,0.0
2016-03-10,12:52:00,125.11,125.29,125.05,125.109,36599.99999999977,1.0,0.0,0.0
2016-03-10,12:57:00,125.12200000000001,125.37,125.07,125.33200000000001,37480.99999999977,1.0,0.0,0.0
2016-03-10,13:02:00,125.31,125.37,125.13,125.13,20605.999999999767,1.0,0.0,0.0
2016-03-10,13:07:00,125.14,125.15,124.906,124.948,19543.999999999767,1.0,0.0,0.0
2016-03-10,13:12:00,124.93,124.96,124.775,124.775,33560.99999999977,1.0,0.0,0.0
2016-03-10,13:17:00,124.77,124.97,124.62,124.94,56325.99999999977,1.0,0.0,0.0
2016-03-10,13:22:00,124.95100000000001,124.96,124.81,124.898,39387.99999999977,1.0,0.0,0.0
2016-03-10,13:27:00,124.9,124.96799999999999,124.83,124.92,46309.99999999977,1.0,0.0,0.0
2016-03-10,13:32:00,124.92,124.99,124.88,124.95,56078.99999999977,1.0,0.0,0.0
2016-03-10,13:37:00,124.97,125.0,124.75,124.78,34110.99999999977,1.0,0.0,0.0
2016-03-10,13:42:00,124.81,124.86,124.61,124.63,46923.99999999977,1.0,0.0,0.0
2016-03-10,13:47:00,124.65,124.69,124.48,124.5,51587.99999999977,1.0,0.0,0.0
2016-03-10,13:52:00,124.5,124.82,124.46,124.8,43706.99999999977,1.0,0.0,0.0
2016-03-10,13:57:00,124.809,124.82,124.62,124.74799999999999,34697.99999999977,1.0,0.0,0.0
2016-03-10,14:02:00,124.743,124.743,124.51,124.59,45676.99999999977,1.0,0.0,0.0
2016-03-10,14:07:00,124.59,124.61,124.367,124.367,58460.99999999977,1.0,0.0,0.0
2016-03-10,14:12:00,124.36,124.44,124.31,124.41,50999.99999999977,1.0,0.0,0.0
2016-03-10,14:17:00,124.41,124.6,124.399,124.54299999999999,34167.99999999977,1.0,0.0,0.0
2016-03-10,14:22:00,124.55,124.69,124.54,124.64,26339.999999999767,1.0,0.0,0.0
2016-03-10,14:27:00,124.65299999999999,124.92,124.65299999999999,124.898,46675.99999999977,1.0,0.0,0.0
2016-03-10,14:32:00,124.91,125.03,124.76,124.77,46181.99999999977,1.0,0.0,0.0
2016-03-10,14:37:00,124.78,124.83,124.74,124.75,45569.99999999977,1.0,0.0,0.0
2016-03-10,14:42:00,124.76,125.13,124.68,125.05,54285.99999999977,1.0,0.0,0.0
2016-03-10,14:47:00,125.05,125.34,125.05,125.32,62373.99999999977,1.0,0.0,0.0
2016-03-10,14:52:00,125.32,125.6,125.31,125.59,55216.99999999977,1.0,0.0,0.0
2016-03-10,14:57:00,125.6,125.6,125.255,125.26,43357.99999999977,1.0,0.0,0.0
2016-03-10,15:02:00,125.26299999999999,125.36,125.12,125.14,59324.99999999977,1.0,0.0,0.0
2016-03-10,15:07:00,125.11,125.18,125.07,125.11,52742.99999999977,1.0,0.0,0.0
2016-03-10,15:12:00,125.13,125.35,125.12,125.25,46738.99999999977,1.0,0.0,0.0
2016-03-10,15:17:00,125.255,125.67,125.15,125.61,65097.99999999977,1.0,0.0,0.0
2016-03-10,15:22:00,125.61,125.61,125.3,125.39200000000001,50345.99999999977,1.0,0.0,0.0
2016-03-10,15:27:00,125.41,125.67,125.39,125.67,39165.99999999977,1.0,0.0,0.0
2016-03-10,15:32:00,125.65,125.98,125.63,125.78,105011.99999999977,1.0,0.0,0.0
2016-03-10,15:37:00,125.78,125.84,125.54,125.63,71244.99999999977,1.0,0.0,0.0
2016-03-10,15:42:00,125.611,125.65,125.44,125.54,91406.99999999977,1.0,0.0,0.0
2016-03-10,15:47:00,125.55,125.7,125.5,125.56,75804.99999999977,1.0,0.0,0.0
2016-03-10,15:52:00,125.57,125.73,125.48,125.72,84203.99999999977,1.0,0.0,0.0
2016-03-10,15:57:00,125.71,125.79,125.62,125.77,191538.99999999977,1.0,0.0,0.0
2016-03-11,09:32:00,125.77,127.05,125.69,126.88,165246.99999999977,1.0,0.0,0.0
2016-03-11,09:37:00,126.89,127.62,126.72,127.52,220504.99999999977,1.0,0.0,0.0
2016-03-11,09:42:00,127.51,127.78,127.33,127.54,79754.99999999977,1.0,0.0,0.0
2016-03-11,09:47:00,127.48,127.93,127.47,127.669,90561.99999999977,1.0,0.0,0.0
2016-03-11,09:52:00,127.65,127.705,127.51,127.64,76310.99999999977,1.0,0.0,0.0
2016-03-11,09:57:00,127.65,127.97,127.63,127.96,60773.99999999977,1.0,0.0,0.0
2016-03-11,10:02:00,127.98,128.15,127.85,127.93,78804.99999999977,1.0,0.0,0.0
2016-03-11,10:07:00,127.96,128.02,127.79,127.93,61455.99999999977,1.0,0.0,0.0
2016-03-11,10:12:00,127.939,128.15,127.87,128.11,102872.99999999977,1.0,0.0,0.0
2016-03-11,10:17:00,128.111,128.3,128.05,128.222,72911.99999999977,1.0,0.0,0.0
2016-03-11,10:22:00,128.25,128.27,128.02,128.094,70022.99999999977,1.0,0.0,0.0
2016-03-11,10:27:00,128.07,128.23,128.014,128.08,37312.99999999977,1.0,0.0,0.0
2016-03-11,10:32:00,128.07,128.25,128.0,128.22,37643.99999999977,1.0,0.0,0.0
2016-03-11,10:37:00,128.19,128.36,128.1,128.29,38942.99999999977,1.0,0.0,0.0
2016-03-11,10:42:00,128.29,128.33,128.12,128.28,77281.99999999977,1.0,0.0,0.0
2016-03-11,10:47:00,128.29,128.31,128.09,128.16,48160.99999999977,1.0,0.0,0.0
2016-03-11,10:52:00,128.16,128.22,128.15,128.21,78931.99999999977,1.0,0.0,0.0
2016-03-11,10:57:00,128.19,128.27,128.12,128.24,47378.99999999977,1.0,0.0,0.0
2016-03-11,11:02:00,128.227,128.34,128.21,128.30700000000002,60775.99999999977,1.0,0.0,0.0
2016-03-11,11:07:00,128.3,128.59,128.29,128.57,73820.99999999977,1.0,0.0,0.0
2016-03-11,11:12:00,128.56,128.76,128.56,128.738,83248.99999999977,1.0,0.0,0.0
2016-03-11,11:17:00,128.72,128.76,128.58,128.72,53322.99999999977,1.0,0.0,0.0
2016-03-11,11:22:00,128.72,128.76,128.518,128.55,53288.99999999977,1.0,0.0,0.0
2016-03-11,11:27:00,128.54399999999998,128.68,128.4,128.66,34240.99999999977,1.0,0.0,0.0
2016-03-11,11:32:00,128.66,128.7,128.31,128.34,73458.99999999977,1.0,0.0,0.0
2016-03-11,11:37:00,128.35,128.41,128.15,128.24,49673.99999999977,1.0,0.0,0.0
2016-03-11,11:42:00,128.237,128.37,128.21,128.289,39235.99999999977,1.0,0.0,0.0
2016-03-11,11:47:00,128.263,128.34,128.24,128.252,18148.999999999767,1.0,0.0,0.0
2016-03-11,11:52:00,128.26,128.32,128.11,128.13,62710.99999999977,1.0,0.0,0.0
2016-03-11,11:57:00,128.14,128.3,128.1,128.29,30680.999999999767,1.0,0.0,0.0
2016-03-11,12:02:00,128.295,128.295,128.14,128.14,33041.99999999977,1.0,0.0,0.0
2016-03-11,12:07:00,128.15,128.27,128.15,128.24,32844.99999999977,1.0,0.0,0.0
2016-03-11,12:12:00,128.246,128.246,128.12,128.16,40104.99999999977,1.0,0.0,0.0
2016-03-11,12:17:00,128.15,128.18,128.02,128.028,19246.999999999767,1.0,0.0,0.0
2016-03-11,12:22:00,128.01,128.17,128.0,128.14,32220.999999999767,1.0,0.0,0.0
2016-03-11,12:27:00,128.135,128.24,128.11,128.21,24807.999999999767,1.0,0.0,0.0
2016-03-11,12:32:00,128.21,128.28,128.16,128.225,30728.999999999767,1.0,0.0,0.0
2016-03-11,12:37:00,128.238,128.238,128.08,128.19,33253.99999999977,1.0,0.0,0.0
2016-03-11,12:42:00,128.19,128.2,128.06,128.11,25013.999999999767,1.0,0.0,0.0
2016-03-11,12:47:00,128.12,128.19,128.07,128.109,33522.99999999977,1.0,0.0,0.0
2016-03-11,12:52:00,128.109,128.18,128.07,128.12,31246.999999999767,1.0,0.0,0.0
2016-03-11,12:57:00,128.12,128.17,128.06,128.06,25096.999999999767,1.0,0.0,0.0
2016-03-11,13:02:00,128.06,128.14,128.042,128.06,23041.999999999767,1.0,0.0,0.0
2016-03-11,13:07:00,128.065,128.065,127.999,128.0,33479.99999999977,1.0,0.0,0.0
2016-03-11,13:12:00,128.01,128.04,127.995,128.03,36842.99999999977,1.0,0.0,0.0
2016-03-11,13:17:00,128.02,128.05200000000002,127.85,127.89,32602.999999999767,1.0,0.0,0.0
2016-03-11,13:22:00,127.91,127.94,127.83,127.895,25464.999999999767,1.0,0.0,0.0
2016-03-11,13:27:00,127.89,127.9,127.64,127.71,46513.99999999977,1.0,0.0,0.0
2016-03-11,13:32:00,127.7,127.77,127.57,127.68,129260.99999999977,1.0,0.0,0.0
2016-03-11,13:37:00,127.68,127.82,127.68,127.72,49331.99999999977,1.0,0.0,0.0
2016-03-11,13:42:00,127.712,127.9,127.67,127.77,22122.999999999767,1.0,0.0,0.0
2016-03-11,13:47:00,127.76,127.83200000000001,127.71,127.76,30746.999999999767,1.0,0.0,0.0
2016-03-11,13:52:00,127.76,127.91,127.73,127.91,22875.999999999767,1.0,0.0,0.0
2016-03-11,13:57:00,127.902,128.02,127.85,128.02,48117.99999999977,1.0,0.0,0.0
2016-03-11,14:02:00,128.01,128.01,127.89,127.93299999999999,48682.99999999977,1.0,0.0,0.0
2016-03-11,14:07:00,127.92,128.05,127.88,128.0,29873.999999999767,1.0,0.0,0.0
2016-03-11,14:12:00,127.99,128.0,127.83,127.87,35112.99999999977,1.0,0.0,0.0
2016-03-11,14:17:00,127.87,127.92200000000001,127.73,127.81,22070.999999999767,1.0,0.0,0.0
2016-03-11,14:22:00,127.82,127.82,127.75299999999999,127.79,27410.999999999767,1.0,0.0,0.0
2016-03-11,14:27:00,127.79,127.96,127.78,127.9,39838.99999999977,1.0,0.0,0.0
2016-03-11,14:32:00,127.9,128.04,127.87,127.98,42593.99999999977,1.0,0.0,0.0
2016-03-11,14:37:00,127.98,128.03,127.95,128.0,28894.999999999767,1.0,0.0,0.0
2016-03-11,14:42:00,127.99700000000001,128.01,127.9,127.95,31645.999999999767,1.0,0.0,0.0
2016-03-11,14:47:00,127.945,128.07,127.89,128.03799999999998,33438.99999999977,1.0,0.0,0.0
2016-03-11,14:52:00,128.037,128.07,127.93,127.99,30150.999999999767,1.0,0.0,0.0
2016-03-11,14:57:00,127.98,128.025,127.81,127.92,36170.99999999977,1.0,0.0,0.0
2016-03-11,15:02:00,127.916,127.97200000000001,127.9,127.95,39659.99999999977,1.0,0.0,0.0
2016-03-11,15:07:00,127.95,128.14,127.945,128.08,37727.99999999977,1.0,0.0,0.0
2016-03-11,15:12:00,128.07,128.21200000000002,128.07,128.15,34467.99999999977,1.0,0.0,0.0
2016-03-11,15:17:00,128.16,128.25,128.12,128.18,33003.99999999977,1.0,0.0,0.0
2016-03-11,15:22:00,128.173,128.24,128.16,128.18200000000002,41727.99999999977,1.0,0.0,0.0
2016-03-11,15:27:00,128.18,128.3,128.16,128.28,51662.99999999977,1.0,0.0,0.0
2016-03-11,15:32:00,128.28,128.34,128.1,128.16,47265.99999999977,1.0,0.0,0.0
2016-03-11,15:37:00,128.13,128.25,128.12,128.2,58745.99999999977,1.0,0.0,0.0
2016-03-11,15:42:00,128.2,128.36,128.17,128.31,73467.99999999977,1.0,0.0,0.0
2016-03-11,15:47:00,128.3,128.54,128.3,128.48,115453.99999999977,1.0,0.0,0.0
2016-03-11,15:52:00,128.47,128.48,128.36,128.382,99241.99999999977,1.0,0.0,0.0
2016-03-11,15:57:00,128.39,128.47,128.32,128.46,127158.99999999977,1.0,0.0,0.0
2016-03-14,09:32:00,128.46,128.875,128.27,128.75,309622.99999999977,1.0,0.0,0.0
2016-03-14,09:37:00,128.67,128.76,128.06,128.75,59123.99999999977,1.0,0.0,0.0
2016-03-14,09:42:00,128.84,128.98,128.38,128.83,65151.99999999977,1.0,0.0,0.0
2016-03-14,09:47:00,128.77,128.88,128.27,128.35,35339.99999999977,1.0,0.0,0.0
2016-03-14,09:52:00,128.35,128.9,128.31,128.78,66647.99999999977,1.0,0.0,0.0
2016-03-14,09:57:00,128.78,128.885,128.733,128.81,40388.99999999977,1.0,0.0,0.0
2016-03-14,10:02:00,128.78,129.0,128.77,128.95,93604.99999999977,1.0,0.0,0.0
2016-03-14,10:07:00,129.0,129.15,128.95,129.03,47395.99999999977,1.0,0.0,0.0
2016-03-14,10:12:00,129.03,129.03,128.76,128.89,51921.99999999977,1.0,0.0,0.0
2016-03-14,10:17:00,128.86,129.15,128.86,129.06,34148.99999999977,1.0,0.0,0.0
2016-03-14,10:22:00,129.064,129.33,129.04,129.29,56972.99999999977,1.0,0.0,0.0
2016-03-14,10:27:00,129.28,129.31,128.76,128.76,69119.99999999977,1.0,0.0,0.0
2016-03-14,10:32:00,128.76,128.91,128.76,128.785,30161.999999999767,1.0,0.0,0.0
2016-03-14,10:37:00,128.79,129.18,128.74,129.16,53746.99999999977,1.0,0.0,0.0
2016-03-14,10:42:00,129.14,129.27,129.1,129.25,37093.99999999977,1.0,0.0,0.0
2016-03-14,10:47:00,129.24,129.34,129.17,129.32,38890.99999999977,1.0,0.0,0.0
2016-03-14,10:52:00,129.29,129.42,129.26,129.289,42299.99999999977,1.0,0.0,0.0
2016-03-14,10:57:00,129.27,129.289,129.05,129.13,30133.999999999767,1.0,0.0,0.0
2016-03-14,11:02:00,129.12,129.21,129.02,129.08,28707.999999999767,1.0,0.0,0.0
2016-03-14,11:07:00,129.08,129.1,128.83,128.87,21930.999999999767,1.0,0.0,0.0
2016-03-14,11:12:00,128.87,128.98,128.84,128.98,31296.999999999767,1.0,0.0,0.0
2016-03-14,11:17:00,128.99,129.07,128.94,129.0,21966.999999999767,1.0,0.0,0.0
2016-03-14,11:22:00,128.99,129.1,128.91,128.988,65269.99999999977,1.0,0.0,0.0
2016-03-14,11:27:00,128.97,128.99,128.81,128.86,26428.999999999767,1.0,0.0,0.0
2016-03-14,11:32:00,128.84,128.89,128.7,128.85,27125.999999999767,1.0,0.0,0.0
2016-03-14,11:37:00,128.85,128.85,128.625,128.76,24227.999999999767,1.0,0.0,0.0
2016-03-14,11:42:00,128.76,129.05,128.73,129.01,34876.99999999977,1.0,0.0,0.0
2016-03-14,11:47:00,129.01,129.21,129.01,129.082,29450.999999999767,1.0,0.0,0.0
2016-03-14,11:52:00,129.09,129.2,129.04,129.16,26747.999999999767,1.0,0.0,0.0
2016-03-14,11:57:00,129.16,129.19,128.83,128.86,34601.99999999977,1.0,0.0,0.0
2016-03-14,12:02:00,128.851,129.01,128.81,128.968,28218.999999999767,1.0,0.0,0.0
2016-03-14,12:07:00,128.95,129.02,128.83,128.87,33734.99999999977,1.0,0.0,0.0
2016-03-14,12:12:00,128.85,128.95,128.75,128.88,30647.999999999767,1.0,0.0,0.0
2016-03-14,12:17:00,128.87,128.98,128.87,128.96,15469.999999999767,1.0,0.0,0.0
2016-03-14,12:22:00,128.96,129.07,128.88,128.916,23246.999999999767,1.0,0.0,0.0
2016-03-14,12:27:00,128.929,128.94,128.76,128.862,25054.999999999767,1.0,0.0,0.0
2016-03-14,12:32:00,128.87,128.9,128.77,128.8,18267.999999999767,1.0,0.0,0.0
2016-03-14,12:37:00,128.8,129.03,128.75,129.01,20657.999999999767,1.0,0.0,0.0
2016-03-14,12:42:00,129.016,129.08,128.91,129.06799999999998,19279.999999999767,1.0,0.0,0.0
2016-03-14,12:47:00,129.09,129.108,129.02,129.08,32013.999999999767,1.0,0.0,0.0
2016-03-14,12:52:00,129.08,129.16,129.05,129.115,27585.999999999767,1.0,0.0,0.0
2016-03-14,12:57:00,129.11,129.207,129.1,129.138,25252.999999999767,1.0,0.0,0.0
2016-03-14,13:02:00,129.13,129.2,129.05,129.1,14704.999999999767,1.0,0.0,0.0
2016-03-14,13:07:00,129.1,129.15,128.895,129.095,16472.999999999767,1.0,0.0,0.0
2016-03-14,13:12:00,129.1,129.3,129.1,129.243,43951.99999999977,1.0,0.0,0.0
2016-03-14,13:17:00,129.23,129.239,129.11,129.17,18259.999999999767,1.0,0.0,0.0
2016-03-14,13:22:00,129.18,129.24,129.16,129.225,18436.999999999767,1.0,0.0,0.0
2016-03-14,13:27:00,129.24,129.28,129.22,129.25,27317.999999999767,1.0,0.0,0.0
2016-03-14,13:32:00,129.25,129.28,129.21,129.25,20017.999999999767,1.0,0.0,0.0
2016-03-14,13:37:00,129.25,129.29,129.2,129.29,16762.999999999767,1.0,0.0,0.0
2016-03-14,13:42:00,129.29,129.36,129.29,129.34,16801.999999999767,1.0,0.0,0.0
2016-03-14,13:47:00,129.35,129.45,129.35,129.45,27722.999999999767,1.0,0.0,0.0
2016-03-14,13:52:00,129.447,129.65,129.44,129.61,64833.99999999977,1.0,0.0,0.0
2016-03-14,13:57:00,129.615,129.63,129.46,129.485,25740.999999999767,1.0,0.0,0.0
2016-03-14,14:02:00,129.48,129.52,129.38,129.39,40807.99999999977,1.0,0.0,0.0
2016-03-14,14:07:00,129.38,129.46,129.28,129.29,27028.999999999767,1.0,0.0,0.0
2016-03-14,14:12:00,129.3,129.4,129.29,129.37,27511.999999999767,1.0,0.0,0.0
2016-03-14,14:17:00,129.38,129.4,129.26,129.26,21945.999999999767,1.0,0.0,0.0
2016-03-14,14:22:00,129.25,129.3,129.19,129.3,23738.999999999767,1.0,0.0,0.0
2016-03-14,14:27:00,129.29,129.37,129.28,129.362,24303.999999999767,1.0,0.0,0.0
2016-03-14,14:32:00,129.34,129.42,129.27,129.32,43901.99999999977,1.0,0.0,0.0
2016-03-14,14:37:00,129.32,129.36,129.27,129.35,26307.999999999767,1.0,0.0,0.0
2016-03-14,14:42:00,129.34,129.53,129.275,129.51,40708.99999999977,1.0,0.0,0.0
2016-03-14,14:47:00,129.51,129.61,129.42,129.48,44858.99999999977,1.0,0.0,0.0
2016-03-14,14:52:00,129.48,129.64,129.48,129.63,39067.99999999977,1.0,0.0,0.0
2016-03-14,14:57:00,129.63,129.66,129.56,129.64,42007.99999999977,1.0,0.0,0.0
2016-03-14,15:02:00,129.626,129.66,129.49,129.49,32068.999999999767,1.0,0.0,0.0
2016-03-14,15:07:00,129.5,129.51,129.39,129.45,24951.999999999767,1.0,0.0,0.0
2016-03-14,15:12:00,129.45,129.48,129.37,129.47,29087.999999999767,1.0,0.0,0.0
2016-03-14,15:17:00,129.47,129.5,129.4,129.43,34769.99999999977,1.0,0.0,0.0
2016-03-14,15:22:00,129.42,129.46,129.34,129.34,34789.99999999977,1.0,0.0,0.0
2016-03-14,15:27:00,129.35,129.51,129.27,129.45,47289.99999999977,1.0,0.0,0.0
2016-03-14,15:32:00,129.45,129.45,129.22,129.22,42370.99999999977,1.0,0.0,0.0
2016-03-14,15:37:00,129.22,129.231,129.08,129.1,64902.99999999977,1.0,0.0,0.0
2016-03-14,15:42:00,129.12,129.24,129.12,129.13,68859.99999999977,1.0,0.0,0.0
2016-03-14,15:47:00,129.14,129.2,129.07,129.134,100287.99999999977,1.0,0.0,0.0
2016-03-14,15:52:00,129.13,129.19,129.06,129.08,82649.99999999977,1.0,0.0,0.0
2016-03-14,15:57:00,129.08,129.09,128.92,129.03,123815.99999999977,1.0,0.0,0.0
2016-03-15,09:32:00,129.03,129.35,128.62,128.85,217532.99999999977,1.0,0.0,0.0
2016-03-15,09:37:00,128.85,129.6,128.85,129.49,65073.99999999977,1.0,0.0,0.0
2016-03-15,09:42:00,129.53,130.18,129.48,130.18,122661.99999999977,1.0,0.0,0.0
2016-03-15,09:47:00,130.11,130.47,130.11,130.33,97734.99999999977,1.0,0.0,0.0
2016-03-15,09:52:00,130.332,130.49,129.94,129.99,145124.99999999977,1.0,0.0,0.0
2016-03-15,09:57:00,129.99,130.0,129.56,129.746,61821.99999999977,1.0,0.0,0.0
2016-03-15,10:02:00,129.75,130.15,129.66,130.1,83621.99999999977,1.0,0.0,0.0
2016-03-15,10:07:00,130.11,130.22,130.0,130.09,73733.99999999977,1.0,0.0,0.0
2016-03-15,10:12:00,130.09,130.192,129.92,130.17,67784.99999999977,1.0,0.0,0.0
2016-03-15,10:17:00,130.18,130.46,130.03,130.07,71959.99999999977,1.0,0.0,0.0
2016-03-15,10:22:00,130.075,130.15,129.96,130.08,37345.99999999977,1.0,0.0,0.0
2016-03-15,10:27:00,130.09,130.35,130.06,130.11,39245.99999999977,1.0,0.0,0.0
2016-03-15,10:32:00,130.092,130.44,130.01,130.22,72048.99999999977,1.0,0.0,0.0
2016-03-15,10:37:00,130.22,130.45,130.06,130.45,42323.99999999977,1.0,0.0,0.0
2016-03-15,10:42:00,130.435,130.45,130.12,130.15,43279.99999999977,1.0,0.0,0.0
2016-03-15,10:47:00,130.155,130.22,130.0,130.08,34228.99999999977,1.0,0.0,0.0
2016-03-15,10:52:00,130.05,130.05,129.83,129.85,49021.99999999977,1.0,0.0,0.0
2016-03-15,10:57:00,129.83,129.87,129.61,129.73,61909.99999999977,1.0,0.0,0.0
2016-03-15,11:02:00,129.72,129.76,129.57,129.61,53307.99999999977,1.0,0.0,0.0
2016-03-15,11:07:00,129.57,129.73,129.44,129.704,66167.99999999977,1.0,0.0,0.0
2016-03-15,11:12:00,129.7,130.04,129.67,129.95600000000002,46730.99999999977,1.0,0.0,0.0
2016-03-15,11:17:00,129.99,129.99,129.81,129.88,27419.999999999767,1.0,0.0,0.0
2016-03-15,11:22:00,129.907,130.0,129.852,129.95,30325.999999999767,1.0,0.0,0.0
2016-03-15,11:27:00,129.97,130.06,129.92,129.93,32512.999999999767,1.0,0.0,0.0
2016-03-15,11:32:00,129.93,130.1,129.84,130.0,31161.999999999767,1.0,0.0,0.0
2016-03-15,11:37:00,130.011,130.05,129.9,129.92,21993.999999999767,1.0,0.0,0.0
2016-03-15,11:42:00,129.91,129.95,129.782,129.855,37213.99999999977,1.0,0.0,0.0
2016-03-15,11:47:00,129.85,129.99,129.72,129.98,40061.99999999977,1.0,0.0,0.0
2016-03-15,11:52:00,129.96,129.97,129.671,129.727,26604.999999999767,1.0,0.0,0.0
2016-03-15,11:57:00,129.73,129.82,129.68,129.7,19802.999999999767,1.0,0.0,0.0
2016-03-15,12:02:00,129.71,129.76,129.65,129.66,23105.999999999767,1.0,0.0,0.0
2016-03-15,12:07:00,129.67,129.72,129.53,129.6,44296.99999999977,1.0,0.0,0.0
2016-03-15,12:12:00,129.578,129.6,129.36,129.48,62551.99999999977,1.0,0.0,0.0
2016-03-15,12:17:00,129.472,129.48,129.31,129.34,58540.99999999977,1.0,0.0,0.0
2016-03-15,12:22:00,129.34,129.51,129.32,129.49,21640.999999999767,1.0,0.0,0.0
2016-03-15,12:27:00,129.49,129.54,129.47,129.49,25882.999999999767,1.0,0.0,0.0
2016-03-15,12:32:00,129.49,129.51,129.412,129.44,27242.999999999767,1.0,0.0,0.0
2016-03-15,12:37:00,129.43,129.45,129.35,129.373,26011.999999999767,1.0,0.0,0.0
2016-03-15,12:42:00,129.4,129.44,129.35,129.39,21466.999999999767,1.0,0.0,0.0
2016-03-15,12:47:00,129.38,129.38,129.24,129.28,23833.999999999767,1.0,0.0,0.0
2016-03-15,12:52:00,129.278,129.29,129.11,129.13,145761.99999999977,1.0,0.0,0.0
2016-03-15,12:57:00,129.13,129.24,129.05,129.19,53299.99999999977,1.0,0.0,0.0
2016-03-15,13:02:00,129.21,129.32,129.18,129.23,31557.999999999767,1.0,0.0,0.0
2016-03-15,13:07:00,129.232,129.34,129.215,129.29,24180.999999999767,1.0,0.0,0.0
2016-03-15,13:12:00,129.295,129.37,129.19,129.2,43240.99999999977,1.0,0.0,0.0
2016-03-15,13:17:00,129.2,129.22,129.09,129.17,21169.999999999767,1.0,0.0,0.0
2016-03-15,13:22:00,129.165,129.36,129.15,129.31,28684.999999999767,1.0,0.0,0.0
2016-03-15,13:27:00,129.3,129.33,129.2,129.28,49470.99999999977,1.0,0.0,0.0
2016-03-15,13:32:00,129.26,129.46,129.26,129.42,66916.99999999977,1.0,0.0,0.0
2016-03-15,13:37:00,129.42,129.52,129.42,129.43,32939.99999999977,1.0,0.0,0.0
2016-03-15,13:42:00,129.44,129.45,129.37,129.418,20419.999999999767,1.0,0.0,0.0
2016-03-15,13:47:00,129.42,129.42,129.28,129.35,50293.99999999977,1.0,0.0,0.0
2016-03-15,13:52:00,129.37,129.37,129.26,129.267,22844.999999999767,1.0,0.0,0.0
2016-03-15,13:57:00,129.28,129.33,129.26,129.32,25751.999999999767,1.0,0.0,0.0
2016-03-15,14:02:00,129.32,129.44,129.27,129.42700000000002,39952.99999999977,1.0,0.0,0.0
2016-03-15,14:07:00,129.428,129.52,129.39,129.43,36121.99999999977,1.0,0.0,0.0
2016-03-15,14:12:00,129.43,129.51,129.39,129.5,32059.999999999767,1.0,0.0,0.0
2016-03-15,14:17:00,129.528,129.58,129.42,129.55,49671.99999999977,1.0,0.0,0.0
2016-03-15,14:22:00,129.55100000000002,129.64,129.55,129.6,44150.99999999977,1.0,0.0,0.0
2016-03-15,14:27:00,129.6,129.65,129.6,129.605,51187.99999999977,1.0,0.0,0.0
2016-03-15,14:32:00,129.6,129.66,129.58100000000002,129.622,46275.99999999977,1.0,0.0,0.0
2016-03-15,14:37:00,129.61,129.69,129.59,129.63,43886.99999999977,1.0,0.0,0.0
2016-03-15,14:42:00,129.62,129.72,129.59,129.668,30938.999999999767,1.0,0.0,0.0
2016-03-15,14:47:00,129.673,129.68,129.46,129.46,21711.999999999767,1.0,0.0,0.0
2016-03-15,14:52:00,129.46,129.53,129.412,129.47,26685.999999999767,1.0,0.0,0.0
2016-03-15,14:57:00,129.47,129.56,129.45,129.47,23475.999999999767,1.0,0.0,0.0
2016-03-15,15:02:00,129.47,129.56,129.44,129.56,24993.999999999767,1.0,0.0,0.0
2016-03-15,15:07:00,129.55,129.59,129.46,129.49,31306.999999999767,1.0,0.0,0.0
2016-03-15,15:12:00,129.5,129.66,129.46,129.65,35293.99999999977,1.0,0.0,0.0
2016-03-15,15:17:00,129.654,129.71,129.62,129.673,39489.99999999977,1.0,0.0,0.0
2016-03-15,15:22:00,129.67,129.69,129.6,129.64,32663.999999999767,1.0,0.0,0.0
2016-03-15,15:27:00,129.63,129.65,129.56,129.63,34331.99999999977,1.0,0.0,0.0
2016-03-15,15:32:00,129.62,129.64,129.53,129.585,36000.99999999977,1.0,0.0,0.0
2016-03-15,15:37:00,129.588,129.65,129.52,129.62,40321.99999999977,1.0,0.0,0.0
2016-03-15,15:42:00,129.626,129.68,129.58,129.58,49688.99999999977,1.0,0.0,0.0
2016-03-15,15:47:00,129.59,129.6,129.47,129.52,61211.99999999977,1.0,0.0,0.0
2016-03-15,15:52:00,129.51,129.57,129.43,129.57,72429.99999999977,1.0,0.0,0.0
2016-03-15,15:57:00,129.57,129.65,129.56,129.65,84849.99999999977,1.0,0.0,0.0
2016-03-16,09:32:00,129.65,129.76,129.0,129.18,129943.99999999977,1.0,0.0,0.0
2016-03-16,09:37:00,129.24,129.98,129.24,129.55,132201.99999999977,1.0,0.0,0.0
2016-03-16,09:42:00,129.51,129.7,129.39,129.425,38540.99999999977,1.0,0.0,0.0
2016-03-16,09:47:00,129.447,129.47,129.25,129.3,30096.999999999767,1.0,0.0,0.0
2016-03-16,09:52:00,129.3,129.53,129.3,129.393,21327.999999999767,1.0,0.0,0.0
2016-03-16,09:57:00,129.4,129.49,129.261,129.3,87315.99999999977,1.0,0.0,0.0
2016-03-16,10:02:00,129.29,129.36,129.16,129.27,26934.999999999767,1.0,0.0,0.0
2016-03-16,10:07:00,129.24,129.276,128.84,128.84,38160.99999999977,1.0,0.0,0.0
2016-03-16,10:12:00,128.89,129.06,128.843,128.89,20668.999999999767,1.0,0.0,0.0
2016-03-16,10:17:00,128.85,128.96,128.81,128.94,39025.99999999977,1.0,0.0,0.0
2016-03-16,10:22:00,128.93,129.1,128.93,129.08,45403.99999999977,1.0,0.0,0.0
2016-03-16,10:27:00,129.08,129.2,129.06,129.168,30977.999999999767,1.0,0.0,0.0
2016-03-16,10:32:00,129.15,129.31,129.14,129.16,28865.999999999767,1.0,0.0,0.0
2016-03-16,10:37:00,129.19,129.49,129.19,129.461,24908.999999999767,1.0,0.0,0.0
2016-03-16,10:42:00,129.48,129.56,129.36,129.51,32386.999999999767,1.0,0.0,0.0
2016-03-16,10:47:00,129.49,129.66,129.457,129.62,36716.99999999977,1.0,0.0,0.0
2016-03-16,10:52:00,129.622,129.76,129.622,129.74,48826.99999999977,1.0,0.0,0.0
2016-03-16,10:57:00,129.73,129.76,129.58,129.61,36690.99999999977,1.0,0.0,0.0
2016-03-16,11:02:00,129.62,129.74,129.54,129.675,60523.99999999977,1.0,0.0,0.0
2016-03-16,11:07:00,129.66,129.7,129.59,129.69,27911.999999999767,1.0,0.0,0.0
2016-03-16,11:12:00,129.69,129.72,129.65,129.72,20010.999999999767,1.0,0.0,0.0
2016-03-16,11:17:00,129.72,129.73,129.59,129.67,22791.999999999767,1.0,0.0,0.0
2016-03-16,11:22:00,129.66,129.78,129.66,129.762,19126.999999999767,1.0,0.0,0.0
2016-03-16,11:27:00,129.75799999999998,129.76,129.65,129.675,19106.999999999767,1.0,0.0,0.0
2016-03-16,11:32:00,129.67,129.87,129.67,129.865,32695.999999999767,1.0,0.0,0.0
2016-03-16,11:37:00,129.86,129.95,129.85,129.91,37476.99999999977,1.0,0.0,0.0
2016-03-16,11:42:00,129.94,129.97,129.85,129.892,24405.999999999767,1.0,0.0,0.0
2016-03-16,11:47:00,129.91,129.95,129.88,129.95,24357.999999999767,1.0,0.0,0.0
2016-03-16,11:52:00,129.94,129.98,129.9,129.91,18947.999999999767,1.0,0.0,0.0
2016-03-16,11:57:00,129.898,129.91,129.7,129.72,24974.999999999767,1.0,0.0,0.0
2016-03-16,12:02:00,129.74,129.9,129.74,129.899,13271.999999999767,1.0,0.0,0.0
2016-03-16,12:07:00,129.9,129.92,129.79,129.874,18717.999999999767,1.0,0.0,0.0
2016-03-16,12:12:00,129.877,129.99,129.873,129.96,25589.999999999767,1.0,0.0,0.0
2016-03-16,12:17:00,129.96,130.0,129.89,129.89,14766.999999999767,1.0,0.0,0.0
2016-03-16,12:22:00,129.89,129.93,129.78,129.83,17630.999999999767,1.0,0.0,0.0
2016-03-16,12:27:00,129.84,129.888,129.784,129.87,15879.999999999767,1.0,0.0,0.0
2016-03-16,12:32:00,129.89,129.9,129.75,129.79,23447.999999999767,1.0,0.0,0.0
2016-03-16,12:37:00,129.781,129.84,129.72,129.74,17769.999999999767,1.0,0.0,0.0
2016-03-16,12:42:00,129.73,129.73,129.57,129.6,17836.999999999767,1.0,0.0,0.0
2016-03-16,12:47:00,129.61,129.63,129.47,129.49,25824.999999999767,1.0,0.0,0.0
2016-03-16,12:52:00,129.474,129.52,129.39,129.5,23252.999999999767,1.0,0.0,0.0
2016-03-16,12:57:00,129.49,129.51,129.38,129.48,22129.999999999767,1.0,0.0,0.0
2016-03-16,13:02:00,129.48,129.54,129.44,129.54,15839.999999999767,1.0,0.0,0.0
2016-03-16,13:07:00,129.52200000000002,129.58,129.49,129.56,16595.999999999767,1.0,0.0,0.0
2016-03-16,13:12:00,129.55,129.59,129.41,129.44,19661.999999999767,1.0,0.0,0.0
2016-03-16,13:17:00,129.44,129.5,129.38,129.46,29222.999999999767,1.0,0.0,0.0
2016-03-16,13:22:00,129.458,129.5,129.38,129.48,27167.999999999767,1.0,0.0,0.0
2016-03-16,13:27:00,129.48,129.54,129.48,129.52,29622.999999999767,1.0,0.0,0.0
2016-03-16,13:32:00,129.51,129.51,129.39,129.46,13449.999999999767,1.0,0.0,0.0
2016-03-16,13:37:00,129.45,129.51,129.412,129.43,46631.99999999977,1.0,0.0,0.0
2016-03-16,13:42:00,129.42600000000002,129.56,129.42600000000002,129.51,31249.999999999767,1.0,0.0,0.0
2016-03-16,13:47:00,129.5,129.502,129.41,129.45,19525.999999999767,1.0,0.0,0.0
2016-03-16,13:52:00,129.44299999999998,129.47,129.35,129.4,34375.99999999977,1.0,0.0,0.0
2016-03-16,13:57:00,129.4,129.48,129.38,129.48,34198.99999999977,1.0,0.0,0.0
2016-03-16,14:02:00,129.46,130.91,129.46,130.811,119043.99999999977,1.0,0.0,0.0
2016-03-16,14:07:00,130.91,130.91,130.39,130.43,67693.99999999977,1.0,0.0,0.0
2016-03-16,14:12:00,130.425,130.55,130.24,130.32,45539.99999999977,1.0,0.0,0.0
2016-03-16,14:17:00,130.27,130.34,130.04,130.06,48693.99999999977,1.0,0.0,0.0
2016-03-16,14:22:00,130.06,130.67,130.06,130.62,45654.99999999977,1.0,0.0,0.0
2016-03-16,14:27:00,130.65,131.11,130.52,130.98,104760.99999999977,1.0,0.0,0.0
2016-03-16,14:32:00,130.98,131.11,130.67,130.67,102026.99999999977,1.0,0.0,0.0
2016-03-16,14:37:00,130.67,130.76,130.37,130.46,46734.99999999977,1.0,0.0,0.0
2016-03-16,14:42:00,130.44,130.9,130.44,130.859,45700.99999999977,1.0,0.0,0.0
2016-03-16,14:47:00,130.86,131.09,130.86,130.879,41085.99999999977,1.0,0.0,0.0
2016-03-16,14:52:00,130.88,130.88,130.73,130.76,59246.99999999977,1.0,0.0,0.0
2016-03-16,14:57:00,130.73,130.759,130.43,130.43,57123.99999999977,1.0,0.0,0.0
2016-03-16,15:02:00,130.43,130.5,130.22,130.42,41996.99999999977,1.0,0.0,0.0
2016-03-16,15:07:00,130.4,130.6,130.4,130.56,45644.99999999977,1.0,0.0,0.0
2016-03-16,15:12:00,130.56,130.68,130.38,130.4,51350.99999999977,1.0,0.0,0.0
2016-03-16,15:17:00,130.39,130.59,130.35,130.53,54339.99999999977,1.0,0.0,0.0
2016-03-16,15:22:00,130.51,130.58,130.21,130.267,49925.99999999977,1.0,0.0,0.0
2016-03-16,15:27:00,130.261,130.56,130.261,130.55,55278.99999999977,1.0,0.0,0.0
2016-03-16,15:32:00,130.55,130.59,130.45,130.54,49098.99999999977,1.0,0.0,0.0
2016-03-16,15:37:00,130.54,130.785,130.45,130.76,62891.99999999977,1.0,0.0,0.0
2016-03-16,15:42:00,130.74,130.86,130.68,130.75,71486.99999999977,1.0,0.0,0.0
2016-03-16,15:47:00,130.75,130.76,130.548,130.6,84954.99999999977,1.0,0.0,0.0
2016-03-16,15:52:00,130.61,130.62,130.46,130.49,62621.99999999977,1.0,0.0,0.0
2016-03-16,15:57:00,130.5,130.53,130.37,130.516,125003.99999999977,1.0,0.0,0.0
2016-03-17,09:34:00,130.52,130.52,129.83,129.87,239286.99999999977,1.0,0.0,0.0
2016-03-17,09:39:00,129.82,130.04,129.6,129.82,79765.99999999977,1.0,0.0,0.0
2016-03-17,09:44:00,129.77,130.08,129.5,129.85,58427.99999999977,1.0,0.0,0.0
2016-03-17,09:49:00,129.88,129.96,129.5,129.745,43046.99999999977,1.0,0.0,0.0
2016-03-17,09:54:00,129.71,129.71,129.32,129.54,70223.99999999977,1.0,0.0,0.0
2016-03-17,09:59:00,129.5,129.78,129.5,129.63,31329.999999999767,1.0,0.0,0.0
2016-03-17,10:04:00,129.63,129.74,129.38,129.73,53110.99999999977,1.0,0.0,0.0
2016-03-17,10:09:00,129.71,130.34,129.68,130.29,66527.99999999977,1.0,0.0,0.0
2016-03-17,10:14:00,130.29,130.29,129.81,130.032,58722.99999999977,1.0,0.0,0.0
2016-03-17,10:19:00,130.07,130.15,129.72,129.89,42044.99999999977,1.0,0.0,0.0
2016-03-17,10:24:00,129.88,129.88,129.6,129.668,44487.99999999977,1.0,0.0,0.0
2016-03-17,10:29:00,129.645,130.03,129.58,129.96,55305.99999999977,1.0,0.0,0.0
2016-03-17,10:34:00,129.96,130.0,129.84,129.928,48791.99999999977,1.0,0.0,0.0
2016-03-17,10:39:00,129.93,130.28,129.92,130.25,65172.99999999977,1.0,0.0,0.0
2016-03-17,10:44:00,130.22,130.27,130.06,130.12,58011.99999999977,1.0,0.0,0.0
2016-03-17,10:49:00,130.12,130.15,129.91,130.0,70303.99999999977,1.0,0.0,0.0
2016-03-17,10:54:00,129.95,130.0,129.73,129.73,26209.999999999767,1.0,0.0,0.0
2016-03-17,10:59:00,129.787,129.91,129.73,129.89,36986.99999999977,1.0,0.0,0.0
2016-03-17,11:04:00,129.9,129.92,129.6,129.602,44901.99999999977,1.0,0.0,0.0
2016-03-17,11:09:00,129.59,129.754,129.56799999999998,129.67,25594.999999999767,1.0,0.0,0.0
2016-03-17,11:14:00,129.67,129.816,129.6,129.816,33338.99999999977,1.0,0.0,0.0
2016-03-17,11:19:00,129.805,129.9,129.74,129.764,24588.999999999767,1.0,0.0,0.0
2016-03-17,11:24:00,129.77200000000002,129.78,129.58,129.64,30778.999999999767,1.0,0.0,0.0
2016-03-17,11:29:00,129.61,129.81,129.57,129.78,29066.999999999767,1.0,0.0,0.0
2016-03-17,11:34:00,129.77,129.90200000000002,129.77,129.90200000000002,16458.999999999767,1.0,0.0,0.0
2016-03-17,11:39:00,129.88,129.99,129.83,129.87,19958.999999999767,1.0,0.0,0.0
2016-03-17,11:44:00,129.85,129.94,129.79,129.87,17896.999999999767,1.0,0.0,0.0
2016-03-17,11:49:00,129.88,129.96,129.87,129.9,22647.999999999767,1.0,0.0,0.0
2016-03-17,11:54:00,129.9,129.94,129.86,129.92,14440.999999999767,1.0,0.0,0.0
2016-03-17,11:59:00,129.9,129.94,129.81,129.935,20334.999999999767,1.0,0.0,0.0
2016-03-17,12:04:00,129.95,129.95,129.75,129.826,22824.999999999767,1.0,0.0,0.0
2016-03-17,12:09:00,129.809,129.96,129.781,129.96,17462.999999999767,1.0,0.0,0.0
2016-03-17,12:14:00,129.93,130.0,129.847,129.88,19350.999999999767,1.0,0.0,0.0
2016-03-17,12:19:00,129.877,129.99,129.87,129.971,34337.99999999977,1.0,0.0,0.0
2016-03-17,12:24:00,129.96200000000002,130.03,129.93,129.95,50661.99999999977,1.0,0.0,0.0
2016-03-17,12:29:00,129.97,130.06,129.93,130.04,24494.999999999767,1.0,0.0,0.0
2016-03-17,12:34:00,130.03,130.12,130.01,130.049,70879.99999999977,1.0,0.0,0.0
2016-03-17,12:39:00,130.055,130.22,130.03,130.12,62513.99999999977,1.0,0.0,0.0
2016-03-17,12:44:00,130.11,130.15,130.0,130.03,42345.99999999977,1.0,0.0,0.0
2016-03-17,12:49:00,130.02,130.14,130.0,130.07,24763.999999999767,1.0,0.0,0.0
2016-03-17,12:54:00,130.06,130.08,129.94,130.02,22202.999999999767,1.0,0.0,0.0
2016-03-17,12:59:00,129.97899999999998,130.09,129.94,129.94,67496.99999999977,1.0,0.0,0.0
2016-03-17,13:04:00,129.97,130.026,129.91,129.92700000000002,39654.99999999977,1.0,0.0,0.0
2016-03-17,13:09:00,129.9,130.07,129.89,130.03,54845.99999999977,1.0,0.0,0.0
2016-03-17,13:14:00,130.04,130.19,130.0,130.17,43469.99999999977,1.0,0.0,0.0
2016-03-17,13:19:00,130.18,130.29,130.165,130.21,31669.999999999767,1.0,0.0,0.0
2016-03-17,13:24:00,130.23,130.4,130.23,130.39,17673.999999999767,1.0,0.0,0.0
2016-03-17,13:29:00,130.39,130.58,130.38,130.49,62296.99999999977,1.0,0.0,0.0
2016-03-17,13:34:00,130.46,130.49,130.32,130.47,27804.999999999767,1.0,0.0,0.0
2016-03-17,13:39:00,130.48,130.74,130.46,130.709,29002.999999999767,1.0,0.0,0.0
2016-03-17,13:44:00,130.71,130.78,130.46,130.5,51275.99999999977,1.0,0.0,0.0
2016-03-17,13:49:00,130.5,130.6,130.39,130.51,41642.99999999977,1.0,0.0,0.0
2016-03-17,13:54:00,130.51,130.72,130.51,130.68,39693.99999999977,1.0,0.0,0.0
2016-03-17,13:59:00,130.69,130.77,130.6,130.76,43614.99999999977,1.0,0.0,0.0
2016-03-17,14:04:00,130.75,130.75,130.61,130.68,32551.999999999767,1.0,0.0,0.0
2016-03-17,14:09:00,130.67,130.787,130.65,130.68,29101.999999999767,1.0,0.0,0.0
2016-03-17,14:14:00,130.68,130.83,130.68,130.8,35515.99999999977,1.0,0.0,0.0
2016-03-17,14:19:00,130.82,130.94,130.782,130.94,32751.999999999767,1.0,0.0,0.0
2016-03-17,14:24:00,130.91,130.98,130.75,130.81,29133.999999999767,1.0,0.0,0.0
2016-03-17,14:29:00,130.81,130.84,130.73,130.75,40116.99999999977,1.0,0.0,0.0
2016-03-17,14:34:00,130.76,131.02,130.75,130.99,58742.99999999977,1.0,0.0,0.0
2016-03-17,14:39:00,131.0,131.02,130.87,130.9,28682.999999999767,1.0,0.0,0.0
2016-03-17,14:44:00,130.9,130.93,130.8,130.84,46803.99999999977,1.0,0.0,0.0
2016-03-17,14:49:00,130.834,130.88,130.77,130.87,24843.999999999767,1.0,0.0,0.0
2016-03-17,14:54:00,130.86,130.88,130.76,130.78799999999998,32202.999999999767,1.0,0.0,0.0
2016-03-17,14:59:00,130.8,130.84,130.63,130.65,28065.999999999767,1.0,0.0,0.0
2016-03-17,15:04:00,130.653,130.9,130.641,130.9,27826.999999999767,1.0,0.0,0.0
2016-03-17,15:09:00,130.89,130.9,130.81,130.87,33672.99999999977,1.0,0.0,0.0
2016-03-17,15:14:00,130.863,130.95,130.83,130.841,54199.99999999977,1.0,0.0,0.0
2016-03-17,15:19:00,130.833,130.9,130.8,130.81,43739.99999999977,1.0,0.0,0.0
2016-03-17,15:24:00,130.8,130.99,130.8,130.97899999999998,35318.99999999977,1.0,0.0,0.0
2016-03-17,15:29:00,130.96,131.06,130.95,130.965,52026.99999999977,1.0,0.0,0.0
2016-03-17,15:34:00,130.99,131.067,130.93,131.05,60974.99999999977,1.0,0.0,0.0
2016-03-17,15:39:00,131.05,131.19,131.02,131.14,73143.99999999977,1.0,0.0,0.0
2016-03-17,15:44:00,131.15,131.15,130.99,131.03,72384.99999999977,1.0,0.0,0.0
2016-03-17,15:49:00,131.03,131.04,130.83,130.93,64292.99999999977,1.0,0.0,0.0
2016-03-17,15:54:00,130.916,130.98,130.82,130.825,88962.99999999977,1.0,0.0,0.0
2016-03-17,15:59:00,130.83,131.0,130.83,130.86,182262.99999999977,1.0,0.0,0.0
2016-03-18,09:35:00,131.46,131.73,131.1,131.73,1731510.9999999998,1.0,0.0,0.0
2016-03-18,09:40:00,131.65,131.69,131.22,131.48,109376.99999999977,1.0,0.0,0.0
2016-03-18,09:45:00,131.482,131.515,131.03,131.14,77743.99999999977,1.0,0.0,0.0
2016-03-18,09:50:00,131.19,131.24,130.82,131.0,37305.99999999977,1.0,0.0,0.0
2016-03-18,09:55:00,131.0,131.18,130.93,131.03,43404.99999999977,1.0,0.0,0.0
2016-03-18,10:00:00,131.06,131.3,131.017,131.21,38472.99999999977,1.0,0.0,0.0
2016-03-18,10:05:00,131.235,131.235,130.96,131.0,49921.99999999977,1.0,0.0,0.0
2016-03-18,10:10:00,131.04,131.15,130.93,131.08,45315.99999999977,1.0,0.0,0.0
2016-03-18,10:15:00,131.07,131.35,131.07,131.21,33981.99999999977,1.0,0.0,0.0
2016-03-18,10:20:00,131.24,131.24,131.04,131.16,29251.999999999767,1.0,0.0,0.0
2016-03-18,10:25:00,131.16,131.26,131.11,131.22,36491.99999999977,1.0,0.0,0.0
2016-03-18,10:30:00,131.21,131.29,131.16,131.29,32445.999999999767,1.0,0.0,0.0
2016-03-18,10:35:00,131.29,131.45,131.25,131.35,25751.999999999767,1.0,0.0,0.0
2016-03-18,10:40:00,131.37,131.37,131.16899999999998,131.25,29951.999999999767,1.0,0.0,0.0
2016-03-18,10:45:00,131.28,131.44,131.25,131.32,24480.999999999767,1.0,0.0,0.0
2016-03-18,10:50:00,131.34,131.66,131.31,131.59,60318.99999999977,1.0,0.0,0.0
2016-03-18,10:55:00,131.57299999999998,131.75,131.53,131.72799999999998,34052.99999999977,1.0,0.0,0.0
2016-03-18,11:00:00,131.739,131.81,131.73,131.8,43788.99999999977,1.0,0.0,0.0
2016-03-18,11:05:00,131.793,132.05,131.79,132.0,82443.99999999977,1.0,0.0,0.0
2016-03-18,11:10:00,131.99,132.1,131.98,132.079,30844.999999999767,1.0,0.0,0.0
2016-03-18,11:15:00,132.062,132.08,131.81,131.93,38452.99999999977,1.0,0.0,0.0
2016-03-18,11:20:00,131.9,132.05,131.86,131.909,28142.999999999767,1.0,0.0,0.0
2016-03-18,11:25:00,131.906,131.906,131.71,131.74,32080.999999999767,1.0,0.0,0.0
2016-03-18,11:30:00,131.71,131.83,131.6,131.67,26432.999999999767,1.0,0.0,0.0
2016-03-18,11:35:00,131.66,131.75,131.61,131.67,30698.999999999767,1.0,0.0,0.0
2016-03-18,11:40:00,131.69,132.02,131.69,132.02,67917.99999999977,1.0,0.0,0.0
2016-03-18,11:45:00,132.03,132.031,131.84,131.84,58454.99999999977,1.0,0.0,0.0
2016-03-18,11:50:00,131.87,131.94,131.73,131.79,25980.999999999767,1.0,0.0,0.0
2016-03-18,11:55:00,131.78,131.81,131.72,131.77,16910.999999999767,1.0,0.0,0.0
2016-03-18,12:00:00,131.77,131.8,131.7,131.8,19421.999999999767,1.0,0.0,0.0
2016-03-18,12:05:00,131.8,131.937,131.8,131.91,23255.999999999767,1.0,0.0,0.0
2016-03-18,12:10:00,131.91,131.96,131.77,131.8,20577.999999999767,1.0,0.0,0.0
2016-03-18,12:15:00,131.81,131.892,131.78,131.83,17212.999999999767,1.0,0.0,0.0
2016-03-18,12:20:00,131.83100000000002,131.98,131.8,131.97,14431.999999999767,1.0,0.0,0.0
2016-03-18,12:25:00,131.97,132.0,131.93,131.98,20011.999999999767,1.0,0.0,0.0
2016-03-18,12:30:00,131.98,131.996,131.87,131.91,28888.999999999767,1.0,0.0,0.0
2016-03-18,12:35:00,131.9,131.92,131.82,131.9,32532.999999999767,1.0,0.0,0.0
2016-03-18,12:40:00,131.91,131.95,131.87,131.89,23158.999999999767,1.0,0.0,0.0
2016-03-18,12:45:00,131.861,131.9,131.817,131.879,18030.999999999767,1.0,0.0,0.0
2016-03-18,12:50:00,131.86,131.92,131.82,131.85,18676.999999999767,1.0,0.0,0.0
2016-03-18,12:55:00,131.85,131.86,131.76,131.82299999999998,19743.999999999767,1.0,0.0,0.0
2016-03-18,13:00:00,131.84,131.88,131.75,131.75,27066.999999999767,1.0,0.0,0.0
2016-03-18,13:05:00,131.75,131.75,131.54,131.575,69715.99999999977,1.0,0.0,0.0
2016-03-18,13:10:00,131.58,131.59,131.39,131.39,39159.99999999977,1.0,0.0,0.0
2016-03-18,13:15:00,131.39,131.45,131.28,131.28,36375.99999999977,1.0,0.0,0.0
2016-03-18,13:20:00,131.28,131.31,131.18,131.2,49771.99999999977,1.0,0.0,0.0
2016-03-18,13:25:00,131.215,131.33,131.2,131.308,52219.99999999977,1.0,0.0,0.0
2016-03-18,13:30:00,131.31,131.315,131.2,131.23,49478.99999999977,1.0,0.0,0.0
2016-03-18,13:35:00,131.23,131.27,131.175,131.252,51646.99999999977,1.0,0.0,0.0
2016-03-18,13:40:00,131.25,131.27,131.16,131.18,32421.999999999767,1.0,0.0,0.0
2016-03-18,13:45:00,131.18,131.25,131.158,131.203,44816.99999999977,1.0,0.0,0.0
2016-03-18,13:50:00,131.19,131.32,131.16,131.29,22659.999999999767,1.0,0.0,0.0
2016-03-18,13:55:00,131.305,131.32,131.26,131.27,37499.99999999977,1.0,0.0,0.0
2016-03-18,14:00:00,131.26,131.28,131.185,131.185,35661.99999999977,1.0,0.0,0.0
2016-03-18,14:05:00,131.19,131.23,131.16,131.2,32620.999999999767,1.0,0.0,0.0
2016-03-18,14:10:00,131.2,131.24,131.2,131.2,26121.999999999767,1.0,0.0,0.0
2016-03-18,14:15:00,131.21,131.21,131.12,131.174,39260.99999999977,1.0,0.0,0.0
2016-03-18,14:20:00,131.17,131.26,131.13,131.23,35475.99999999977,1.0,0.0,0.0
2016-03-18,14:25:00,131.23,131.29,131.22,131.27,29638.999999999767,1.0,0.0,0.0
2016-03-18,14:30:00,131.273,131.3,131.18,131.219,42512.99999999977,1.0,0.0,0.0
2016-03-18,14:35:00,131.213,131.31,131.21,131.263,16883.999999999767,1.0,0.0,0.0
2016-03-18,14:40:00,131.27,131.34,131.24,131.25,30382.999999999767,1.0,0.0,0.0
2016-03-18,14:45:00,131.25,131.32,131.22,131.27,24286.999999999767,1.0,0.0,0.0
2016-03-18,14:50:00,131.278,131.36,131.18,131.35,26644.999999999767,1.0,0.0,0.0
2016-03-18,14:55:00,131.33,131.35,131.19,131.22,22830.999999999767,1.0,0.0,0.0
2016-03-18,15:00:00,131.23,131.36,131.18,131.34,30019.999999999767,1.0,0.0,0.0
2016-03-18,15:05:00,131.36,131.48,131.34,131.41,34722.99999999977,1.0,0.0,0.0
2016-03-18,15:10:00,131.41,131.61,131.41,131.55100000000002,26826.999999999767,1.0,0.0,0.0
2016-03-18,15:15:00,131.57,131.69,131.56,131.69,40177.99999999977,1.0,0.0,0.0
2016-03-18,15:20:00,131.69,131.69,131.55,131.59,35365.99999999977,1.0,0.0,0.0
2016-03-18,15:25:00,131.59,131.64,131.53,131.57,36808.99999999977,1.0,0.0,0.0
2016-03-18,15:30:00,131.58,131.6,131.391,131.41,44708.99999999977,1.0,0.0,0.0
2016-03-18,15:35:00,131.41,131.53,131.41,131.51,43668.99999999977,1.0,0.0,0.0
2016-03-18,15:40:00,131.51,131.6,131.48,131.593,43840.99999999977,1.0,0.0,0.0
2016-03-18,15:45:00,131.61,131.65,131.46,131.61,70422.99999999977,1.0,0.0,0.0
2016-03-18,15:50:00,131.61,131.64,131.51,131.55,83102.99999999977,1.0,0.0,0.0
2016-03-18,15:55:00,131.57,131.63,131.5,131.54,125475.99999999977,1.0,0.0,0.0
2016-03-21,09:30:00,131.55,131.62,131.23,131.23,225472.99999999977,1.0,0.0,0.0
2016-03-21,09:35:00,131.23,131.7,131.16,131.33700000000002,118925.99999999977,1.0,0.0,0.0
2016-03-21,09:40:00,131.3,131.8,131.29,131.71,55583.99999999977,1.0,0.0,0.0
2016-03-21,09:45:00,131.76,132.13,131.63,131.99,77243.99999999977,1.0,0.0,0.0
2016-03-21,09:50:00,131.99,132.05,131.48,131.48,46730.99999999977,1.0,0.0,0.0
2016-03-21,09:55:00,131.48,131.57,131.33,131.33,60981.99999999977,1.0,0.0,0.0
2016-03-21,10:00:00,131.35,131.49,131.33,131.49,47736.99999999977,1.0,0.0,0.0
2016-03-21,10:05:00,131.49,131.49,130.59,130.59,67062.99999999977,1.0,0.0,0.0
2016-03-21,10:10:00,130.615,130.7,130.31,130.44,110303.99999999977,1.0,0.0,0.0
2016-03-21,10:15:00,130.41,130.54,130.341,130.41,83625.99999999977,1.0,0.0,0.0
2016-03-21,10:20:00,130.42,130.46,130.38,130.395,77010.99999999977,1.0,0.0,0.0
2016-03-21,10:25:00,130.39,130.45,130.34,130.355,62326.99999999977,1.0,0.0,0.0
2016-03-21,10:30:00,130.35,130.42,130.29,130.326,44303.99999999977,1.0,0.0,0.0
2016-03-21,10:35:00,130.33,130.54,130.27,130.51,57598.99999999977,1.0,0.0,0.0
2016-03-21,10:40:00,130.515,130.65,130.44,130.59,64073.99999999977,1.0,0.0,0.0
2016-03-21,10:45:00,130.57,130.6,130.34,130.41,36499.99999999977,1.0,0.0,0.0
2016-03-21,10:50:00,130.409,130.49,130.37,130.45,26848.999999999767,1.0,0.0,0.0
2016-03-21,10:55:00,130.463,130.61,130.43,130.5,35122.99999999977,1.0,0.0,0.0
2016-03-21,11:00:00,130.52,130.55,130.43,130.51,45595.99999999977,1.0,0.0,0.0
2016-03-21,11:05:00,130.5,130.57,130.49,130.54,31873.999999999767,1.0,0.0,0.0
2016-03-21,11:10:00,130.57,130.82,130.56,130.81,41924.99999999977,1.0,0.0,0.0
2016-03-21,11:15:00,130.8,130.89,130.75,130.82,64150.99999999977,1.0,0.0,0.0
2016-03-21,11:20:00,130.83,131.0,130.82,130.907,39937.99999999977,1.0,0.0,0.0
2016-03-21,11:25:00,130.89,131.02,130.8,130.87,33545.99999999977,1.0,0.0,0.0
2016-03-21,11:30:00,130.88,131.094,130.85,131.06,45478.99999999977,1.0,0.0,0.0
2016-03-21,11:35:00,131.061,131.09,130.9,130.98,37929.99999999977,1.0,0.0,0.0
2016-03-21,11:40:00,130.975,131.2,130.96,131.05,39730.99999999977,1.0,0.0,0.0
2016-03-21,11:45:00,131.04,131.1,130.97,131.04,29521.999999999767,1.0,0.0,0.0
2016-03-21,11:50:00,131.02700000000002,131.1,130.98,131.0,27195.999999999767,1.0,0.0,0.0
2016-03-21,11:55:00,131.02,131.12,130.97,131.11,31259.999999999767,1.0,0.0,0.0
2016-03-21,12:00:00,131.11,131.11,130.99,131.02,23098.999999999767,1.0,0.0,0.0
2016-03-21,12:05:00,131.006,131.03,130.9,130.97,19163.999999999767,1.0,0.0,0.0
2016-03-21,12:10:00,130.97,131.0,130.865,130.9,65216.99999999977,1.0,0.0,0.0
2016-03-21,12:15:00,130.93,131.02,130.9,131.0,24158.999999999767,1.0,0.0,0.0
2016-03-21,12:20:00,131.007,131.02,130.88,130.958,23844.999999999767,1.0,0.0,0.0
2016-03-21,12:25:00,130.95,131.02,130.86,130.87,22789.999999999767,1.0,0.0,0.0
2016-03-21,12:30:00,130.88,130.95,130.87,130.936,26835.999999999767,1.0,0.0,0.0
2016-03-21,12:35:00,130.94,130.99,130.92,130.98,19330.999999999767,1.0,0.0,0.0
2016-03-21,12:40:00,130.99,131.01,130.91,130.93,28250.999999999767,1.0,0.0,0.0
2016-03-21,12:45:00,130.91,130.91,130.76,130.77,21089.999999999767,1.0,0.0,0.0
2016-03-21,12:50:00,130.775,130.79,130.68,130.745,49487.99999999977,1.0,0.0,0.0
2016-03-21,12:55:00,130.74,130.79,130.72,130.77200000000002,37125.99999999977,1.0,0.0,0.0
2016-03-21,13:00:00,130.757,130.78,130.68,130.76,36834.99999999977,1.0,0.0,0.0
2016-03-21,13:05:00,130.75,130.82,130.7,130.744,28284.999999999767,1.0,0.0,0.0
2016-03-21,13:10:00,130.75,130.75,130.58,130.67,34202.99999999977,1.0,0.0,0.0
2016-03-21,13:15:00,130.66,130.74,130.65,130.724,52640.99999999977,1.0,0.0,0.0
2016-03-21,13:20:00,130.725,130.74,130.63,130.67,65580.99999999977,1.0,0.0,0.0
2016-03-21,13:25:00,130.67,130.72,130.61,130.705,36094.99999999977,1.0,0.0,0.0
2016-03-21,13:30:00,130.71,131.01,130.71,130.99,34362.99999999977,1.0,0.0,0.0
2016-03-21,13:35:00,131.0,131.0,130.85,130.85,23552.999999999767,1.0,0.0,0.0
2016-03-21,13:40:00,130.87,130.87,130.7,130.738,33596.99999999977,1.0,0.0,0.0
2016-03-21,13:45:00,130.73,130.81,130.7,130.79,33564.99999999977,1.0,0.0,0.0
2016-03-21,13:50:00,130.793,130.81,130.69,130.71,33368.99999999977,1.0,0.0,0.0
2016-03-21,13:55:00,130.71,130.78,130.69,130.7,31600.999999999767,1.0,0.0,0.0
2016-03-21,14:00:00,130.7,130.79,130.7,130.77,28503.999999999767,1.0,0.0,0.0
2016-03-21,14:05:00,130.76,130.79,130.73,130.76,29642.999999999767,1.0,0.0,0.0
2016-03-21,14:10:00,130.76,130.81,130.71,130.8,29379.999999999767,1.0,0.0,0.0
2016-03-21,14:15:00,130.8,130.89,130.77,130.87,35571.99999999977,1.0,0.0,0.0
2016-03-21,14:20:00,130.88,130.89,130.787,130.805,42449.99999999977,1.0,0.0,0.0
2016-03-21,14:25:00,130.805,130.93,130.76,130.81,53536.99999999977,1.0,0.0,0.0
2016-03-21,14:30:00,130.8,130.81,130.75,130.8,49014.99999999977,1.0,0.0,0.0
2016-03-21,14:35:00,130.81,130.82,130.775,130.82,59897.99999999977,1.0,0.0,0.0
2016-03-21,14:40:00,130.815,130.83,130.78,130.8,70407.99999999977,1.0,0.0,0.0
2016-03-21,14:45:00,130.803,130.86,130.78,130.83,51138.99999999977,1.0,0.0,0.0
2016-03-21,14:50:00,130.84,130.93,130.8,130.92,30342.999999999767,1.0,0.0,0.0
2016-03-21,14:55:00,130.92,131.07299999999998,130.92,131.06,23531.999999999767,1.0,0.0,0.0
2016-03-21,15:00:00,131.05,131.16,130.96,131.121,27779.999999999767,1.0,0.0,0.0
2016-03-21,15:05:00,131.13,131.22,131.13,131.166,35180.99999999977,1.0,0.0,0.0
2016-03-21,15:10:00,131.16899999999998,131.3,131.12,131.27,33800.99999999977,1.0,0.0,0.0
2016-03-21,15:15:00,131.266,131.31,131.22,131.25,39508.99999999977,1.0,0.0,0.0
2016-03-21,15:20:00,131.25,131.26,131.15,131.19,30761.999999999767,1.0,0.0,0.0
2016-03-21,15:25:00,131.19,131.208,131.16,131.18,26044.999999999767,1.0,0.0,0.0
2016-03-21,15:30:00,131.18,131.21,130.95,130.95,50739.99999999977,1.0,0.0,0.0
2016-03-21,15:35:00,130.95,131.09,130.95,130.97,55342.99999999977,1.0,0.0,0.0
2016-03-21,15:40:00,130.98,131.0,130.9,130.92,37019.99999999977,1.0,0.0,0.0
2016-03-21,15:45:00,130.91299999999998,130.98,130.9,130.98,54755.99999999977,1.0,0.0,0.0
2016-03-21,15:50:00,130.975,131.0,130.94,131.0,55019.99999999977,1.0,0.0,0.0
2016-03-21,15:55:00,130.99,131.01,130.96,131.0,77380.99999999977,1.0,0.0,0.0
2016-03-22,09:30:00,131.0,131.03,130.35,130.7,216970.99999999977,1.0,0.0,0.0
2016-03-22,09:35:00,130.7,130.79,130.26,130.26,83437.99999999977,1.0,0.0,0.0
2016-03-22,09:40:00,130.257,130.32,129.92,130.02,93934.99999999977,1.0,0.0,0.0
2016-03-22,09:45:00,129.97,130.11,129.93,130.11,84103.99999999977,1.0,0.0,0.0
2016-03-22,09:50:00,130.11,130.25,130.0,130.0,71738.99999999977,1.0,0.0,0.0
2016-03-22,09:55:00,130.03,130.359,130.01,130.17,73126.99999999977,1.0,0.0,0.0
2016-03-22,10:00:00,130.16,130.55,130.03,130.55,52784.99999999977,1.0,0.0,0.0
2016-03-22,10:05:00,130.52,130.57,130.03,130.11,51528.99999999977,1.0,0.0,0.0
2016-03-22,10:10:00,130.11,130.32,130.06,130.1,43079.99999999977,1.0,0.0,0.0
2016-03-22,10:15:00,130.1,130.24,129.96,130.009,51945.99999999977,1.0,0.0,0.0
2016-03-22,10:20:00,130.0,130.06,129.98,130.03,37483.99999999977,1.0,0.0,0.0
2016-03-22,10:25:00,130.05,130.15,130.02,130.1,32353.999999999767,1.0,0.0,0.0
2016-03-22,10:30:00,130.1,130.14,129.99,129.99,37496.99999999977,1.0,0.0,0.0
2016-03-22,10:35:00,129.98,130.05,129.945,130.03,36951.99999999977,1.0,0.0,0.0
2016-03-22,10:40:00,130.05,130.293,130.04,130.17,46391.99999999977,1.0,0.0,0.0
2016-03-22,10:45:00,130.17,130.17,130.01,130.075,63583.99999999977,1.0,0.0,0.0
2016-03-22,10:50:00,130.09,130.12,129.95,130.08,70832.99999999977,1.0,0.0,0.0
2016-03-22,10:55:00,130.08,130.22,130.08,130.12,55147.99999999977,1.0,0.0,0.0
2016-03-22,11:00:00,130.12,130.235,130.08,130.13,29148.999999999767,1.0,0.0,0.0
2016-03-22,11:05:00,130.13,130.253,130.09,130.22,29777.999999999767,1.0,0.0,0.0
2016-03-22,11:10:00,130.23,130.4,130.16,130.4,37561.99999999977,1.0,0.0,0.0
2016-03-22,11:15:00,130.39,130.58,130.33,130.54,36577.99999999977,1.0,0.0,0.0
2016-03-22,11:20:00,130.55200000000002,130.63,130.45,130.49,43335.99999999977,1.0,0.0,0.0
2016-03-22,11:25:00,130.49,130.51,130.36,130.37,29455.999999999767,1.0,0.0,0.0
2016-03-22,11:30:00,130.38,130.477,130.34,130.472,21681.999999999767,1.0,0.0,0.0
2016-03-22,11:35:00,130.48,130.5,130.342,130.373,23332.999999999767,1.0,0.0,0.0
2016-03-22,11:40:00,130.37,130.51,130.37,130.5,57813.99999999977,1.0,0.0,0.0
2016-03-22,11:45:00,130.49,130.53,130.453,130.52,30493.999999999767,1.0,0.0,0.0
2016-03-22,11:50:00,130.51,130.553,130.45,130.49,18118.999999999767,1.0,0.0,0.0
2016-03-22,11:55:00,130.5,130.63,130.45,130.5,27122.999999999767,1.0,0.0,0.0
2016-03-22,12:00:00,130.49,130.49,130.36,130.385,18544.999999999767,1.0,0.0,0.0
2016-03-22,12:05:00,130.37,130.43,130.35,130.38299999999998,14224.999999999767,1.0,0.0,0.0
2016-03-22,12:10:00,130.39,130.41,130.352,130.38,21712.999999999767,1.0,0.0,0.0
2016-03-22,12:15:00,130.39,130.43,130.36,130.43,18716.999999999767,1.0,0.0,0.0
2016-03-22,12:20:00,130.42,130.47,130.39,130.47,26150.999999999767,1.0,0.0,0.0
2016-03-22,12:25:00,130.47,130.65,130.46,130.6,28813.999999999767,1.0,0.0,0.0
2016-03-22,12:30:00,130.6,130.82,130.6,130.72799999999998,21816.999999999767,1.0,0.0,0.0
2016-03-22,12:35:00,130.7,130.75,130.56,130.61700000000002,31322.999999999767,1.0,0.0,0.0
2016-03-22,12:40:00,130.63,130.68,130.59,130.659,22201.999999999767,1.0,0.0,0.0
2016-03-22,12:45:00,130.65,130.74,130.61,130.735,19576.999999999767,1.0,0.0,0.0
2016-03-22,12:50:00,130.733,130.78,130.68,130.68,16620.999999999767,1.0,0.0,0.0
2016-03-22,12:55:00,130.708,130.9,130.68,130.86,33183.99999999977,1.0,0.0,0.0
2016-03-22,13:00:00,130.88,130.99,130.85,130.96,19649.999999999767,1.0,0.0,0.0
2016-03-22,13:05:00,130.97,131.1,130.94,131.06,22849.999999999767,1.0,0.0,0.0
2016-03-22,13:10:00,131.07,131.09,130.93,130.95,19432.999999999767,1.0,0.0,0.0
2016-03-22,13:15:00,130.97,131.07,130.94,131.058,27781.999999999767,1.0,0.0,0.0
2016-03-22,13:20:00,131.053,131.07,130.93,130.97,22974.999999999767,1.0,0.0,0.0
2016-03-22,13:25:00,130.97,131.08,130.94,131.07,22534.999999999767,1.0,0.0,0.0
2016-03-22,13:30:00,131.08,131.14,131.05,131.078,16420.999999999767,1.0,0.0,0.0
2016-03-22,13:35:00,131.08,131.16,131.08,131.13,19579.999999999767,1.0,0.0,0.0
2016-03-22,13:40:00,131.13,131.22,130.93,130.961,29477.999999999767,1.0,0.0,0.0
2016-03-22,13:45:00,130.94,130.96,130.74,130.752,33424.99999999977,1.0,0.0,0.0
2016-03-22,13:50:00,130.77,130.88,130.77,130.874,30209.999999999767,1.0,0.0,0.0
2016-03-22,13:55:00,130.88,130.89,130.85,130.88299999999998,15810.999999999767,1.0,0.0,0.0
2016-03-22,14:00:00,130.88,131.04,130.87,130.92,26730.999999999767,1.0,0.0,0.0
2016-03-22,14:05:00,130.91,131.03,130.9,131.02,25872.999999999767,1.0,0.0,0.0
2016-03-22,14:10:00,131.03,131.09,130.93,130.97,19288.999999999767,1.0,0.0,0.0
2016-03-22,14:15:00,130.968,130.99,130.92,130.95,14444.999999999767,1.0,0.0,0.0
2016-03-22,14:20:00,130.95,130.95,130.78,130.89,26235.999999999767,1.0,0.0,0.0
2016-03-22,14:25:00,130.888,130.888,130.73,130.858,26946.999999999767,1.0,0.0,0.0
2016-03-22,14:30:00,130.85,130.991,130.85,130.89,22981.999999999767,1.0,0.0,0.0
2016-03-22,14:35:00,130.91,130.96,130.817,130.85,31879.999999999767,1.0,0.0,0.0
2016-03-22,14:40:00,130.83,130.901,130.8,130.851,20053.999999999767,1.0,0.0,0.0
2016-03-22,14:45:00,130.86,130.86,130.72,130.805,28797.999999999767,1.0,0.0,0.0
2016-03-22,14:50:00,130.8,130.86,130.78,130.83,24203.999999999767,1.0,0.0,0.0
2016-03-22,14:55:00,130.83,130.83,130.66,130.73,31359.999999999767,1.0,0.0,0.0
2016-03-22,15:00:00,130.72,130.74,130.47,130.59,34223.99999999977,1.0,0.0,0.0
2016-03-22,15:05:00,130.6,130.68,130.543,130.64,32986.99999999977,1.0,0.0,0.0
2016-03-22,15:10:00,130.65,130.68,130.545,130.59,49149.99999999977,1.0,0.0,0.0
2016-03-22,15:15:00,130.59,130.68,130.47,130.5,45100.99999999977,1.0,0.0,0.0
2016-03-22,15:20:00,130.5,130.6,130.37,130.6,52643.99999999977,1.0,0.0,0.0
2016-03-22,15:25:00,130.59,130.637,130.58,130.58,26770.999999999767,1.0,0.0,0.0
2016-03-22,15:30:00,130.585,130.65,130.58,130.64,35604.99999999977,1.0,0.0,0.0
2016-03-22,15:35:00,130.64,130.73,130.64,130.72,66875.99999999977,1.0,0.0,0.0
2016-03-22,15:40:00,130.72,130.849,130.65,130.7,58567.99999999977,1.0,0.0,0.0
2016-03-22,15:45:00,130.683,130.89,130.683,130.89,68197.99999999977,1.0,0.0,0.0
2016-03-22,15:50:00,130.89,130.89,130.64,130.67,86925.99999999977,1.0,0.0,0.0
2016-03-22,15:55:00,130.67,130.74,130.55,130.59,109160.99999999977,1.0,0.0,0.0
2016-03-23,09:30:00,130.596,130.71,130.54,130.61,153562.99999999977,1.0,0.0,0.0
2016-03-23,09:35:00,130.59,130.87,130.15,130.69,147943.99999999977,1.0,0.0,0.0
2016-03-23,09:40:00,130.74,130.98,130.66,130.9,72770.99999999977,1.0,0.0,0.0
2016-03-23,09:45:00,130.89,130.98,130.71,130.93,49869.99999999977,1.0,0.0,0.0
2016-03-23,09:50:00,130.9,130.946,130.63,130.74,42298.99999999977,1.0,0.0,0.0
2016-03-23,09:55:00,130.78,130.78,130.37,130.44,61653.99999999977,1.0,0.0,0.0
2016-03-23,10:00:00,130.43,130.686,130.39,130.68,54529.99999999977,1.0,0.0,0.0
2016-03-23,10:05:00,130.69,130.72,130.61,130.68,43343.99999999977,1.0,0.0,0.0
2016-03-23,10:10:00,130.68,130.82,130.63,130.82,55007.99999999977,1.0,0.0,0.0
2016-03-23,10:15:00,130.805,130.99,130.8,130.89,56075.99999999977,1.0,0.0,0.0
2016-03-23,10:20:00,130.89,130.98,130.86,130.97,68513.99999999977,1.0,0.0,0.0
2016-03-23,10:25:00,130.97,131.18,130.92,130.99,50967.99999999977,1.0,0.0,0.0
2016-03-23,10:30:00,131.0,131.03,130.86,130.92,45109.99999999977,1.0,0.0,0.0
2016-03-23,10:35:00,130.92,131.1,130.89,130.92,46895.99999999977,1.0,0.0,0.0
2016-03-23,10:40:00,130.92,130.93,130.67,130.79,58895.99999999977,1.0,0.0,0.0
2016-03-23,10:45:00,130.78,131.01,130.73,130.79,51213.99999999977,1.0,0.0,0.0
2016-03-23,10:50:00,130.82,130.94,130.71,130.76,46801.99999999977,1.0,0.0,0.0
2016-03-23,10:55:00,130.79,130.84,130.6,130.74,46005.99999999977,1.0,0.0,0.0
2016-03-23,11:00:00,130.76,130.77,130.511,130.52,59407.99999999977,1.0,0.0,0.0
2016-03-23,11:05:00,130.524,130.58,130.41,130.46,52689.99999999977,1.0,0.0,0.0
2016-03-23,11:10:00,130.46,130.63,130.41,130.494,42836.99999999977,1.0,0.0,0.0
2016-03-23,11:15:00,130.48,130.48,130.26,130.32,39568.99999999977,1.0,0.0,0.0
2016-03-23,11:20:00,130.31,130.37,130.19,130.19,43246.99999999977,1.0,0.0,0.0
2016-03-23,11:25:00,130.18,130.26,130.06,130.09,79774.99999999977,1.0,0.0,0.0
2016-03-23,11:30:00,130.1,130.25,130.07,130.25,54187.99999999977,1.0,0.0,0.0
2016-03-23,11:35:00,130.237,130.35,130.162,130.287,25751.999999999767,1.0,0.0,0.0
2016-03-23,11:40:00,130.265,130.42,130.25,130.333,21006.999999999767,1.0,0.0,0.0
2016-03-23,11:45:00,130.33,130.37,130.24,130.35,34668.99999999977,1.0,0.0,0.0
2016-03-23,11:50:00,130.35,130.38,130.17,130.3,35069.99999999977,1.0,0.0,0.0
2016-03-23,11:55:00,130.263,130.44,130.252,130.44,21385.999999999767,1.0,0.0,0.0
2016-03-23,12:00:00,130.45,130.46,130.352,130.4,20675.999999999767,1.0,0.0,0.0
2016-03-23,12:05:00,130.395,130.46,130.32,130.43,20510.999999999767,1.0,0.0,0.0
2016-03-23,12:10:00,130.44,130.61,130.44,130.6,16991.999999999767,1.0,0.0,0.0
2016-03-23,12:15:00,130.58,130.71,130.55,130.67,20361.999999999767,1.0,0.0,0.0
2016-03-23,12:20:00,130.68,130.81,130.63,130.79,22133.999999999767,1.0,0.0,0.0
2016-03-23,12:25:00,130.79,130.808,130.7,130.778,20151.999999999767,1.0,0.0,0.0
2016-03-23,12:30:00,130.77,130.85,130.7,130.85,14419.999999999767,1.0,0.0,0.0
2016-03-23,12:35:00,130.85,130.86,130.77,130.8,32355.999999999767,1.0,0.0,0.0
2016-03-23,12:40:00,130.82,130.82,130.72,130.82,26714.999999999767,1.0,0.0,0.0
2016-03-23,12:45:00,130.81,130.85,130.69,130.72,28483.999999999767,1.0,0.0,0.0
2016-03-23,12:50:00,130.72,130.85,130.7,130.82299999999998,12111.999999999767,1.0,0.0,0.0
2016-03-23,12:55:00,130.82,130.85,130.79,130.83,12383.999999999767,1.0,0.0,0.0
2016-03-23,13:00:00,130.83,130.9,130.73,130.76,47189.99999999977,1.0,0.0,0.0
2016-03-23,13:05:00,130.75,130.86,130.75,130.84,30890.999999999767,1.0,0.0,0.0
2016-03-23,13:10:00,130.84,130.86,130.77,130.86,17534.999999999767,1.0,0.0,0.0
2016-03-23,13:15:00,130.86,130.984,130.84,130.98,30991.999999999767,1.0,0.0,0.0
2016-03-23,13:20:00,130.99,131.05,130.88,130.88,36305.99999999977,1.0,0.0,0.0
2016-03-23,13:25:00,130.88,130.95,130.844,130.91,13858.999999999767,1.0,0.0,0.0
2016-03-23,13:30:00,130.91,130.97,130.88,130.94,17634.999999999767,1.0,0.0,0.0
2016-03-23,13:35:00,130.93,130.96,130.82,130.85,16853.999999999767,1.0,0.0,0.0
2016-03-23,13:40:00,130.86,130.86,130.61,130.616,40886.99999999977,1.0,0.0,0.0
2016-03-23,13:45:00,130.63,130.81,130.60299999999998,130.8,22054.999999999767,1.0,0.0,0.0
2016-03-23,13:50:00,130.82,130.85,130.7,130.73,16269.999999999767,1.0,0.0,0.0
2016-03-23,13:55:00,130.74,130.76,130.68,130.7,17537.999999999767,1.0,0.0,0.0
2016-03-23,14:00:00,130.705,130.75,130.56,130.66,35997.99999999977,1.0,0.0,0.0
2016-03-23,14:05:00,130.66,130.73,130.62,130.64,27807.999999999767,1.0,0.0,0.0
2016-03-23,14:10:00,130.632,130.65,130.56,130.59,23770.999999999767,1.0,0.0,0.0
2016-03-23,14:15:00,130.59,130.63,130.52,130.58,26480.999999999767,1.0,0.0,0.0
2016-03-23,14:20:00,130.59,130.7,130.59,130.69,22392.999999999767,1.0,0.0,0.0
2016-03-23,14:25:00,130.683,130.73,130.45,130.45,47967.99999999977,1.0,0.0,0.0
2016-03-23,14:30:00,130.48,130.54,130.3,130.5,68020.99999999977,1.0,0.0,0.0
2016-03-23,14:35:00,130.52,130.52,130.4,130.44,24935.999999999767,1.0,0.0,0.0
2016-03-23,14:40:00,130.43,130.45,130.23,130.27,39363.99999999977,1.0,0.0,0.0
2016-03-23,14:45:00,130.26,130.41,130.24,130.38,16990.999999999767,1.0,0.0,0.0
2016-03-23,14:50:00,130.38,130.42,130.18,130.23,38960.99999999977,1.0,0.0,0.0
2016-03-23,14:55:00,130.23,130.247,130.09,130.16,27507.999999999767,1.0,0.0,0.0
2016-03-23,15:00:00,130.15,130.16,129.95,130.04,53574.99999999977,1.0,0.0,0.0
2016-03-23,15:05:00,130.05,130.13,130.032,130.09,26938.999999999767,1.0,0.0,0.0
2016-03-23,15:10:00,130.1,130.15,130.06,130.1,33537.99999999977,1.0,0.0,0.0
2016-03-23,15:15:00,130.1,130.21,130.09,130.13,38394.99999999977,1.0,0.0,0.0
2016-03-23,15:20:00,130.14,130.23,130.11,130.15,31403.999999999767,1.0,0.0,0.0
2016-03-23,15:25:00,130.14,130.23,130.12,130.218,33398.99999999977,1.0,0.0,0.0
2016-03-23,15:30:00,130.21,130.34,130.11,130.32,33989.99999999977,1.0,0.0,0.0
2016-03-23,15:35:00,130.317,130.37,130.22299999999998,130.33,46777.99999999977,1.0,0.0,0.0
2016-03-23,15:40:00,130.34,130.48,130.33,130.47,45010.99999999977,1.0,0.0,0.0
2016-03-23,15:45:00,130.47,130.54,130.39,130.46,73258.99999999977,1.0,0.0,0.0
2016-03-23,15:50:00,130.46,130.6,130.38,130.48,94060.99999999977,1.0,0.0,0.0
2016-03-23,15:55:00,130.46,130.53,130.38,130.45,96537.99999999977,1.0,0.0,0.0
2016-03-24,09:30:00,130.44,130.48,129.23,129.6,196741.99999999977,1.0,0.0,0.0
2016-03-24,09:35:00,129.57,129.92,129.53,129.78,153887.99999999977,1.0,0.0,0.0
2016-03-24,09:40:00,129.798,130.13,129.562,130.083,65574.99999999977,1.0,0.0,0.0
2016-03-24,09:45:00,130.02,130.2,129.87,129.9,50988.99999999977,1.0,0.0,0.0
2016-03-24,09:50:00,129.94,130.05,129.7,129.89,64116.99999999977,1.0,0.0,0.0
2016-03-24,09:55:00,129.9,129.99,129.8,129.89,26399.999999999767,1.0,0.0,0.0
2016-03-24,10:00:00,129.82,130.13,129.8,129.81,42985.99999999977,1.0,0.0,0.0
2016-03-24,10:05:00,129.88,130.067,129.62,129.96,42297.99999999977,1.0,0.0,0.0
2016-03-24,10:10:00,129.98,130.09,129.83,130.09,39660.99999999977,1.0,0.0,0.0
2016-03-24,10:15:00,130.09,130.14,129.965,130.0,37506.99999999977,1.0,0.0,0.0
2016-03-24,10:20:00,130.02,130.03,129.77,129.88,38893.99999999977,1.0,0.0,0.0
2016-03-24,10:25:00,129.875,129.97,129.77,129.83,27408.999999999767,1.0,0.0,0.0
2016-03-24,10:30:00,129.83,129.86,129.6,129.82,30268.999999999767,1.0,0.0,0.0
2016-03-24,10:35:00,129.76,130.02,129.76,129.86,26074.999999999767,1.0,0.0,0.0
2016-03-24,10:40:00,129.849,130.03,129.849,130.02,31899.999999999767,1.0,0.0,0.0
2016-03-24,10:45:00,129.99,130.2,129.98,130.19,57006.99999999977,1.0,0.0,0.0
2016-03-24,10:50:00,130.21,130.549,130.18,130.53,32233.999999999767,1.0,0.0,0.0
2016-03-24,10:55:00,130.51,130.53,130.26,130.33,39513.99999999977,1.0,0.0,0.0
2016-03-24,11:00:00,130.33,130.36,130.12,130.3,45512.99999999977,1.0,0.0,0.0
2016-03-24,11:05:00,130.32,130.46,130.31,130.424,16603.999999999767,1.0,0.0,0.0
2016-03-24,11:10:00,130.434,130.52100000000002,130.36,130.52100000000002,27041.999999999767,1.0,0.0,0.0
2016-03-24,11:15:00,130.53,130.58,130.45,130.56,20241.999999999767,1.0,0.0,0.0
2016-03-24,11:20:00,130.55,130.56,130.4,130.42,28999.999999999767,1.0,0.0,0.0
2016-03-24,11:25:00,130.43,130.47,130.4,130.41,20482.999999999767,1.0,0.0,0.0
2016-03-24,11:30:00,130.4,130.45,130.31,130.39700000000002,22277.999999999767,1.0,0.0,0.0
2016-03-24,11:35:00,130.41,130.5,130.35,130.49,21740.999999999767,1.0,0.0,0.0
2016-03-24,11:40:00,130.46,130.5,130.403,130.403,21278.999999999767,1.0,0.0,0.0
2016-03-24,11:45:00,130.41,130.45,130.24,130.29,43262.99999999977,1.0,0.0,0.0
2016-03-24,11:50:00,130.31,130.37,130.2,130.29,33805.99999999977,1.0,0.0,0.0
2016-03-24,11:55:00,130.3,130.31,130.2,130.22,19916.999999999767,1.0,0.0,0.0
2016-03-24,12:00:00,130.227,130.39,130.17,130.35,37264.99999999977,1.0,0.0,0.0
2016-03-24,12:05:00,130.36,130.49,130.35,130.41,31280.999999999767,1.0,0.0,0.0
2016-03-24,12:10:00,130.4,130.55,130.35,130.48,29701.999999999767,1.0,0.0,0.0
2016-03-24,12:15:00,130.48,130.53,130.44,130.467,19762.999999999767,1.0,0.0,0.0
2016-03-24,12:20:00,130.47,130.5,130.26,130.27,31683.999999999767,1.0,0.0,0.0
2016-03-24,12:25:00,130.27,130.349,130.25,130.25,22162.999999999767,1.0,0.0,0.0
2016-03-24,12:30:00,130.24,130.31,130.21,130.27,21458.999999999767,1.0,0.0,0.0
2016-03-24,12:35:00,130.27,130.33,130.21,130.234,16546.999999999767,1.0,0.0,0.0
2016-03-24,12:40:00,130.24,130.25,130.12,130.19299999999998,21031.999999999767,1.0,0.0,0.0
2016-03-24,12:45:00,130.21,130.22799999999998,130.08,130.16,25472.999999999767,1.0,0.0,0.0
2016-03-24,12:50:00,130.16,130.18,130.09,130.14,21907.999999999767,1.0,0.0,0.0
2016-03-24,12:55:00,130.15200000000002,130.17,130.07,130.1,26281.999999999767,1.0,0.0,0.0
2016-03-24,13:00:00,130.102,130.22,130.09,130.09,17860.999999999767,1.0,0.0,0.0
2016-03-24,13:05:00,130.12,130.14,130.03,130.07,22923.999999999767,1.0,0.0,0.0
2016-03-24,13:10:00,130.07299999999998,130.12,130.02,130.097,30068.999999999767,1.0,0.0,0.0
2016-03-24,13:15:00,130.1,130.26,130.09,130.18,25017.999999999767,1.0,0.0,0.0
2016-03-24,13:20:00,130.18,130.22,130.135,130.135,21044.999999999767,1.0,0.0,0.0
2016-03-24,13:25:00,130.12,130.19,130.033,130.18,26876.999999999767,1.0,0.0,0.0
2016-03-24,13:30:00,130.175,130.29,130.11,130.29,37766.99999999977,1.0,0.0,0.0
2016-03-24,13:35:00,130.26,130.3,130.22,130.24,22712.999999999767,1.0,0.0,0.0
2016-03-24,13:40:00,130.23,130.34,130.21,130.34,20168.999999999767,1.0,0.0,0.0
2016-03-24,13:45:00,130.333,130.35,130.27,130.29,20495.999999999767,1.0,0.0,0.0
2016-03-24,13:50:00,130.28,130.33,130.25,130.3,18609.999999999767,1.0,0.0,0.0
2016-03-24,13:55:00,130.31,130.39,130.29,130.329,25607.999999999767,1.0,0.0,0.0
2016-03-24,14:00:00,130.33,130.36,130.29,130.35,24711.999999999767,1.0,0.0,0.0
2016-03-24,14:05:00,130.36,130.417,130.33,130.41,31272.999999999767,1.0,0.0,0.0
2016-03-24,14:10:00,130.409,130.42,130.28,130.32399999999998,29774.999999999767,1.0,0.0,0.0
2016-03-24,14:15:00,130.33,130.36,130.28,130.30100000000002,23273.999999999767,1.0,0.0,0.0
2016-03-24,14:20:00,130.3,130.38,130.24,130.33,35064.99999999977,1.0,0.0,0.0
2016-03-24,14:25:00,130.31,130.4,130.31,130.36,22498.999999999767,1.0,0.0,0.0
2016-03-24,14:30:00,130.36,130.49,130.33,130.45,25557.999999999767,1.0,0.0,0.0
2016-03-24,14:35:00,130.45,130.53,130.41,130.43,25564.999999999767,1.0,0.0,0.0
2016-03-24,14:40:00,130.41,130.61,130.41,130.56,34889.99999999977,1.0,0.0,0.0
2016-03-24,14:45:00,130.553,130.7,130.54,130.7,26763.999999999767,1.0,0.0,0.0
2016-03-24,14:50:00,130.7,130.7,130.58,130.65,32820.99999999977,1.0,0.0,0.0
2016-03-24,14:55:00,130.65,130.66,130.59,130.61,24393.999999999767,1.0,0.0,0.0
2016-03-24,15:00:00,130.6,130.63,130.55,130.55,25679.999999999767,1.0,0.0,0.0
2016-03-24,15:05:00,130.56,130.58,130.46,130.54,41586.99999999977,1.0,0.0,0.0
2016-03-24,15:10:00,130.53,130.53,130.442,130.49,43087.99999999977,1.0,0.0,0.0
2016-03-24,15:15:00,130.47,130.64,130.47,130.59,31118.999999999767,1.0,0.0,0.0
2016-03-24,15:20:00,130.6,130.67,130.59,130.65,31716.999999999767,1.0,0.0,0.0
2016-03-24,15:25:00,130.64,130.65,130.56799999999998,130.59,38871.99999999977,1.0,0.0,0.0
2016-03-24,15:30:00,130.597,130.7,130.595,130.66299999999998,44149.99999999977,1.0,0.0,0.0
2016-03-24,15:35:00,130.67,130.71,130.63,130.7,38948.99999999977,1.0,0.0,0.0
2016-03-24,15:40:00,130.707,130.75,130.64,130.73,54799.99999999977,1.0,0.0,0.0
2016-03-24,15:45:00,130.74,130.76,130.67,130.72,66541.99999999977,1.0,0.0,0.0
2016-03-24,15:50:00,130.72,130.73,130.57,130.607,51943.99999999977,1.0,0.0,0.0
2016-03-24,15:55:00,130.6,130.65,130.45,130.5,100290.99999999977,1.0,0.0,0.0
