Date,Time,Open,High,Low,Close,Volume,Split Factor,Earnings,Dividends
2016-01-04,09:36:00,7.6986,7.7485,7.6386,7.7435,1049835.5,1.0,0.0,0.0
2016-01-04,09:43:00,7.7485,7.8084,7.7285,7.7285,909315.2,1.0,0.0,0.0
2016-01-04,09:50:00,7.7285,7.8084,7.7285,7.8034,569872.7,1.0,0.0,0.0
2016-01-04,09:57:00,7.8084,7.8583,7.8034,7.8134,623376.9999999999,1.0,0.0,0.0
2016-01-04,10:04:00,7.8084,7.8284,7.7784,7.8084,710130.9999999999,1.0,0.0,0.0
2016-01-04,10:11:00,7.8184,7.8583,7.8134,7.8283,502286.6,1.0,0.0,0.0
2016-01-04,10:18:00,7.8284,7.8583,7.7984,7.8134,504639.49999999994,1.0,0.0,0.0
2016-01-04,10:25:00,7.8184,7.8284,7.7884,7.7984,456393.6000000001,1.0,0.0,0.0
2016-01-04,10:32:00,7.7934,7.7984,7.7485,7.7908,419475.6000000001,1.0,0.0,0.0
2016-01-04,10:39:00,7.7934,7.7984,7.7585,7.7795,656469.4,1.0,0.0,0.0
2016-01-04,10:46:00,7.7834,7.7884,7.7485,7.7585,265189.4000000001,1.0,0.0,0.0
2016-01-04,10:53:00,7.7585,7.7784,7.7386,7.7734,228172.50000000017,1.0,0.0,0.0
2016-01-04,11:00:00,7.7734,7.7784,7.7485,7.7485,238826.21000000008,1.0,0.0,0.0
2016-01-04,11:07:00,7.7485,7.7783,7.7285,7.7485,390713.30000000005,1.0,0.0,0.0
2016-01-04,11:14:00,7.7485,7.7585,7.7285,7.7485,323243.64,1.0,0.0,0.0
2016-01-04,11:21:00,7.7585,7.7585,7.7285,7.7385,143653.31999999995,1.0,0.0,0.0
2016-01-04,11:28:00,7.7327,7.7485,7.7085,7.7435,219059.9499999999,1.0,0.0,0.0
2016-01-04,11:35:00,7.7385,7.7385,7.6586,7.6686,337226.89999999997,1.0,0.0,0.0
2016-01-04,11:42:00,7.6686,7.6786,7.5887,7.6187,276659.4999999999,1.0,0.0,0.0
2016-01-04,11:49:00,7.6177,7.6287,7.5887,7.6287,356356.7999999999,1.0,0.0,0.0
2016-01-04,11:56:00,7.6187,7.6386,7.5937,7.6386,241563.43999999994,1.0,0.0,0.0
2016-01-04,12:03:00,7.6386,7.6486,7.6287,7.6386,204289.20999999996,1.0,0.0,0.0
2016-01-04,12:10:00,7.6337,7.6786,7.6287,7.6686,237257.94999999995,1.0,0.0,0.0
2016-01-04,12:17:00,7.6686,7.6986,7.6686,7.6886,140810.88999999996,1.0,0.0,0.0
2016-01-04,12:24:00,7.6886,7.6986,7.6686,7.6784,208026.55999999994,1.0,0.0,0.0
2016-01-04,12:31:00,7.6736,7.6886,7.6486,7.6736,195476.98000000004,1.0,0.0,0.0
2016-01-04,12:38:00,7.6686,7.6986,7.6686,7.6736,183530.49700000003,1.0,0.0,0.0
2016-01-04,12:45:00,7.675,7.7085,7.6686,7.7036,143744.41000000003,1.0,0.0,0.0
2016-01-04,12:52:00,7.7036,7.7185,7.6886,7.7085,98818.63000000005,1.0,0.0,0.0
2016-01-04,12:59:00,7.7036,7.7185,7.6886,7.7036,96028.58000000005,1.0,0.0,0.0
2016-01-04,13:06:00,7.6986,7.7385,7.6919,7.7285,132046.00000000006,1.0,0.0,0.0
2016-01-04,13:13:00,7.7285,7.7385,7.7185,7.7335,85703.14000000004,1.0,0.0,0.0
2016-01-04,13:20:00,7.7285,7.7685,7.7285,7.7585,272704.23000000004,1.0,0.0,0.0
2016-01-04,13:27:00,7.7684,7.7884,7.7485,7.7635,251330.94000000006,1.0,0.0,0.0
2016-01-04,13:34:00,7.7685,7.7984,7.7535,7.7984,168851.56000000008,1.0,0.0,0.0
2016-01-04,13:41:00,7.7894,7.8034,7.7535,7.7685,244940.36,1.0,0.0,0.0
2016-01-04,13:48:00,7.7685,7.7685,7.7485,7.7535,56902.46999999997,1.0,0.0,0.0
2016-01-04,13:55:00,7.7535,7.7784,7.7435,7.7485,164314.74999999997,1.0,0.0,0.0
2016-01-04,14:02:00,7.7485,7.7495,7.6986,7.6986,219621.83,1.0,0.0,0.0
2016-01-04,14:09:00,7.7075,7.7185,7.6886,7.7085,120685.99399999998,1.0,0.0,0.0
2016-01-04,14:16:00,7.7036,7.7085,7.6886,7.6936,38383.98999999999,1.0,0.0,0.0
2016-01-04,14:23:00,7.6936,7.7285,7.6936,7.7285,75453.925,1.0,0.0,0.0
2016-01-04,14:30:00,7.7285,7.7285,7.7185,7.7235,32607.34999999999,1.0,0.0,0.0
2016-01-04,14:37:00,7.7185,7.7485,7.7185,7.7485,64745.10299999999,1.0,0.0,0.0
2016-01-04,14:44:00,7.7485,7.7834,7.7475,7.7685,263992.06999999995,1.0,0.0,0.0
2016-01-04,14:51:00,7.7585,7.7784,7.7485,7.7585,109553.54000000001,1.0,0.0,0.0
2016-01-04,14:58:00,7.7635,7.7685,7.7485,7.7546,45131.032999999996,1.0,0.0,0.0
2016-01-04,15:05:00,7.7535,7.7585,7.7285,7.7385,86523.34,1.0,0.0,0.0
2016-01-04,15:12:00,7.7385,7.7485,7.7185,7.7235,49100.93000000001,1.0,0.0,0.0
2016-01-04,15:19:00,7.7185,7.7485,7.7085,7.7485,216691.36999999997,1.0,0.0,0.0
2016-01-04,15:26:00,7.7385,7.7685,7.7385,7.7535,148666.53999999998,1.0,0.0,0.0
2016-01-04,15:33:00,7.7485,7.7585,7.7185,7.7335,209019.02,1.0,0.0,0.0
2016-01-04,15:40:00,7.7285,7.7385,7.6986,7.7185,436233.80000000005,1.0,0.0,0.0
2016-01-04,15:47:00,7.7185,7.7385,7.7085,7.7285,307131.7,1.0,0.0,0.0
2016-01-04,15:54:00,7.7285,7.7385,7.7085,7.7085,279083.10000000003,1.0,0.0,0.0
2016-01-05,09:31:00,7.7085,7.7884,7.7085,7.7784,1167313.2000000002,1.0,0.0,0.0
2016-01-05,09:38:00,7.7784,7.8184,7.7385,7.7984,388925.6,1.0,0.0,0.0
2016-01-05,09:45:00,7.7884,7.8084,7.7185,7.7834,534467.1,1.0,0.0,0.0
2016-01-05,09:52:00,7.7784,7.7984,7.7385,7.7883,359580.40000000014,1.0,0.0,0.0
2016-01-05,09:59:00,7.7834,7.7884,7.7085,7.7186,356401.80000000016,1.0,0.0,0.0
2016-01-05,10:06:00,7.7285,7.7784,7.7235,7.7685,233802.00000000017,1.0,0.0,0.0
2016-01-05,10:13:00,7.7635,7.7984,7.7385,7.7686,408256.60000000015,1.0,0.0,0.0
2016-01-05,10:20:00,7.7685,7.7984,7.7485,7.7635,241410.16000000018,1.0,0.0,0.0
2016-01-05,10:27:00,7.7585,7.7635,7.7285,7.7485,229543.8000000002,1.0,0.0,0.0
2016-01-05,10:34:00,7.7485,7.7585,7.7135,7.7185,166703.4000000002,1.0,0.0,0.0
2016-01-05,10:41:00,7.7185,7.7285,7.6536,7.6786,305212.7000000001,1.0,0.0,0.0
2016-01-05,10:48:00,7.6686,7.6886,7.6686,7.6836,120556.7700000002,1.0,0.0,0.0
2016-01-05,10:55:00,7.6886,7.6886,7.6436,7.6486,261023.20000000016,1.0,0.0,0.0
2016-01-05,11:02:00,7.6486,7.6986,7.6287,7.6886,280321.8800000001,1.0,0.0,0.0
2016-01-05,11:09:00,7.6886,7.6886,7.6586,7.6686,78537.50400000015,1.0,0.0,0.0
2016-01-05,11:16:00,7.6686,7.6786,7.6586,7.6686,130240.24000000017,1.0,0.0,0.0
2016-01-05,11:23:00,7.6686,7.6786,7.5987,7.6087,219593.80000000013,1.0,0.0,0.0
2016-01-05,11:30:00,7.6037,7.6386,7.5987,7.6337,158951.99000000017,1.0,0.0,0.0
2016-01-05,11:37:00,7.6322,7.6486,7.5987,7.5987,217695.40000000017,1.0,0.0,0.0
2016-01-05,11:44:00,7.5987,7.6486,7.5787,7.6437,280351.85000000015,1.0,0.0,0.0
2016-01-05,11:51:00,7.6486,7.6486,7.6187,7.6288,86400.22000000016,1.0,0.0,0.0
2016-01-05,11:58:00,7.6287,7.6686,7.6187,7.6586,259524.62000000014,1.0,0.0,0.0
2016-01-05,12:05:00,7.6536,7.6686,7.6386,7.6386,130122.08000000015,1.0,0.0,0.0
2016-01-05,12:12:00,7.6386,7.6586,7.6187,7.6287,283018.9000000001,1.0,0.0,0.0
2016-01-05,12:19:00,7.6287,7.6686,7.6187,7.6636,201851.26000000013,1.0,0.0,0.0
2016-01-05,12:27:00,7.6686,7.6786,7.6386,7.6386,109337.22000000012,1.0,0.0,0.0
2016-01-05,12:34:00,7.6288,7.6586,7.6287,7.6486,66276.32900000011,1.0,0.0,0.0
2016-01-05,12:41:00,7.6486,7.6586,7.6187,7.6286,132467.56000000008,1.0,0.0,0.0
2016-01-05,12:48:00,7.6187,7.6287,7.6087,7.6087,53250.013000000086,1.0,0.0,0.0
2016-01-05,12:55:00,7.6087,7.6287,7.5987,7.6207,79101.31000000007,1.0,0.0,0.0
2016-01-05,13:02:00,7.6187,7.6287,7.5887,7.5987,88345.05000000006,1.0,0.0,0.0
2016-01-05,13:09:00,7.6087,7.6087,7.5787,7.5938,271099.26000000007,1.0,0.0,0.0
2016-01-05,13:16:00,7.5887,7.6049,7.5787,7.5987,95081.06999999992,1.0,0.0,0.0
2016-01-05,13:23:00,7.6087,7.6337,7.6087,7.6287,53518.37899999993,1.0,0.0,0.0
2016-01-05,13:30:00,7.6347,7.6486,7.6287,7.6436,61198.85299999994,1.0,0.0,0.0
2016-01-05,13:37:00,7.6486,7.6486,7.6386,7.6486,34835.69999999994,1.0,0.0,0.0
2016-01-05,13:44:00,7.6486,7.6536,7.6287,7.6287,104512.94999999994,1.0,0.0,0.0
2016-01-05,13:51:00,7.6287,7.6486,7.6237,7.6486,69125.55399999995,1.0,0.0,0.0
2016-01-05,13:58:00,7.6386,7.6586,7.6386,7.6388,58572.92999999994,1.0,0.0,0.0
2016-01-05,14:05:00,7.6486,7.6786,7.6386,7.6786,69264.84899999993,1.0,0.0,0.0
2016-01-05,14:12:00,7.6736,7.6786,7.6486,7.6486,79128.42999999993,1.0,0.0,0.0
2016-01-05,14:19:00,7.6586,7.6686,7.6486,7.6586,81483.89999999994,1.0,0.0,0.0
2016-01-05,14:26:00,7.6586,7.6586,7.6187,7.6287,152193.77999999994,1.0,0.0,0.0
2016-01-05,14:33:00,7.6287,7.6287,7.5987,7.6137,155021.00999999998,1.0,0.0,0.0
2016-01-05,14:40:00,7.6237,7.6287,7.6087,7.6153,63526.249999999956,1.0,0.0,0.0
2016-01-05,14:47:00,7.6087,7.6187,7.6087,7.6187,20650.63299999996,1.0,0.0,0.0
2016-01-05,14:54:00,7.6137,7.6337,7.5987,7.6337,306581.47899999993,1.0,0.0,0.0
2016-01-05,15:01:00,7.6287,7.6386,7.6287,7.6337,49224.02999999991,1.0,0.0,0.0
2016-01-05,15:08:00,7.6337,7.6386,7.6287,7.6337,28976.969999999907,1.0,0.0,0.0
2016-01-05,15:15:00,7.6386,7.6586,7.6337,7.6536,110430.7699999999,1.0,0.0,0.0
2016-01-05,15:22:00,7.6506,7.6586,7.6386,7.6386,107800.92999999988,1.0,0.0,0.0
2016-01-05,15:29:00,7.6386,7.6586,7.6386,7.6586,98294.76999999989,1.0,0.0,0.0
2016-01-05,15:36:00,7.6486,7.6786,7.6486,7.6686,169150.05999999985,1.0,0.0,0.0
2016-01-05,15:43:00,7.6686,7.6786,7.6586,7.6691,305320.39999999985,1.0,0.0,0.0
2016-01-05,15:50:00,7.6736,7.6786,7.6486,7.6636,262111.4199999998,1.0,0.0,0.0
2016-01-05,15:57:00,7.6586,7.6686,7.6486,7.6486,367095.4999999998,1.0,0.0,0.0
2016-01-06,09:34:00,7.6486,7.8883,7.6386,7.8783,1620834.9000000001,1.0,0.0,0.0
2016-01-06,09:41:00,7.8783,7.8883,7.8134,7.8613,950796.1000000003,1.0,0.0,0.0
2016-01-06,09:48:00,7.862,7.9382,7.8374,7.9232,3513990.6000000006,1.0,0.0,0.0
2016-01-06,09:55:00,7.9232,7.9831,7.9132,7.9432,1068484.4000000006,1.0,0.0,0.0
2016-01-06,10:02:00,7.9482,7.9881,7.9382,7.9431,961336.0000000007,1.0,0.0,0.0
2016-01-06,10:09:00,7.9482,7.9582,7.9182,7.9332,726776.6000000007,1.0,0.0,0.0
2016-01-06,10:16:00,7.9332,7.9781,7.9282,7.978,833348.2000000005,1.0,0.0,0.0
2016-01-06,10:23:00,7.978,7.9981,7.9182,7.9232,660338.5200000005,1.0,0.0,0.0
2016-01-06,10:30:00,7.9282,7.9582,7.9082,7.9232,793947.9000000004,1.0,0.0,0.0
2016-01-06,10:37:00,7.9232,7.9282,7.8783,7.8933,658545.7000000004,1.0,0.0,0.0
2016-01-06,10:44:00,7.8933,7.9082,7.8883,7.8983,161389.5500000004,1.0,0.0,0.0
2016-01-06,10:51:00,7.8983,7.9382,7.8983,7.9182,239786.70000000042,1.0,0.0,0.0
2016-01-06,10:58:00,7.9182,7.9182,7.8833,7.8983,218859.7000000005,1.0,0.0,0.0
2016-01-06,11:05:00,7.8958,7.9232,7.8933,7.9082,151528.81000000052,1.0,0.0,0.0
2016-01-06,11:12:00,7.9182,7.9382,7.9082,7.9282,257166.68000000052,1.0,0.0,0.0
2016-01-06,11:19:00,7.9282,7.9582,7.9282,7.9532,223655.7000000005,1.0,0.0,0.0
2016-01-06,11:26:00,7.9582,7.9781,7.9382,7.9432,391971.3000000005,1.0,0.0,0.0
2016-01-06,11:33:00,7.9432,7.9582,7.9382,7.9532,448028.10000000044,1.0,0.0,0.0
2016-01-06,11:40:00,7.9582,7.9582,7.9282,7.9382,503692.30000000045,1.0,0.0,0.0
2016-01-06,11:47:00,7.9382,7.9382,7.9082,7.9282,139750.35000000044,1.0,0.0,0.0
2016-01-06,11:54:00,7.9332,7.9382,7.8883,7.926,432658.5500000004,1.0,0.0,0.0
2016-01-06,12:01:00,7.9282,7.9332,7.9182,7.9232,84974.10600000045,1.0,0.0,0.0
2016-01-06,12:08:00,7.9282,7.9482,7.9282,7.9482,319130.71000000054,1.0,0.0,0.0
2016-01-06,12:15:00,7.9482,7.9482,7.9382,7.9482,95976.36000000068,1.0,0.0,0.0
2016-01-06,12:22:00,7.9482,7.9582,7.9382,7.9382,107237.13700000067,1.0,0.0,0.0
2016-01-06,12:29:00,7.9382,7.9582,7.9382,7.9482,51934.02000000067,1.0,0.0,0.0
2016-01-06,12:36:00,7.9482,7.9682,7.9382,7.9382,168923.58000000063,1.0,0.0,0.0
2016-01-06,12:43:00,7.9382,7.9482,7.9282,7.9482,109530.4860000006,1.0,0.0,0.0
2016-01-06,12:50:00,7.9481,7.9781,7.9382,7.9682,180576.9610000006,1.0,0.0,0.0
2016-01-06,12:57:00,7.9781,7.9831,7.9382,7.9382,278597.4000000006,1.0,0.0,0.0
2016-01-06,13:04:00,7.9382,7.9759,7.9382,7.9632,174713.22000000058,1.0,0.0,0.0
2016-01-06,13:11:00,7.9582,7.9881,7.9582,7.9692,222658.25000000058,1.0,0.0,0.0
2016-01-06,13:18:00,7.9781,7.9881,7.9482,7.9532,292054.2800000006,1.0,0.0,0.0
2016-01-06,13:25:00,7.9482,7.9582,7.9382,7.9432,138415.35000000065,1.0,0.0,0.0
2016-01-06,13:32:00,7.9382,7.9482,7.9282,7.9432,484978.90000000055,1.0,0.0,0.0
2016-01-06,13:39:00,7.9482,7.9881,7.9382,7.9781,278792.0200000006,1.0,0.0,0.0
2016-01-06,13:46:00,7.9781,7.9981,7.9781,7.997999999999999,378932.0000000005,1.0,0.0,0.0
2016-01-06,13:53:00,7.9931,8.0081,7.9781,7.9981,381215.8000000005,1.0,0.0,0.0
2016-01-06,14:00:00,8.0081,8.0281,7.9781,7.9831,286797.4700000005,1.0,0.0,0.0
2016-01-06,14:07:00,7.9871,8.0518,7.9811,8.0281,582642.8000000006,1.0,0.0,0.0
2016-01-06,14:14:00,8.0231,8.043,7.9881,7.9881,640115.3970000007,1.0,0.0,0.0
2016-01-06,14:21:00,7.9881,7.9931,7.9682,7.9682,303898.70000000065,1.0,0.0,0.0
2016-01-06,14:28:00,7.9781,7.9781,7.9382,7.9382,250275.40000000055,1.0,0.0,0.0
2016-01-06,14:35:00,7.9382,7.9682,7.9282,7.9582,716449.9600000003,1.0,0.0,0.0
2016-01-06,14:42:00,7.9672,7.9682,7.9082,7.9282,447451.3600000003,1.0,0.0,0.0
2016-01-06,14:49:00,7.9282,7.9582,7.9182,7.9344,311172.7000000003,1.0,0.0,0.0
2016-01-06,14:56:00,7.9331,7.9382,7.8885,7.9232,139095.41000000027,1.0,0.0,0.0
2016-01-06,15:03:00,7.922000000000001,7.9482,7.9083,7.9332,327773.7600000003,1.0,0.0,0.0
2016-01-06,15:10:00,7.9332,7.9632,7.9282,7.9582,743214.2500000005,1.0,0.0,0.0
2016-01-06,15:17:00,7.9616,7.9781,7.9616,7.9732,82259.06000000055,1.0,0.0,0.0
2016-01-06,15:24:00,7.9732,7.9781,7.9332,7.9432,701853.7000000004,1.0,0.0,0.0
2016-01-06,15:31:00,7.9382,7.9482,7.9182,7.9332,648476.8100000005,1.0,0.0,0.0
2016-01-06,15:38:00,7.9282,7.9482,7.9192,7.9382,324856.9000000005,1.0,0.0,0.0
2016-01-06,15:45:00,7.9382,7.9532,7.9232,7.9432,475847.6000000005,1.0,0.0,0.0
2016-01-06,15:52:00,7.9432,7.9482,7.9282,7.942,820467.7000000005,1.0,0.0,0.0
2016-01-06,15:59:00,7.9382,7.9482,7.9282,7.9382,908786.0000000007,1.0,0.0,0.0
2016-01-07,09:36:00,8.2178,8.3027,8.2078,8.2767,2140817.000000001,1.0,0.0,0.0
2016-01-07,09:43:00,8.2677,8.3776,8.2677,8.2977,1311658.100000001,1.0,0.0,0.0
2016-01-07,09:50:00,8.3077,8.3875,8.2877,8.3576,1661729.8000000012,1.0,0.0,0.0
2016-01-07,09:57:00,8.3576,8.3676,8.2477,8.3626,2140771.1000000015,1.0,0.0,0.0
2016-01-07,10:04:00,8.3676,8.4175,8.3576,8.4076,1272096.1000000015,1.0,0.0,0.0
2016-01-07,10:11:00,8.4145,8.5173,8.3975,8.4924,1622031.8000000014,1.0,0.0,0.0
2016-01-07,10:18:00,8.4924,8.5373,8.4474,8.4824,1680749.5000000014,1.0,0.0,0.0
2016-01-07,10:25:00,8.4824,8.488,8.4175,8.4425,1133255.9000000013,1.0,0.0,0.0
2016-01-07,10:32:00,8.4474,8.4774,8.4375,8.4425,497112.70000000147,1.0,0.0,0.0
2016-01-07,10:39:00,8.4425,8.4724,8.3776,8.3825,698301.9000000013,1.0,0.0,0.0
2016-01-07,10:46:00,8.3875,8.3975,8.3376,8.3875,1723564.8000000012,1.0,0.0,0.0
2016-01-07,10:53:00,8.3875,8.4774,8.3726,8.4624,929267.2000000012,1.0,0.0,0.0
2016-01-07,11:00:00,8.4674,8.4674,8.4375,8.4425,439727.10000000114,1.0,0.0,0.0
2016-01-07,11:07:00,8.4425,8.4474,8.4275,8.4425,306450.60000000114,1.0,0.0,0.0
2016-01-07,11:14:00,8.4474,8.4474,8.3975,8.4175,356116.0700000012,1.0,0.0,0.0
2016-01-07,11:21:00,8.4125,8.4474,8.4075,8.4375,241765.80000000107,1.0,0.0,0.0
2016-01-07,11:28:00,8.4375,8.4375,8.3925,8.4075,309695.30000000115,1.0,0.0,0.0
2016-01-07,11:35:00,8.4075,8.4375,8.4063,8.4325,326046.40000000125,1.0,0.0,0.0
2016-01-07,11:42:00,8.4375,8.4724,8.4325,8.4674,305142.5000000013,1.0,0.0,0.0
2016-01-07,11:49:00,8.4674,8.4974,8.4574,8.4874,541541.3000000012,1.0,0.0,0.0
2016-01-07,11:56:00,8.4874,8.5124,8.4784,8.4974,348622.00000000116,1.0,0.0,0.0
2016-01-07,12:03:00,8.5074,8.5074,8.4874,8.4874,133882.55000000115,1.0,0.0,0.0
2016-01-07,12:10:00,8.4924,8.5173,8.4874,8.5173,203530.03000000116,1.0,0.0,0.0
2016-01-07,12:17:00,8.5074,8.5473,8.5074,8.5374,431719.00000000116,1.0,0.0,0.0
2016-01-07,12:24:00,8.5373,8.5673,8.5273,8.5673,407213.6000000013,1.0,0.0,0.0
2016-01-07,12:31:00,8.5673,8.6372,8.5673,8.6222,683824.7000000014,1.0,0.0,0.0
2016-01-07,12:38:00,8.6272,8.6272,8.5573,8.5673,433977.1000000013,1.0,0.0,0.0
2016-01-07,12:45:00,8.5673,8.5723,8.5373,8.5723,274688.6200000013,1.0,0.0,0.0
2016-01-07,12:52:00,8.5723,8.6072,8.5723,8.5872,174026.20000000135,1.0,0.0,0.0
2016-01-07,12:59:00,8.5872,8.6571,8.5773,8.6271,666263.1000000013,1.0,0.0,0.0
2016-01-07,13:06:00,8.6372,8.6771,8.6172,8.6472,449141.4000000014,1.0,0.0,0.0
2016-01-07,13:13:00,8.6473,8.6671,8.6322,8.6472,605591.5000000014,1.0,0.0,0.0
2016-01-07,13:20:00,8.6373,8.6471,8.6072,8.6222,390848.50000000146,1.0,0.0,0.0
2016-01-07,13:27:00,8.6222,8.6372,8.5972,8.6172,371749.60000000143,1.0,0.0,0.0
2016-01-07,13:34:00,8.6222,8.6372,8.5972,8.6022,331191.0900000015,1.0,0.0,0.0
2016-01-07,13:41:00,8.6022,8.6472,8.5972,8.6372,395786.1100000016,1.0,0.0,0.0
2016-01-07,13:48:00,8.6372,8.6422,8.6222,8.6222,375876.23000000167,1.0,0.0,0.0
2016-01-07,13:55:00,8.6184,8.6571,8.6172,8.6372,690653.6600000017,1.0,0.0,0.0
2016-01-07,14:02:00,8.6372,8.6961,8.6372,8.6961,321203.1000000016,1.0,0.0,0.0
2016-01-07,14:09:00,8.6971,8.737,8.6871,8.732000000000001,413139.8000000017,1.0,0.0,0.0
2016-01-07,14:16:00,8.727,8.767000000000001,8.727,8.7392,730680.1000000016,1.0,0.0,0.0
2016-01-07,14:23:00,8.747,8.767000000000001,8.717,8.722000000000001,320124.97000000166,1.0,0.0,0.0
2016-01-07,14:30:00,8.727,8.777000000000001,8.717,8.757,409807.5000000017,1.0,0.0,0.0
2016-01-07,14:37:00,8.757,8.767000000000001,8.7295,8.762,299644.6500000016,1.0,0.0,0.0
2016-01-07,14:44:00,8.762,8.8159,8.747,8.8069,789607.5000000017,1.0,0.0,0.0
2016-01-07,14:51:00,8.8069,8.8169,8.757,8.757,452839.4900000015,1.0,0.0,0.0
2016-01-07,14:58:00,8.762,8.8169,8.757,8.7997,272502.30000000156,1.0,0.0,0.0
2016-01-07,15:05:00,8.7969,8.8069,8.777000000000001,8.782,426155.8000000015,1.0,0.0,0.0
2016-01-07,15:12:00,8.782,8.7869,8.737,8.747,671285.0700000013,1.0,0.0,0.0
2016-01-07,15:19:00,8.752,8.767000000000001,8.737,8.752,636998.4000000014,1.0,0.0,0.0
2016-01-07,15:26:00,8.752,8.7869,8.747,8.782,242811.87000000154,1.0,0.0,0.0
2016-01-07,15:33:00,8.7869,8.7869,8.727,8.729,488412.2000000015,1.0,0.0,0.0
2016-01-07,15:40:00,8.727,8.747,8.6971,8.6971,534506.9000000015,1.0,0.0,0.0
2016-01-07,15:47:00,8.6971,8.707,8.6671,8.6871,1318842.4000000015,1.0,0.0,0.0
2016-01-07,15:54:00,8.6871,8.727,8.6871,8.7121,1039320.0000000016,1.0,0.0,0.0
2016-01-08,09:31:00,8.7071,8.737,8.3776,8.4774,1906689.9000000013,1.0,0.0,0.0
2016-01-08,09:38:00,8.4874,8.6671,8.4674,8.6671,1845858.0000000014,1.0,0.0,0.0
2016-01-08,09:45:00,8.6671,8.6771,8.5773,8.5822,651318.8000000014,1.0,0.0,0.0
2016-01-08,09:52:00,8.5773,8.5872,8.4874,8.4974,1284729.7000000014,1.0,0.0,0.0
2016-01-08,09:59:00,8.4974,8.5273,8.4225,8.5223,627819.5000000014,1.0,0.0,0.0
2016-01-08,10:06:00,8.5273,8.5949,8.5173,8.5473,513151.60000000126,1.0,0.0,0.0
2016-01-08,10:13:00,8.5473,8.5872,8.5273,8.5473,317425.0000000013,1.0,0.0,0.0
2016-01-08,10:20:00,8.5473,8.5673,8.4674,8.4874,418734.40000000125,1.0,0.0,0.0
2016-01-08,10:27:00,8.4974,8.5373,8.4873,8.4974,619183.4000000012,1.0,0.0,0.0
2016-01-08,10:34:00,8.5074,8.5074,8.4574,8.4824,434249.80000000115,1.0,0.0,0.0
2016-01-08,10:41:00,8.4824,8.5273,8.4774,8.5074,334179.90000000125,1.0,0.0,0.0
2016-01-08,10:48:00,8.4975,8.5273,8.4974,8.5273,195591.12000000122,1.0,0.0,0.0
2016-01-08,10:55:00,8.5173,8.5458,8.4824,8.4874,375545.3000000012,1.0,0.0,0.0
2016-01-08,11:02:00,8.4874,8.4974,8.4674,8.4974,340446.1000000012,1.0,0.0,0.0
2016-01-08,11:09:00,8.4924,8.5024,8.4724,8.4874,367925.6800000012,1.0,0.0,0.0
2016-01-08,11:16:00,8.4974,8.4974,8.4774,8.4928,288000.35000000114,1.0,0.0,0.0
2016-01-08,11:23:00,8.4934,8.5173,8.4774,8.4915,332654.5100000012,1.0,0.0,0.0
2016-01-08,11:30:00,8.4874,8.5173,8.4774,8.5024,227971.3000000013,1.0,0.0,0.0
2016-01-08,11:37:00,8.5024,8.5773,8.4974,8.5573,711762.4000000013,1.0,0.0,0.0
2016-01-08,11:44:00,8.5523,8.5573,8.5173,8.5173,298226.5000000014,1.0,0.0,0.0
2016-01-08,11:51:00,8.5173,8.5273,8.4974,8.5272,266888.0500000014,1.0,0.0,0.0
2016-01-08,11:58:00,8.5273,8.5473,8.4774,8.4974,295100.9000000014,1.0,0.0,0.0
2016-01-08,12:05:00,8.4874,8.4974,8.4674,8.4774,292121.40000000136,1.0,0.0,0.0
2016-01-08,12:12:00,8.4674,8.4874,8.4674,8.4774,180729.23000000144,1.0,0.0,0.0
2016-01-08,12:19:00,8.4784,8.4874,8.4674,8.4724,132573.80000000147,1.0,0.0,0.0
2016-01-08,12:26:00,8.4674,8.4974,8.4596,8.4874,628024.1600000014,1.0,0.0,0.0
2016-01-08,12:33:00,8.4924,8.5124,8.4774,8.4904,435403.66000000143,1.0,0.0,0.0
2016-01-08,12:40:00,8.4887,8.5074,8.4874,8.4874,98064.4700000014,1.0,0.0,0.0
2016-01-08,12:47:00,8.4874,8.4924,8.4175,8.4275,232101.3600000014,1.0,0.0,0.0
2016-01-08,12:54:00,8.4275,8.4325,8.3776,8.3825,224768.61000000138,1.0,0.0,0.0
2016-01-08,13:01:00,8.3776,8.4375,8.3776,8.4075,177854.7700000013,1.0,0.0,0.0
2016-01-08,13:08:00,8.4075,8.4175,8.3676,8.3825,285082.9000000013,1.0,0.0,0.0
2016-01-08,13:15:00,8.3825,8.3975,8.3676,8.3726,409235.9000000013,1.0,0.0,0.0
2016-01-08,13:22:00,8.3676,8.3677,8.3077,8.3226,408321.14000000135,1.0,0.0,0.0
2016-01-08,13:29:00,8.3276,8.3476,8.2877,8.3326,313431.8600000014,1.0,0.0,0.0
2016-01-08,13:36:00,8.3326,8.3476,8.3126,8.3176,335867.10000000143,1.0,0.0,0.0
2016-01-08,13:43:00,8.3126,8.3126,8.2777,8.3027,402823.4200000013,1.0,0.0,0.0
2016-01-08,13:50:00,8.3027,8.3077,8.2877,8.2927,85446.80000000134,1.0,0.0,0.0
2016-01-08,13:57:00,8.2977,8.3077,8.2777,8.2827,256674.2500000014,1.0,0.0,0.0
2016-01-08,14:04:00,8.2777,8.3576,8.2777,8.3176,204862.70000000135,1.0,0.0,0.0
2016-01-08,14:11:00,8.3226,8.3276,8.3077,8.3077,123676.52000000134,1.0,0.0,0.0
2016-01-08,14:18:00,8.3077,8.3676,8.2977,8.3476,187618.45000000132,1.0,0.0,0.0
2016-01-08,14:25:00,8.3573,8.3975,8.3476,8.3677,149337.60000000132,1.0,0.0,0.0
2016-01-08,14:32:00,8.3776,8.4175,8.3676,8.3825,183594.50000000128,1.0,0.0,0.0
2016-01-08,14:39:00,8.3776,8.3874,8.3376,8.3576,230050.37000000136,1.0,0.0,0.0
2016-01-08,14:46:00,8.3626,8.4075,8.3476,8.3875,104709.27000000139,1.0,0.0,0.0
2016-01-08,14:53:00,8.3875,8.3925,8.3576,8.3776,80198.0700000014,1.0,0.0,0.0
2016-01-08,15:00:00,8.3776,8.3975,8.3576,8.3825,179265.1300000014,1.0,0.0,0.0
2016-01-08,15:07:00,8.3875,8.3875,8.3676,8.3776,329003.7800000014,1.0,0.0,0.0
2016-01-08,15:14:00,8.3776,8.3875,8.3576,8.3676,185023.43000000145,1.0,0.0,0.0
2016-01-08,15:21:00,8.3676,8.3975,8.3676,8.3975,378270.7600000014,1.0,0.0,0.0
2016-01-08,15:28:00,8.3974,8.3975,8.3476,8.3476,219822.81000000145,1.0,0.0,0.0
2016-01-08,15:35:00,8.3551,8.4075,8.3476,8.3825,429549.2000000014,1.0,0.0,0.0
2016-01-08,15:42:00,8.3776,8.3875,8.3676,8.3726,349060.3000000014,1.0,0.0,0.0
2016-01-08,15:49:00,8.3776,8.3975,8.3676,8.3875,745091.1000000014,1.0,0.0,0.0
2016-01-08,15:56:00,8.3875,8.3875,8.3776,8.3776,872061.5000000014,1.0,0.0,0.0
2016-01-11,09:33:00,8.3825,8.4474,8.3776,8.3975,1118299.2000000014,1.0,0.0,0.0
2016-01-11,09:40:00,8.4075,8.4673,8.3875,8.4425,561302.8000000014,1.0,0.0,0.0
2016-01-11,09:47:00,8.4375,8.5074,8.4375,8.5024,644770.2000000016,1.0,0.0,0.0
2016-01-11,09:54:00,8.5074,8.5074,8.4474,8.4774,318321.2000000016,1.0,0.0,0.0
2016-01-11,10:01:00,8.4774,8.4774,8.3875,8.3975,557924.5000000016,1.0,0.0,0.0
2016-01-11,10:08:00,8.3975,8.4175,8.3376,8.3476,529740.3000000017,1.0,0.0,0.0
2016-01-11,10:15:00,8.3476,8.3576,8.2378,8.2577,927551.5000000016,1.0,0.0,0.0
2016-01-11,10:22:00,8.2577,8.2677,8.1579,8.158,795101.3000000018,1.0,0.0,0.0
2016-01-11,10:29:00,8.1579,8.2527,8.1579,8.2128,533025.6000000017,1.0,0.0,0.0
2016-01-11,10:36:00,8.2178,8.2477,8.1878,8.2368,288803.40000000177,1.0,0.0,0.0
2016-01-11,10:43:00,8.2278,8.2378,8.1778,8.2178,552864.2000000017,1.0,0.0,0.0
2016-01-11,10:50:00,8.2178,8.2378,8.1778,8.2178,446686.70000000164,1.0,0.0,0.0
2016-01-11,10:57:00,8.2178,8.2977,8.2178,8.2428,859650.7000000016,1.0,0.0,0.0
2016-01-11,11:04:00,8.2477,8.3176,8.2431,8.3077,619515.9000000017,1.0,0.0,0.0
2016-01-11,11:11:00,8.2987,8.3476,8.2777,8.2977,538000.4000000017,1.0,0.0,0.0
2016-01-11,11:18:00,8.2977,8.2977,8.2378,8.2428,353564.57000000164,1.0,0.0,0.0
2016-01-11,11:25:00,8.2428,8.2977,8.2378,8.2877,275311.6000000016,1.0,0.0,0.0
2016-01-11,11:32:00,8.2827,8.3077,8.2577,8.2977,325162.40000000165,1.0,0.0,0.0
2016-01-11,11:39:00,8.2977,8.2977,8.2278,8.2278,292084.40000000165,1.0,0.0,0.0
2016-01-11,11:46:00,8.2278,8.2478,8.2078,8.2178,165289.3200000016,1.0,0.0,0.0
2016-01-11,11:53:00,8.2179,8.2253,8.1679,8.2178,251972.00000000154,1.0,0.0,0.0
2016-01-11,12:00:00,8.2178,8.2477,8.2078,8.2378,146379.17000000153,1.0,0.0,0.0
2016-01-11,12:07:00,8.2278,8.2289,8.1579,8.1579,441290.63000000146,1.0,0.0,0.0
2016-01-11,12:14:00,8.1579,8.1778,8.1379,8.1429,426561.0500000015,1.0,0.0,0.0
2016-01-11,12:21:00,8.1412,8.1778,8.1179,8.1479,337092.05000000156,1.0,0.0,0.0
2016-01-11,12:28:00,8.1478,8.1828,8.1379,8.1679,215399.57000000152,1.0,0.0,0.0
2016-01-11,12:35:00,8.1778,8.1878,8.1179,8.118,186206.3000000015,1.0,0.0,0.0
2016-01-11,12:42:00,8.1279,8.1629,8.107999999999999,8.1146,294032.30000000144,1.0,0.0,0.0
2016-01-11,12:49:00,8.107999999999999,8.1828,8.107999999999999,8.1729,395036.40000000154,1.0,0.0,0.0
2016-01-11,12:56:00,8.1679,8.1778,8.1179,8.1279,453195.3000000014,1.0,0.0,0.0
2016-01-11,13:03:00,8.1229,8.1279,8.097999999999999,8.097999999999999,330636.60000000143,1.0,0.0,0.0
2016-01-11,13:10:00,8.097999999999999,8.107999999999999,8.058,8.062999999999999,546389.3000000013,1.0,0.0,0.0
2016-01-11,13:17:00,8.058,8.068,7.9781,8.058,886598.8000000012,1.0,0.0,0.0
2016-01-11,13:24:00,8.058,8.078,7.9981,8.0031,431687.3000000012,1.0,0.0,0.0
2016-01-11,13:31:00,8.0081,8.0281,7.9382,7.9632,731675.700000001,1.0,0.0,0.0
2016-01-11,13:38:00,7.9632,8.048,7.9482,8.043,422300.500000001,1.0,0.0,0.0
2016-01-11,13:45:00,8.043,8.048,8.0181,8.0181,149295.53000000105,1.0,0.0,0.0
2016-01-11,13:52:00,8.0181,8.058,7.9981,8.0315,204323.00000000105,1.0,0.0,0.0
2016-01-11,13:59:00,8.0331,8.078,8.0281,8.052999999999999,219448.49000000107,1.0,0.0,0.0
2016-01-11,14:06:00,8.058,8.068,8.0281,8.052999999999999,152395.09000000102,1.0,0.0,0.0
2016-01-11,14:13:00,8.058,8.1629,8.048,8.1279,335765.73000000103,1.0,0.0,0.0
2016-01-11,14:20:00,8.1279,8.1279,8.088,8.101,142036.6900000011,1.0,0.0,0.0
2016-01-11,14:27:00,8.103,8.1179,8.078,8.107999999999999,178823.28000000113,1.0,0.0,0.0
2016-01-11,14:34:00,8.107999999999999,8.1229,8.088,8.088,119618.54000000117,1.0,0.0,0.0
2016-01-11,14:41:00,8.083,8.083,8.0381,8.058,486581.58000000106,1.0,0.0,0.0
2016-01-11,14:48:00,8.062999999999999,8.1179,8.062999999999999,8.088,154338.96000000104,1.0,0.0,0.0
2016-01-11,14:55:00,8.088,8.097999999999999,8.058,8.078,184441.59000000104,1.0,0.0,0.0
2016-01-11,15:02:00,8.078,8.1479,8.078,8.1379,223063.00000000108,1.0,0.0,0.0
2016-01-11,15:09:00,8.1379,8.1579,8.107999999999999,8.1279,174922.5700000011,1.0,0.0,0.0
2016-01-11,15:16:00,8.1179,8.1479,8.097999999999999,8.1279,162656.31000000113,1.0,0.0,0.0
2016-01-11,15:23:00,8.1279,8.1279,8.088,8.1179,223565.7000000011,1.0,0.0,0.0
2016-01-11,15:30:00,8.1129,8.1379,8.097999999999999,8.1279,294466.900000001,1.0,0.0,0.0
2016-01-11,15:37:00,8.1279,8.1778,8.107999999999999,8.1679,526400.800000001,1.0,0.0,0.0
2016-01-11,15:44:00,8.1679,8.1778,8.1379,8.1679,449230.00000000093,1.0,0.0,0.0
2016-01-11,15:51:00,8.1629,8.1679,8.1479,8.1629,367546.40000000084,1.0,0.0,0.0
2016-01-11,15:58:00,8.1579,8.1679,8.1479,8.1579,511751.4000000009,1.0,0.0,0.0
2016-01-12,09:35:00,8.1529,8.1579,7.7984,7.8084,1718942.0000000007,1.0,0.0,0.0
2016-01-12,09:42:00,7.8084,7.8983,7.7984,7.8184,1117524.7000000007,1.0,0.0,0.0
2016-01-12,09:49:00,7.8218,7.8284,7.7585,7.8284,762439.7000000007,1.0,0.0,0.0
2016-01-12,09:56:00,7.8184,7.9082,7.8184,7.8783,359769.4000000006,1.0,0.0,0.0
2016-01-12,10:03:00,7.8733,7.8783,7.8034,7.8583,330772.7000000006,1.0,0.0,0.0
2016-01-12,10:10:00,7.8633,7.8933,7.8085,7.8633,328211.3500000007,1.0,0.0,0.0
2016-01-12,10:17:00,7.8583,7.8883,7.8184,7.8384,315562.2000000007,1.0,0.0,0.0
2016-01-12,10:24:00,7.8384,7.8483,7.7635,7.7734,410353.7000000007,1.0,0.0,0.0
2016-01-12,10:31:00,7.7734,7.7784,7.7185,7.7685,468040.1000000007,1.0,0.0,0.0
2016-01-12,10:38:00,7.7585,7.7847,7.7085,7.7285,518675.5000000008,1.0,0.0,0.0
2016-01-12,10:45:00,7.7285,7.7385,7.6986,7.6986,370530.60000000085,1.0,0.0,0.0
2016-01-12,10:52:00,7.6986,7.7585,7.6986,7.7485,258237.1000000008,1.0,0.0,0.0
2016-01-12,10:59:00,7.7484,7.7685,7.7285,7.7685,437402.9000000008,1.0,0.0,0.0
2016-01-12,11:06:00,7.7585,7.8184,7.7485,7.7685,333496.7100000007,1.0,0.0,0.0
2016-01-12,11:13:00,7.7685,7.8084,7.7685,7.8084,564572.6000000007,1.0,0.0,0.0
2016-01-12,11:20:00,7.7997,7.8084,7.7784,7.7987,386019.70000000065,1.0,0.0,0.0
2016-01-12,11:27:00,7.7984,7.8284,7.7834,7.8184,485682.9000000007,1.0,0.0,0.0
2016-01-12,11:34:00,7.8184,7.8284,7.8017,7.8184,223484.61000000074,1.0,0.0,0.0
2016-01-12,11:41:00,7.8184,7.8184,7.7535,7.7934,313858.0400000007,1.0,0.0,0.0
2016-01-12,11:48:00,7.7934,7.8184,7.7884,7.8084,376905.5500000007,1.0,0.0,0.0
2016-01-12,11:55:00,7.8084,7.8284,7.7984,7.8084,326474.06000000064,1.0,0.0,0.0
2016-01-12,12:02:00,7.8134,7.8184,7.7884,7.7884,252287.24000000054,1.0,0.0,0.0
2016-01-12,12:09:00,7.7834,7.8234,7.7834,7.8134,210677.70000000054,1.0,0.0,0.0
2016-01-12,12:16:00,7.8084,7.8783,7.7984,7.8733,307740.4000000006,1.0,0.0,0.0
2016-01-12,12:23:00,7.8783,7.8783,7.8583,7.8683,385327.62000000064,1.0,0.0,0.0
2016-01-12,12:30:00,7.8683,7.9082,7.8384,7.9082,175296.0400000006,1.0,0.0,0.0
2016-01-12,12:37:00,7.9082,7.9082,7.8384,7.8583,184701.10000000062,1.0,0.0,0.0
2016-01-12,12:44:00,7.8583,7.8683,7.8184,7.8184,172129.4200000006,1.0,0.0,0.0
2016-01-12,12:51:00,7.8184,7.8284,7.7934,7.7984,155776.1000000006,1.0,0.0,0.0
2016-01-12,12:58:00,7.7984,7.8084,7.7585,7.7984,160411.9200000006,1.0,0.0,0.0
2016-01-12,13:05:00,7.7984,7.8184,7.7685,7.7685,107867.11000000058,1.0,0.0,0.0
2016-01-12,13:12:00,7.7685,7.7784,7.7485,7.7585,176742.1400000006,1.0,0.0,0.0
2016-01-12,13:19:00,7.7535,7.7784,7.7486,7.7685,117739.64000000057,1.0,0.0,0.0
2016-01-12,13:26:00,7.7685,7.7685,7.7285,7.7395,199167.56000000055,1.0,0.0,0.0
2016-01-12,13:33:00,7.7385,7.7485,7.7185,7.7285,77350.77000000054,1.0,0.0,0.0
2016-01-12,13:40:00,7.7285,7.7784,7.7185,7.7784,137986.77000000054,1.0,0.0,0.0
2016-01-12,13:47:00,7.7784,7.8284,7.7685,7.8184,256316.19000000047,1.0,0.0,0.0
2016-01-12,13:54:00,7.8184,7.8384,7.8084,7.8234,63418.210000000494,1.0,0.0,0.0
2016-01-12,14:01:00,7.8234,7.8683,7.8084,7.8284,133749.47000000053,1.0,0.0,0.0
2016-01-12,14:08:00,7.8284,7.8284,7.7884,7.8084,272425.10000000056,1.0,0.0,0.0
2016-01-12,14:15:00,7.7984,7.8084,7.7784,7.7884,341166.8000000004,1.0,0.0,0.0
2016-01-12,14:22:00,7.7884,7.8284,7.7585,7.8284,737226.0900000003,1.0,0.0,0.0
2016-01-12,14:29:00,7.8284,7.8284,7.8084,7.8134,465901.2600000004,1.0,0.0,0.0
2016-01-12,14:36:00,7.8184,7.8274,7.7884,7.7894,232083.30000000042,1.0,0.0,0.0
2016-01-12,14:43:00,7.7885,7.7949,7.7585,7.7585,729877.1200000006,1.0,0.0,0.0
2016-01-12,14:50:00,7.7585,7.7834,7.7485,7.7485,301097.4900000006,1.0,0.0,0.0
2016-01-12,14:57:00,7.7485,7.8234,7.7385,7.8184,227400.50000000067,1.0,0.0,0.0
2016-01-12,15:04:00,7.8184,7.8384,7.7984,7.8284,127321.83000000071,1.0,0.0,0.0
2016-01-12,15:11:00,7.8284,7.8583,7.8134,7.8583,304280.8000000007,1.0,0.0,0.0
2016-01-12,15:18:00,7.8533,7.8883,7.8384,7.8883,185099.61000000068,1.0,0.0,0.0
2016-01-12,15:25:00,7.8783,7.9332,7.8683,7.9282,333795.9900000007,1.0,0.0,0.0
2016-01-12,15:32:00,7.9282,7.9482,7.9082,7.9082,331714.12000000064,1.0,0.0,0.0
2016-01-12,15:39:00,7.9132,7.9382,7.9082,7.9182,577692.0000000006,1.0,0.0,0.0
2016-01-12,15:46:00,7.9282,7.9582,7.9182,7.9282,695061.0000000007,1.0,0.0,0.0
2016-01-12,15:53:00,7.9282,7.9382,7.9182,7.9232,419786.4000000006,1.0,0.0,0.0
2016-01-13,09:30:00,7.9232,7.9282,7.7884,7.8199,1410830.4000000006,1.0,0.0,0.0
2016-01-13,09:37:00,7.8284,8.0081,7.8234,8.0031,498602.20000000054,1.0,0.0,0.0
2016-01-13,09:44:00,7.9981,8.1679,7.9781,8.1579,752757.9000000004,1.0,0.0,0.0
2016-01-13,09:51:00,8.1579,8.2178,8.1479,8.18,782698.2000000004,1.0,0.0,0.0
2016-01-13,09:58:00,8.1778,8.2378,8.1479,8.1479,566022.4000000003,1.0,0.0,0.0
2016-01-13,10:05:00,8.1479,8.1878,8.088,8.107999999999999,546048.9000000004,1.0,0.0,0.0
2016-01-13,10:12:00,8.1139,8.1279,8.0181,8.058,325522.0000000004,1.0,0.0,0.0
2016-01-13,10:19:00,8.068,8.078,7.9779,7.9881,440278.30000000045,1.0,0.0,0.0
2016-01-13,10:26:00,7.9831,7.9831,7.8883,7.9582,495023.40000000043,1.0,0.0,0.0
2016-01-13,10:33:00,7.9672,7.9781,7.9082,7.9232,508208.7000000003,1.0,0.0,0.0
2016-01-13,10:40:00,7.9282,7.9582,7.8883,7.9182,325891.5000000003,1.0,0.0,0.0
2016-01-13,10:47:00,7.9132,8.058,7.9082,8.048,577803.0000000002,1.0,0.0,0.0
2016-01-13,10:54:00,8.0381,8.097999999999999,8.0281,8.068,372953.49000000034,1.0,0.0,0.0
2016-01-13,11:01:00,8.073,8.088,8.0181,8.0231,360902.5000000003,1.0,0.0,0.0
2016-01-13,11:08:00,8.0181,8.0281,7.9781,8.0131,346638.3000000004,1.0,0.0,0.0
2016-01-13,11:15:00,8.0081,8.097999999999999,7.9831,8.078,874835.3000000003,1.0,0.0,0.0
2016-01-13,11:22:00,8.073,8.093,8.062999999999999,8.062999999999999,236547.9000000003,1.0,0.0,0.0
2016-01-13,11:29:00,8.068,8.073,7.9831,7.9881,298783.3500000003,1.0,0.0,0.0
2016-01-13,11:36:00,7.9881,8.048,7.9582,8.048,240311.6000000003,1.0,0.0,0.0
2016-01-13,11:43:00,8.043,8.048,7.9981,8.0181,161576.6100000003,1.0,0.0,0.0
2016-01-13,11:50:00,8.0181,8.0181,7.9682,7.9881,207185.3100000003,1.0,0.0,0.0
2016-01-13,11:57:00,7.9881,8.0281,7.9682,8.0081,201649.19000000035,1.0,0.0,0.0
2016-01-13,12:04:00,8.0081,8.068,8.0081,8.048,170661.19000000035,1.0,0.0,0.0
2016-01-13,12:11:00,8.052999999999999,8.058,8.0081,8.0081,227385.50000000035,1.0,0.0,0.0
2016-01-13,12:18:00,8.0081,8.0381,7.9981,8.0381,148956.0800000003,1.0,0.0,0.0
2016-01-13,12:25:00,8.0331,8.052999999999999,8.0281,8.043,186199.27400000033,1.0,0.0,0.0
2016-01-13,12:32:00,8.043,8.062999999999999,8.0081,8.0181,166721.30000000028,1.0,0.0,0.0
2016-01-13,12:39:00,8.0181,8.0381,8.0081,8.0131,65494.120000000265,1.0,0.0,0.0
2016-01-13,12:46:00,7.9981,8.0081,7.9881,7.9881,92477.18000000028,1.0,0.0,0.0
2016-01-13,12:53:00,7.9981,7.9981,7.9482,7.9582,193531.09000000035,1.0,0.0,0.0
2016-01-13,13:00:00,7.9582,7.9756,7.9482,7.9582,129728.5000000003,1.0,0.0,0.0
2016-01-13,13:07:00,7.9672,7.9672,7.9132,7.9482,142912.0500000003,1.0,0.0,0.0
2016-01-13,13:14:00,7.9482,7.9682,7.8983,7.9182,211531.9000000003,1.0,0.0,0.0
2016-01-13,13:21:00,7.9182,7.9282,7.8783,7.8883,189133.69000000032,1.0,0.0,0.0
2016-01-13,13:28:00,7.8983,7.9182,7.8783,7.8882,196372.3900000003,1.0,0.0,0.0
2016-01-13,13:35:00,7.8883,7.8983,7.8583,7.8583,127391.96000000036,1.0,0.0,0.0
2016-01-13,13:42:00,7.8583,7.8583,7.8234,7.8285,180384.54000000033,1.0,0.0,0.0
2016-01-13,13:49:00,7.8334,7.9282,7.8284,7.9082,306999.9000000004,1.0,0.0,0.0
2016-01-13,13:56:00,7.9132,7.9482,7.8384,7.8933,1263274.3000000005,1.0,0.0,0.0
2016-01-13,14:03:00,7.8883,7.9582,7.8483,7.9382,1058536.7000000004,1.0,0.0,0.0
2016-01-13,14:10:00,7.9382,7.9981,7.9332,7.9881,366287.4100000004,1.0,0.0,0.0
2016-01-13,14:17:00,7.9881,8.058,7.9732,8.048,450382.5000000004,1.0,0.0,0.0
2016-01-13,14:24:00,8.048,8.048,7.9881,8.048,298959.65000000043,1.0,0.0,0.0
2016-01-13,14:31:00,8.048,8.078,8.0131,8.048,357498.87000000046,1.0,0.0,0.0
2016-01-13,14:38:00,8.0466,8.068,8.0181,8.0231,278117.7000000004,1.0,0.0,0.0
2016-01-13,14:45:00,8.0231,8.0381,7.9981,8.0081,245364.17000000036,1.0,0.0,0.0
2016-01-13,14:52:00,8.0081,8.0081,7.9582,7.9781,236660.10000000036,1.0,0.0,0.0
2016-01-13,14:59:00,7.978,7.9981,7.9682,7.9732,157675.09000000035,1.0,0.0,0.0
2016-01-13,15:06:00,7.9781,7.9781,7.9432,7.9482,205274.52000000037,1.0,0.0,0.0
2016-01-13,15:13:00,7.9432,7.9881,7.9382,7.9582,283403.5000000004,1.0,0.0,0.0
2016-01-13,15:20:00,7.9631,7.9981,7.9482,7.9682,167113.93000000043,1.0,0.0,0.0
2016-01-13,15:27:00,7.9582,7.9881,7.9482,7.9532,141665.15000000037,1.0,0.0,0.0
2016-01-13,15:34:00,7.9482,8.0081,7.9432,7.9931,954178.2000000003,1.0,0.0,0.0
2016-01-13,15:41:00,7.9981,8.0281,7.9881,8.0281,351728.8000000002,1.0,0.0,0.0
2016-01-13,15:48:00,8.0231,8.0381,8.0181,8.0282,393937.7000000003,1.0,0.0,0.0
2016-01-13,15:55:00,8.0381,8.058,8.0281,8.0381,591687.4000000003,1.0,0.0,0.0
2016-01-14,09:32:00,8.0381,8.043,7.8683,7.9482,910598.9000000001,1.0,0.0,0.0
2016-01-14,09:39:00,7.9482,8.0081,7.8783,7.8983,785664.6000000004,1.0,0.0,0.0
2016-01-14,09:46:00,7.8983,7.9482,7.8983,7.9482,1120455.0000000007,1.0,0.0,0.0
2016-01-14,09:53:00,7.9432,8.0181,7.9382,8.0131,282523.20000000065,1.0,0.0,0.0
2016-01-14,10:00:00,8.0181,8.068,7.9981,8.0281,892719.9000000005,1.0,0.0,0.0
2016-01-14,10:07:00,8.0281,8.058,8.0081,8.0281,406581.8000000004,1.0,0.0,0.0
2016-01-14,10:14:00,8.0181,8.0181,7.9033,7.9082,454804.60000000044,1.0,0.0,0.0
2016-01-14,10:21:00,7.9082,7.9132,7.8084,7.8085,533788.2000000004,1.0,0.0,0.0
2016-01-14,10:28:00,7.8102,7.8144,7.6986,7.6986,1079386.3000000003,1.0,0.0,0.0
2016-01-14,10:35:00,7.6986,7.7085,7.6137,7.6486,1558109.5,1.0,0.0,0.0
2016-01-14,10:42:00,7.6386,7.6586,7.5887,7.6076,667421.3,1.0,0.0,0.0
2016-01-14,10:49:00,7.6087,7.7184,7.6057,7.6736,417196.79999999993,1.0,0.0,0.0
2016-01-14,10:56:00,7.6686,7.6886,7.6237,7.6596,421561.8,1.0,0.0,0.0
2016-01-14,11:03:00,7.6686,7.7185,7.6586,7.6686,365467.2,1.0,0.0,0.0
2016-01-14,11:10:00,7.6686,7.6786,7.6386,7.6586,354355.9,1.0,0.0,0.0
2016-01-14,11:17:00,7.6586,7.6886,7.6386,7.6486,486998.6,1.0,0.0,0.0
2016-01-14,11:24:00,7.6586,7.6786,7.6386,7.6586,227483.49,1.0,0.0,0.0
2016-01-14,11:31:00,7.6536,7.6686,7.6187,7.6386,331274.6,1.0,0.0,0.0
2016-01-14,11:38:00,7.6386,7.6786,7.6386,7.6585,192842.0599999999,1.0,0.0,0.0
2016-01-14,11:45:00,7.6536,7.6586,7.6087,7.6486,578579.5199999999,1.0,0.0,0.0
2016-01-14,11:52:00,7.6436,7.6586,7.6386,7.6486,85402.69999999995,1.0,0.0,0.0
2016-01-14,11:59:00,7.6386,7.6586,7.6386,7.6536,185103.68999999992,1.0,0.0,0.0
2016-01-14,12:06:00,7.6536,7.6586,7.6187,7.6312,404726.5299999999,1.0,0.0,0.0
2016-01-14,12:13:00,7.6347,7.6386,7.6087,7.6237,152348.0529999999,1.0,0.0,0.0
2016-01-14,12:20:00,7.6233,7.6386,7.6187,7.6237,187243.7099999999,1.0,0.0,0.0
2016-01-14,12:27:00,7.6237,7.6386,7.5787,7.5787,496095.9999999999,1.0,0.0,0.0
2016-01-14,12:34:00,7.5887,7.5887,7.5488,7.5688,180465.67999999993,1.0,0.0,0.0
2016-01-14,12:41:00,7.5688,7.5787,7.5388,7.5388,203607.15899999996,1.0,0.0,0.0
2016-01-14,12:48:00,7.5388,7.5688,7.5288,7.5438,438634.59,1.0,0.0,0.0
2016-01-14,12:55:00,7.5388,7.5488,7.4889,7.5088,445016.19999999995,1.0,0.0,0.0
2016-01-14,13:02:00,7.5088,7.5188,7.4889,7.4889,264295.1699999999,1.0,0.0,0.0
2016-01-14,13:09:00,7.4889,7.5088,7.4689,7.4889,611462.7,1.0,0.0,0.0
2016-01-14,13:16:00,7.4889,7.5088,7.4889,7.4989,298697.72,1.0,0.0,0.0
2016-01-14,13:23:00,7.4889,7.4989,7.428999999999999,7.434,461420.89999999997,1.0,0.0,0.0
2016-01-14,13:30:00,7.428999999999999,7.4789,7.428999999999999,7.4589,311971.81000000006,1.0,0.0,0.0
2016-01-14,13:37:00,7.4589,7.4989,7.4489,7.4539,375765.50000000006,1.0,0.0,0.0
2016-01-14,13:44:00,7.4489,7.4789,7.4389,7.4439,281893.20000000007,1.0,0.0,0.0
2016-01-14,13:51:00,7.4488,7.4789,7.4414,7.4739,373670.38000000006,1.0,0.0,0.0
2016-01-14,13:58:00,7.4689,7.4989,7.4589,7.4889,224713.34000000008,1.0,0.0,0.0
2016-01-14,14:05:00,7.4804,7.5387,7.4789,7.5088,269675.33999999997,1.0,0.0,0.0
2016-01-14,14:12:00,7.5088,7.5388,7.5088,7.5288,205406.76,1.0,0.0,0.0
2016-01-14,14:19:00,7.5288,7.5288,7.4689,7.4789,346218.89999999997,1.0,0.0,0.0
2016-01-14,14:26:00,7.4789,7.5488,7.4689,7.5338,253312.89999999997,1.0,0.0,0.0
2016-01-14,14:33:00,7.5338,7.5787,7.5188,7.5588,231396.21,1.0,0.0,0.0
2016-01-14,14:40:00,7.5588,7.5688,7.5288,7.5388,159132.0999999999,1.0,0.0,0.0
2016-01-14,14:47:00,7.5438,7.5887,7.5388,7.5638,154112.6299999999,1.0,0.0,0.0
2016-01-14,14:54:00,7.5638,7.5688,7.5388,7.5388,145881.39999999988,1.0,0.0,0.0
2016-01-14,15:01:00,7.5388,7.5688,7.5388,7.5588,399363.3199999999,1.0,0.0,0.0
2016-01-14,15:08:00,7.5638,7.5688,7.5288,7.5288,132218.2399999999,1.0,0.0,0.0
2016-01-14,15:15:00,7.5338,7.5688,7.5288,7.5688,161821.09999999992,1.0,0.0,0.0
2016-01-14,15:22:00,7.5688,7.5937,7.5538,7.5788,550566.7,1.0,0.0,0.0
2016-01-14,15:29:00,7.5887,7.6087,7.5688,7.5887,186438.62999999983,1.0,0.0,0.0
2016-01-14,15:36:00,7.5937,7.5937,7.5488,7.5638,326091.7999999999,1.0,0.0,0.0
2016-01-14,15:43:00,7.5638,7.5987,7.5588,7.5987,482890.4999999999,1.0,0.0,0.0
2016-01-14,15:50:00,7.5937,7.6087,7.5688,7.5987,373100.39999999997,1.0,0.0,0.0
2016-01-14,15:57:00,7.5987,7.5987,7.5588,7.5638,641137.7999999999,1.0,0.0,0.0
2016-01-15,09:34:00,7.5688,8.0081,7.5588,7.8783,2429411.9999999995,1.0,0.0,0.0
2016-01-15,09:41:00,7.8783,7.9781,7.8384,7.9781,1005500.3999999997,1.0,0.0,0.0
2016-01-15,09:48:00,7.9781,8.0081,7.9132,7.9682,869522.1999999998,1.0,0.0,0.0
2016-01-15,09:55:00,7.9682,8.0281,7.9482,8.0231,1049002.4,1.0,0.0,0.0
2016-01-15,10:02:00,8.0281,8.0281,7.9682,7.9981,616526.8999999998,1.0,0.0,0.0
2016-01-15,10:09:00,7.9931,8.0081,7.8783,7.8983,1071016.6999999997,1.0,0.0,0.0
2016-01-15,10:16:00,7.8884,7.9744,7.8583,7.9682,1468941.6999999997,1.0,0.0,0.0
2016-01-15,10:23:00,7.9682,7.9781,7.8583,7.8733,1624693.0999999999,1.0,0.0,0.0
2016-01-15,10:30:00,7.8783,7.9082,7.8384,7.8384,1309472.8999999997,1.0,0.0,0.0
2016-01-15,10:37:00,7.8384,7.8533,7.7685,7.7784,749666.9999999998,1.0,0.0,0.0
2016-01-15,10:44:00,7.7784,7.9082,7.7585,7.8883,727451.8999999999,1.0,0.0,0.0
2016-01-15,10:51:00,7.8883,7.9781,7.8883,7.9282,546897.7999999998,1.0,0.0,0.0
2016-01-15,10:58:00,7.9382,7.9582,7.8983,7.9282,320103.8799999999,1.0,0.0,0.0
2016-01-15,11:05:00,7.9272,7.9282,7.8483,7.8783,481706.19999999984,1.0,0.0,0.0
2016-01-15,11:12:00,7.8733,7.9182,7.8683,7.9042,695475.1999999998,1.0,0.0,0.0
2016-01-15,11:19:00,7.8983,7.9082,7.8783,7.8983,479155.2999999997,1.0,0.0,0.0
2016-01-15,11:26:00,7.8983,7.9033,7.8783,7.8933,501817.79999999976,1.0,0.0,0.0
2016-01-15,11:33:00,7.8933,7.8983,7.8483,7.8883,431010.19999999984,1.0,0.0,0.0
2016-01-15,11:40:00,7.8833,7.9082,7.8783,7.8883,297450.3999999998,1.0,0.0,0.0
2016-01-15,11:47:00,7.8883,7.9082,7.8683,7.8983,190486.60999999987,1.0,0.0,0.0
2016-01-15,11:54:00,7.8883,7.9082,7.8783,7.8884,182247.42999999982,1.0,0.0,0.0
2016-01-15,12:01:00,7.8883,7.9082,7.8783,7.8983,259870.6399999998,1.0,0.0,0.0
2016-01-15,12:08:00,7.8933,7.9082,7.8683,7.8783,127710.41999999978,1.0,0.0,0.0
2016-01-15,12:15:00,7.8783,7.9282,7.8733,7.9282,208350.0999999998,1.0,0.0,0.0
2016-01-15,12:22:00,7.9282,7.9682,7.9282,7.9682,320136.89999999973,1.0,0.0,0.0
2016-01-15,12:29:00,7.9682,7.9781,7.9183,7.9507,248484.79999999984,1.0,0.0,0.0
2016-01-15,12:36:00,7.9482,7.9881,7.8983,7.8983,434972.8399999998,1.0,0.0,0.0
2016-01-15,12:43:00,7.8983,7.9082,7.8583,7.8883,295513.39999999985,1.0,0.0,0.0
2016-01-15,12:50:00,7.8833,7.8983,7.8483,7.8883,189091.38999999984,1.0,0.0,0.0
2016-01-15,12:57:00,7.8883,7.8883,7.8299,7.8384,178962.48999999982,1.0,0.0,0.0
2016-01-15,13:04:00,7.8384,7.8783,7.8384,7.8783,1024981.1999999998,1.0,0.0,0.0
2016-01-15,13:11:00,7.8783,7.9282,7.8734,7.8783,287994.2999999999,1.0,0.0,0.0
2016-01-15,13:18:00,7.8783,7.9282,7.8683,7.9132,297032.59999999986,1.0,0.0,0.0
2016-01-15,13:25:00,7.9082,7.9482,7.9082,7.9232,273896.3999999998,1.0,0.0,0.0
2016-01-15,13:32:00,7.9182,7.9682,7.9082,7.9682,313432.39999999985,1.0,0.0,0.0
2016-01-15,13:39:00,7.9582,7.9654,7.92,7.9482,255197.49999999983,1.0,0.0,0.0
2016-01-15,13:46:00,7.9432,7.9482,7.8783,7.9472,310104.0999999998,1.0,0.0,0.0
2016-01-15,13:53:00,7.9482,7.9483,7.8783,7.9033,318792.9999999998,1.0,0.0,0.0
2016-01-15,14:00:00,7.8983,7.9264,7.8483,7.8983,546049.0999999997,1.0,0.0,0.0
2016-01-15,14:07:00,7.8933,7.9182,7.8783,7.8983,418536.87999999983,1.0,0.0,0.0
2016-01-15,14:14:00,7.8883,7.9082,7.8683,7.9082,655085.2999999999,1.0,0.0,0.0
2016-01-15,14:21:00,7.8984,7.9082,7.8783,7.8833,130995.37999999983,1.0,0.0,0.0
2016-01-15,14:28:00,7.8783,7.9082,7.8683,7.8883,410631.69999999984,1.0,0.0,0.0
2016-01-15,14:35:00,7.8884,7.8983,7.8583,7.8583,148404.20999999985,1.0,0.0,0.0
2016-01-15,14:42:00,7.8633,7.8883,7.8284,7.8593,307190.85999999987,1.0,0.0,0.0
2016-01-15,14:49:00,7.8583,7.8783,7.8384,7.8483,535407.8999999999,1.0,0.0,0.0
2016-01-15,14:56:00,7.8483,7.8583,7.8384,7.8483,142001.66999999987,1.0,0.0,0.0
2016-01-15,15:03:00,7.8483,7.8683,7.8384,7.8533,320286.3199999999,1.0,0.0,0.0
2016-01-15,15:10:00,7.8483,7.9082,7.8483,7.8833,534933.0999999999,1.0,0.0,0.0
2016-01-15,15:17:00,7.8833,7.9182,7.8683,7.9182,772515.4999999999,1.0,0.0,0.0
2016-01-15,15:24:00,7.9182,7.9282,7.8683,7.8883,568533.5,1.0,0.0,0.0
2016-01-15,15:31:00,7.8833,7.9132,7.8683,7.8883,443477.10000000003,1.0,0.0,0.0
2016-01-15,15:38:00,7.8983,7.9082,7.8733,7.8933,303009.70000000007,1.0,0.0,0.0
2016-01-15,15:45:00,7.8884,7.9082,7.8783,7.9081,1077007.36,1.0,0.0,0.0
2016-01-15,15:52:00,7.9033,7.9182,7.8883,7.9082,1330149.7000000004,1.0,0.0,0.0
2016-01-15,15:59:00,7.9033,7.9082,7.8833,7.8883,1457592.3000000003,1.0,0.0,0.0
2016-01-19,09:36:00,7.9482,7.9682,7.7734,7.7984,1112275.0000000002,1.0,0.0,0.0
2016-01-19,09:43:00,7.7984,7.7984,7.6337,7.6686,1590003.5000000002,1.0,0.0,0.0
2016-01-19,09:50:00,7.6686,7.7884,7.6586,7.7535,2035080.0,1.0,0.0,0.0
2016-01-19,09:57:00,7.7585,7.8184,7.7385,7.7794,497215.7000000002,1.0,0.0,0.0
2016-01-19,10:04:00,7.7884,7.7884,7.6386,7.6436,729561.8800000001,1.0,0.0,0.0
2016-01-19,10:11:00,7.6386,7.6686,7.5887,7.6486,1636427.8000000003,1.0,0.0,0.0
2016-01-19,10:18:00,7.6486,7.6761,7.6287,7.6436,550099.1000000003,1.0,0.0,0.0
2016-01-19,10:25:00,7.6386,7.6661,7.5787,7.5787,571317.5000000003,1.0,0.0,0.0
2016-01-19,10:32:00,7.5787,7.6486,7.5688,7.6486,894611.8300000003,1.0,0.0,0.0
2016-01-19,10:39:00,7.6486,7.6586,7.5688,7.5987,794063.6000000003,1.0,0.0,0.0
2016-01-19,10:46:00,7.5987,7.6486,7.5887,7.6237,495075.7000000002,1.0,0.0,0.0
2016-01-19,10:53:00,7.6287,7.6337,7.5887,7.5887,221454.4200000002,1.0,0.0,0.0
2016-01-19,11:00:00,7.5987,7.6187,7.5788,7.5788,722911.8000000003,1.0,0.0,0.0
2016-01-19,11:07:00,7.5887,7.6087,7.5588,7.5588,1137246.4000000004,1.0,0.0,0.0
2016-01-19,11:14:00,7.5588,7.5688,7.5388,7.5488,400972.3000000004,1.0,0.0,0.0
2016-01-19,11:21:00,7.5588,7.5688,7.5088,7.5388,381034.6600000004,1.0,0.0,0.0
2016-01-19,11:28:00,7.5388,7.5538,7.5088,7.5288,263278.6000000003,1.0,0.0,0.0
2016-01-19,11:35:00,7.5288,7.5445,7.4889,7.4889,146852.76000000024,1.0,0.0,0.0
2016-01-19,11:42:00,7.4989,7.5088,7.4689,7.4889,238732.20000000024,1.0,0.0,0.0
2016-01-19,11:49:00,7.4989,7.5688,7.4789,7.5688,579647.4000000003,1.0,0.0,0.0
2016-01-19,11:56:00,7.5688,7.5837,7.5288,7.5638,881111.6000000002,1.0,0.0,0.0
2016-01-19,12:03:00,7.5688,7.5688,7.542999999999999,7.5538,189202.78000000026,1.0,0.0,0.0
2016-01-19,12:10:00,7.5588,7.5638,7.5088,7.5188,415941.5000000003,1.0,0.0,0.0
2016-01-19,12:17:00,7.5089,7.5188,7.4789,7.489,235495.5000000003,1.0,0.0,0.0
2016-01-19,12:24:00,7.4939,7.5388,7.4789,7.5288,251596.23000000027,1.0,0.0,0.0
2016-01-19,12:31:00,7.5188,7.5288,7.4589,7.5288,394488.53000000026,1.0,0.0,0.0
2016-01-19,12:38:00,7.5288,7.5488,7.4889,7.5188,235841.91000000024,1.0,0.0,0.0
2016-01-19,12:45:00,7.5288,7.5787,7.4889,7.5787,229164.10000000033,1.0,0.0,0.0
2016-01-19,12:52:00,7.5787,7.6187,7.5688,7.5987,235843.90000000037,1.0,0.0,0.0
2016-01-19,12:59:00,7.5987,7.6037,7.5688,7.5987,274734.59000000043,1.0,0.0,0.0
2016-01-19,13:06:00,7.5987,7.5987,7.5588,7.5987,239944.90000000037,1.0,0.0,0.0
2016-01-19,13:13:00,7.5887,7.6187,7.5588,7.6187,149715.10000000044,1.0,0.0,0.0
2016-01-19,13:20:00,7.6187,7.6586,7.6137,7.6486,192823.0400000004,1.0,0.0,0.0
2016-01-19,13:27:00,7.6486,7.6636,7.6287,7.6287,148179.9400000004,1.0,0.0,0.0
2016-01-19,13:34:00,7.6199,7.6199,7.5787,7.5887,193376.8000000004,1.0,0.0,0.0
2016-01-19,13:41:00,7.5887,7.6087,7.5588,7.6087,210059.5300000004,1.0,0.0,0.0
2016-01-19,13:48:00,7.5987,7.6037,7.5588,7.5787,177521.41000000044,1.0,0.0,0.0
2016-01-19,13:55:00,7.5787,7.5887,7.5288,7.5388,257931.60000000044,1.0,0.0,0.0
2016-01-19,14:02:00,7.5338,7.5488,7.5188,7.5488,194653.8100000005,1.0,0.0,0.0
2016-01-19,14:09:00,7.5488,7.5688,7.5288,7.5588,438031.97000000055,1.0,0.0,0.0
2016-01-19,14:16:00,7.5588,7.5688,7.5288,7.5588,331136.41000000056,1.0,0.0,0.0
2016-01-19,14:23:00,7.5588,7.5588,7.5188,7.5188,143355.75000000058,1.0,0.0,0.0
2016-01-19,14:30:00,7.5287,7.5288,7.4789,7.4889,249817.60000000056,1.0,0.0,0.0
2016-01-19,14:37:00,7.4989,7.4989,7.4389,7.4489,246677.97000000055,1.0,0.0,0.0
2016-01-19,14:44:00,7.4389,7.4689,7.4389,7.4589,150580.4800000005,1.0,0.0,0.0
2016-01-19,14:51:00,7.4589,7.4589,7.399,7.404,246930.5300000005,1.0,0.0,0.0
2016-01-19,14:58:00,7.399,7.419,7.374,7.4049,330176.1000000005,1.0,0.0,0.0
2016-01-19,15:05:00,7.409,7.4389,7.379,7.409,229038.80000000057,1.0,0.0,0.0
2016-01-19,15:12:00,7.409,7.4389,7.399,7.434,185482.2200000005,1.0,0.0,0.0
2016-01-19,15:19:00,7.434,7.4689,7.419,7.4389,231522.4800000005,1.0,0.0,0.0
2016-01-19,15:26:00,7.4389,7.4389,7.409,7.428999999999999,212782.8000000005,1.0,0.0,0.0
2016-01-19,15:33:00,7.428999999999999,7.4989,7.419,7.4939,397762.7000000005,1.0,0.0,0.0
2016-01-19,15:40:00,7.4939,7.5388,7.4889,7.5138,497007.80000000045,1.0,0.0,0.0
2016-01-19,15:47:00,7.5138,7.5388,7.4889,7.5288,805128.2000000004,1.0,0.0,0.0
2016-01-19,15:54:00,7.5388,7.5987,7.5288,7.5488,1737121.7000000002,1.0,0.0,0.0
2016-01-20,09:31:00,7.5488,7.8883,7.5388,7.8783,3464478.0,1.0,0.0,0.0
2016-01-20,09:38:00,7.8783,8.0281,7.8384,7.9582,1800692.6,1.0,0.0,0.0
2016-01-20,09:45:00,7.9582,7.9981,7.9082,7.9182,663500.3000000002,1.0,0.0,0.0
2016-01-20,09:52:00,7.9182,7.9282,7.8683,7.8733,567938.0300000003,1.0,0.0,0.0
2016-01-20,09:59:00,7.8733,7.9082,7.8683,7.8783,777642.0000000002,1.0,0.0,0.0
2016-01-20,10:06:00,7.8783,7.8983,7.7984,7.8284,688831.8000000002,1.0,0.0,0.0
2016-01-20,10:13:00,7.8284,7.8384,7.7884,7.8034,508330.6000000002,1.0,0.0,0.0
2016-01-20,10:20:00,7.8034,7.8084,7.7784,7.7984,341037.60000000027,1.0,0.0,0.0
2016-01-20,10:27:00,7.7984,7.8783,7.7984,7.8384,457334.03000000026,1.0,0.0,0.0
2016-01-20,10:34:00,7.8384,7.8783,7.8332,7.8683,328168.0000000002,1.0,0.0,0.0
2016-01-20,10:41:00,7.8683,7.8783,7.8284,7.8583,651339.5000000002,1.0,0.0,0.0
2016-01-20,10:48:00,7.8583,7.8683,7.7884,7.7984,632486.6000000001,1.0,0.0,0.0
2016-01-20,10:55:00,7.7984,7.8384,7.7884,7.8234,430967.4,1.0,0.0,0.0
2016-01-20,11:02:00,7.8284,7.8384,7.8084,7.8334,230468.85000000006,1.0,0.0,0.0
2016-01-20,11:09:00,7.8334,7.8783,7.8184,7.8533,388392.50000000006,1.0,0.0,0.0
2016-01-20,11:16:00,7.8533,7.9082,7.8483,7.9033,432432.5,1.0,0.0,0.0
2016-01-20,11:23:00,7.9082,7.9282,7.8783,7.8783,661081.0999999999,1.0,0.0,0.0
2016-01-20,11:30:00,7.8833,7.8883,7.8583,7.8733,321476.9999999999,1.0,0.0,0.0
2016-01-20,11:37:00,7.8733,7.8783,7.8583,7.8733,122143.17999999982,1.0,0.0,0.0
2016-01-20,11:44:00,7.8783,7.8883,7.8749,7.8833,610639.73,1.0,0.0,0.0
2016-01-20,11:51:00,7.8882,7.9282,7.8783,7.9181,223807.06000000006,1.0,0.0,0.0
2016-01-20,11:58:00,7.9082,7.9182,7.8783,7.8973,327311.76,1.0,0.0,0.0
2016-01-20,12:05:00,7.8933,7.9082,7.8783,7.8983,329417.5,1.0,0.0,0.0
2016-01-20,12:12:00,7.8983,7.9282,7.8883,7.9282,320764.04000000004,1.0,0.0,0.0
2016-01-20,12:19:00,7.9282,7.9332,7.8983,7.9182,165959.32999999993,1.0,0.0,0.0
2016-01-20,12:26:00,7.9182,7.9582,7.9082,7.9282,273825.7999999999,1.0,0.0,0.0
2016-01-20,12:33:00,7.9342,7.9382,7.8983,7.9282,121312.93999999984,1.0,0.0,0.0
2016-01-20,12:40:00,7.9382,7.9981,7.9282,7.9831,536260.9999999999,1.0,0.0,0.0
2016-01-20,12:47:00,7.9831,7.9881,7.9482,7.9582,149342.59999999992,1.0,0.0,0.0
2016-01-20,12:54:00,7.9482,7.9582,7.8993,7.9382,237128.85999999996,1.0,0.0,0.0
2016-01-20,13:01:00,7.9282,7.978,7.9082,7.9393,548138.8,1.0,0.0,0.0
2016-01-20,13:08:00,7.9482,7.9956,7.9232,7.9931,772834.2000000001,1.0,0.0,0.0
2016-01-20,13:15:00,7.9881,7.9981,7.9781,7.9881,185162.8300000002,1.0,0.0,0.0
2016-01-20,13:22:00,7.9881,8.0081,7.9781,8.0081,345060.3600000002,1.0,0.0,0.0
2016-01-20,13:29:00,8.0021,8.058,8.0021,8.058,940760.1200000003,1.0,0.0,0.0
2016-01-20,13:36:00,8.048,8.088,8.048,8.077,318346.4000000002,1.0,0.0,0.0
2016-01-20,13:43:00,8.078,8.1129,8.068,8.1129,764995.2000000003,1.0,0.0,0.0
2016-01-20,13:50:00,8.1129,8.1579,8.078,8.107999999999999,539443.3000000004,1.0,0.0,0.0
2016-01-20,13:57:00,8.097999999999999,8.1279,8.078,8.107999999999999,537497.1000000004,1.0,0.0,0.0
2016-01-20,14:04:00,8.1129,8.1479,8.1129,8.1229,328845.18000000034,1.0,0.0,0.0
2016-01-20,14:11:00,8.1229,8.1279,8.078,8.093,495988.9000000003,1.0,0.0,0.0
2016-01-20,14:18:00,8.097999999999999,8.1479,8.0781,8.1379,340078.70000000024,1.0,0.0,0.0
2016-01-20,14:25:00,8.1329,8.2378,8.1279,8.2178,488498.50000000023,1.0,0.0,0.0
2016-01-20,14:32:00,8.2178,8.2378,8.2078,8.2178,352703.3000000003,1.0,0.0,0.0
2016-01-20,14:39:00,8.2178,8.2278,8.1978,8.2128,352642.25000000023,1.0,0.0,0.0
2016-01-20,14:46:00,8.2128,8.2178,8.1778,8.1878,250915.4000000002,1.0,0.0,0.0
2016-01-20,14:53:00,8.1778,8.1878,8.1279,8.1379,312644.92000000016,1.0,0.0,0.0
2016-01-20,15:00:00,8.1379,8.2078,8.107999999999999,8.2028,313472.1000000002,1.0,0.0,0.0
2016-01-20,15:07:00,8.2028,8.2078,8.1579,8.1679,251048.60000000012,1.0,0.0,0.0
2016-01-20,15:14:00,8.1579,8.1778,8.1579,8.1679,442624.60000000015,1.0,0.0,0.0
2016-01-20,15:21:00,8.1679,8.2278,8.1579,8.1878,871227.8000000003,1.0,0.0,0.0
2016-01-20,15:28:00,8.1878,8.1978,8.1579,8.1679,384522.5000000002,1.0,0.0,0.0
2016-01-20,15:35:00,8.1769,8.1978,8.1679,8.168,363769.0000000001,1.0,0.0,0.0
2016-01-20,15:42:00,8.1778,8.1778,8.1479,8.1679,461196.6000000002,1.0,0.0,0.0
2016-01-20,15:49:00,8.1679,8.1754,8.107999999999999,8.107999999999999,633071.0,1.0,0.0,0.0
2016-01-20,15:56:00,8.107999999999999,8.1279,8.097999999999999,8.097999999999999,691237.3,1.0,0.0,0.0
2016-01-21,09:33:00,8.097999999999999,8.1179,7.9082,7.9083,1607883.6,1.0,0.0,0.0
2016-01-21,09:40:00,7.9082,7.9382,7.8284,7.8783,535459.2000000001,1.0,0.0,0.0
2016-01-21,09:47:00,7.8683,7.9282,7.8583,7.8933,536677.0000000001,1.0,0.0,0.0
2016-01-21,09:54:00,7.8883,7.9182,7.8783,7.8983,627458.4000000001,1.0,0.0,0.0
2016-01-21,10:01:00,7.8983,7.8983,7.8184,7.8483,342710.4300000002,1.0,0.0,0.0
2016-01-21,10:08:00,7.8433,7.8783,7.8433,7.8783,344981.5100000002,1.0,0.0,0.0
2016-01-21,10:15:00,7.8783,7.9482,7.8683,7.9282,296990.60000000027,1.0,0.0,0.0
2016-01-21,10:22:00,7.9282,7.9282,7.8783,7.8983,376966.2000000001,1.0,0.0,0.0
2016-01-21,10:29:00,7.8983,7.9282,7.8783,7.9232,346093.4400000001,1.0,0.0,0.0
2016-01-21,10:36:00,7.9182,7.9257,7.8583,7.8783,570415.9000000001,1.0,0.0,0.0
2016-01-21,10:43:00,7.8783,7.9182,7.8483,7.9082,633171.6000000002,1.0,0.0,0.0
2016-01-21,10:50:00,7.9082,7.9082,7.8483,7.8583,507389.90000000014,1.0,0.0,0.0
2016-01-21,10:57:00,7.8583,7.8833,7.8084,7.8084,558014.3000000003,1.0,0.0,0.0
2016-01-21,11:04:00,7.8084,7.8983,7.8084,7.8883,568434.9000000003,1.0,0.0,0.0
2016-01-21,11:11:00,7.8883,7.9182,7.8783,7.8983,389637.1000000003,1.0,0.0,0.0
2016-01-21,11:18:00,7.8983,7.8983,7.8433,7.8783,533488.2000000002,1.0,0.0,0.0
2016-01-21,11:25:00,7.8763,7.9082,7.8683,7.9082,266827.9000000002,1.0,0.0,0.0
2016-01-21,11:32:00,7.9082,7.9082,7.8883,7.9033,187882.80000000022,1.0,0.0,0.0
2016-01-21,11:39:00,7.9082,7.9082,7.8883,7.9082,171147.90000000017,1.0,0.0,0.0
2016-01-21,11:46:00,7.9082,7.9182,7.8883,7.8883,138036.86000000016,1.0,0.0,0.0
2016-01-21,11:53:00,7.8883,7.9682,7.8883,7.9582,290404.7000000001,1.0,0.0,0.0
2016-01-21,12:00:00,7.9582,8.0271,7.9582,7.9881,284745.40000000014,1.0,0.0,0.0
2016-01-21,12:07:00,7.9882,8.0181,7.9881,8.0081,142212.09000000014,1.0,0.0,0.0
2016-01-21,12:14:00,8.0081,8.068,7.9981,8.0231,229687.90000000017,1.0,0.0,0.0
2016-01-21,12:21:00,8.0281,8.078,8.0181,8.068,433287.40000000014,1.0,0.0,0.0
2016-01-21,12:28:00,8.068,8.068,8.0381,8.0381,100752.49000000025,1.0,0.0,0.0
2016-01-21,12:35:00,8.0381,8.078,8.0381,8.0382,203976.71000000022,1.0,0.0,0.0
2016-01-21,12:42:00,8.043,8.068,8.0381,8.068,126637.9700000002,1.0,0.0,0.0
2016-01-21,12:49:00,8.068,8.078,8.048,8.078,208083.6500000002,1.0,0.0,0.0
2016-01-21,12:56:00,8.078,8.1179,8.0739,8.107999999999999,324956.90000000014,1.0,0.0,0.0
2016-01-21,13:03:00,8.107999999999999,8.1279,8.088,8.093,571695.9700000001,1.0,0.0,0.0
2016-01-21,13:10:00,8.089,8.1179,8.088,8.1129,204327.1200000001,1.0,0.0,0.0
2016-01-21,13:17:00,8.109,8.1379,8.097999999999999,8.107999999999999,325879.41000000015,1.0,0.0,0.0
2016-01-21,13:24:00,8.107999999999999,8.1179,8.088,8.1179,181054.60000000015,1.0,0.0,0.0
2016-01-21,13:31:00,8.1179,8.1778,8.107999999999999,8.1679,373053.9000000001,1.0,0.0,0.0
2016-01-21,13:38:00,8.1589,8.2078,8.1379,8.2028,349026.6000000001,1.0,0.0,0.0
2016-01-21,13:45:00,8.2078,8.2178,8.1878,8.2078,159800.08000000007,1.0,0.0,0.0
2016-01-21,13:52:00,8.2078,8.2278,8.2078,8.2128,115428.1600000001,1.0,0.0,0.0
2016-01-21,13:59:00,8.2128,8.2777,8.2078,8.2477,768817.1000000002,1.0,0.0,0.0
2016-01-21,14:06:00,8.2477,8.2777,8.2378,8.2527,198029.71000000022,1.0,0.0,0.0
2016-01-21,14:13:00,8.2577,8.2877,8.2328,8.2378,582044.4000000001,1.0,0.0,0.0
2016-01-21,14:20:00,8.2378,8.2428,8.1878,8.2028,353923.1200000001,1.0,0.0,0.0
2016-01-21,14:27:00,8.2078,8.2378,8.1379,8.1579,222336.9000000001,1.0,0.0,0.0
2016-01-21,14:34:00,8.1579,8.2178,8.1429,8.2178,607719.4000000001,1.0,0.0,0.0
2016-01-21,14:41:00,8.2178,8.2977,8.1978,8.2877,383661.1000000002,1.0,0.0,0.0
2016-01-21,14:48:00,8.2877,8.2977,8.2777,8.2877,316307.30000000016,1.0,0.0,0.0
2016-01-21,14:55:00,8.2877,8.3276,8.2777,8.2977,395028.4500000003,1.0,0.0,0.0
2016-01-21,15:02:00,8.2977,8.3077,8.2577,8.2977,527275.6800000003,1.0,0.0,0.0
2016-01-21,15:09:00,8.2877,8.3077,8.2278,8.2477,547499.9000000004,1.0,0.0,0.0
2016-01-21,15:16:00,8.2477,8.2577,8.2378,8.2577,309860.1400000004,1.0,0.0,0.0
2016-01-21,15:23:00,8.2577,8.2777,8.2477,8.2777,178460.72000000047,1.0,0.0,0.0
2016-01-21,15:30:00,8.2777,8.3176,8.2677,8.3126,638963.5000000005,1.0,0.0,0.0
2016-01-21,15:37:00,8.3077,8.3077,8.2877,8.2927,196561.64000000048,1.0,0.0,0.0
2016-01-21,15:44:00,8.2927,8.3276,8.2877,8.3226,463075.13000000047,1.0,0.0,0.0
2016-01-21,15:51:00,8.3126,8.3376,8.2977,8.2977,512753.30000000045,1.0,0.0,0.0
2016-01-21,15:58:00,8.2977,8.3276,8.2977,8.3176,832240.9000000005,1.0,0.0,0.0
2016-01-22,09:35:00,8.3176,8.3576,8.078,8.3476,1746573.0000000005,1.0,0.0,0.0
2016-01-22,09:42:00,8.3476,8.4325,8.1928,8.2228,1171748.1000000006,1.0,0.0,0.0
2016-01-22,09:49:00,8.2178,8.2777,8.2078,8.2477,683753.0000000006,1.0,0.0,0.0
2016-01-22,09:56:00,8.2527,8.4774,8.2477,8.4075,716337.9000000005,1.0,0.0,0.0
2016-01-22,10:03:00,8.4125,8.4125,8.3476,8.3975,473270.79000000056,1.0,0.0,0.0
2016-01-22,10:10:00,8.3975,8.4749,8.3776,8.4175,574043.2000000004,1.0,0.0,0.0
2016-01-22,10:17:00,8.4175,8.5273,8.4175,8.4974,614619.9000000005,1.0,0.0,0.0
2016-01-22,10:24:00,8.4974,8.5473,8.4574,8.4774,614886.8000000005,1.0,0.0,0.0
2016-01-22,10:31:00,8.4774,8.5773,8.4674,8.5773,758488.5000000005,1.0,0.0,0.0
2016-01-22,10:38:00,8.5773,8.6272,8.565,8.5972,975784.5000000006,1.0,0.0,0.0
2016-01-22,10:45:00,8.5972,8.6172,8.4913,8.5273,472230.7000000004,1.0,0.0,0.0
2016-01-22,10:52:00,8.5373,8.5473,8.4574,8.4574,348705.4000000004,1.0,0.0,0.0
2016-01-22,10:59:00,8.4574,8.5074,8.3875,8.4075,313659.4000000004,1.0,0.0,0.0
2016-01-22,11:06:00,8.4174,8.4574,8.3875,8.4075,334311.1000000003,1.0,0.0,0.0
2016-01-22,11:13:00,8.4025,8.4674,8.3975,8.4275,200913.10000000036,1.0,0.0,0.0
2016-01-22,11:20:00,8.4275,8.4774,8.3875,8.4774,320037.1000000004,1.0,0.0,0.0
2016-01-22,11:27:00,8.4774,8.4874,8.4125,8.4175,235740.74000000046,1.0,0.0,0.0
2016-01-22,11:34:00,8.4224,8.4674,8.3975,8.4075,294228.5000000005,1.0,0.0,0.0
2016-01-22,11:41:00,8.4075,8.4075,8.3176,8.3376,422330.2800000005,1.0,0.0,0.0
2016-01-22,11:48:00,8.3354,8.3776,8.3176,8.3176,309882.7000000005,1.0,0.0,0.0
2016-01-22,11:55:00,8.3276,8.3476,8.2627,8.2926,556579.5000000005,1.0,0.0,0.0
2016-01-22,12:02:00,8.2877,8.3626,8.2877,8.3626,305661.2200000005,1.0,0.0,0.0
2016-01-22,12:09:00,8.3626,8.3975,8.3476,8.3975,283272.3000000005,1.0,0.0,0.0
2016-01-22,12:16:00,8.3875,8.4674,8.3874,8.4175,342782.58000000054,1.0,0.0,0.0
2016-01-22,12:23:00,8.4175,8.4874,8.4125,8.4474,214897.93000000046,1.0,0.0,0.0
2016-01-22,12:30:00,8.4474,8.4824,8.4075,8.4375,291786.5000000005,1.0,0.0,0.0
2016-01-22,12:37:00,8.4375,8.4874,8.4375,8.4674,147287.61000000048,1.0,0.0,0.0
2016-01-22,12:44:00,8.4674,8.5173,8.4674,8.5173,362114.2000000005,1.0,0.0,0.0
2016-01-22,12:51:00,8.5074,8.5173,8.4574,8.4974,229619.97000000044,1.0,0.0,0.0
2016-01-22,12:58:00,8.4974,8.5074,8.4774,8.4974,111683.71000000044,1.0,0.0,0.0
2016-01-22,13:05:00,8.4974,8.5398,8.4874,8.5074,320260.2000000004,1.0,0.0,0.0
2016-01-22,13:12:00,8.5173,8.5373,8.4974,8.5024,187434.07000000039,1.0,0.0,0.0
2016-01-22,13:19:00,8.5074,8.5074,8.4774,8.4774,117232.89000000036,1.0,0.0,0.0
2016-01-22,13:26:00,8.4824,8.4824,8.4275,8.4275,142658.74600000036,1.0,0.0,0.0
2016-01-22,13:33:00,8.4275,8.4325,8.3776,8.3825,409884.9000000004,1.0,0.0,0.0
2016-01-22,13:40:00,8.3825,8.4175,8.3776,8.3975,142835.8400000004,1.0,0.0,0.0
2016-01-22,13:47:00,8.3975,8.4175,8.3875,8.4076,140123.90000000043,1.0,0.0,0.0
2016-01-22,13:54:00,8.4075,8.4639,8.4075,8.4639,178128.34000000037,1.0,0.0,0.0
2016-01-22,14:01:00,8.4574,8.4974,8.4574,8.4774,163296.30000000037,1.0,0.0,0.0
2016-01-22,14:08:00,8.4674,8.4774,8.4375,8.4674,209006.0000000004,1.0,0.0,0.0
2016-01-22,14:15:00,8.4724,8.5473,8.4624,8.5273,250829.10000000038,1.0,0.0,0.0
2016-01-22,14:22:00,8.5273,8.5473,8.5173,8.5373,446818.8000000005,1.0,0.0,0.0
2016-01-22,14:29:00,8.5273,8.5373,8.4874,8.4974,252316.30000000048,1.0,0.0,0.0
2016-01-22,14:36:00,8.4874,8.5074,8.4674,8.5074,190630.80000000048,1.0,0.0,0.0
2016-01-22,14:43:00,8.5074,8.5373,8.4874,8.5074,166229.61000000048,1.0,0.0,0.0
2016-01-22,14:50:00,8.4974,8.5173,8.4774,8.5173,172110.31000000046,1.0,0.0,0.0
2016-01-22,14:57:00,8.5124,8.5473,8.5074,8.5273,357022.0000000005,1.0,0.0,0.0
2016-01-22,15:04:00,8.5373,8.5773,8.5373,8.5423,336015.49000000046,1.0,0.0,0.0
2016-01-22,15:11:00,8.5473,8.5773,8.5373,8.5573,336941.9000000004,1.0,0.0,0.0
2016-01-22,15:18:00,8.5573,8.5872,8.5473,8.5864,200414.40000000052,1.0,0.0,0.0
2016-01-22,15:25:00,8.5872,8.6072,8.5773,8.5822,256750.90000000055,1.0,0.0,0.0
2016-01-22,15:32:00,8.5872,8.5972,8.5673,8.5872,360118.71000000054,1.0,0.0,0.0
2016-01-22,15:39:00,8.5872,8.6172,8.5773,8.5972,370155.80000000057,1.0,0.0,0.0
2016-01-22,15:46:00,8.6072,8.6272,8.5573,8.5573,1230142.1000000006,1.0,0.0,0.0
2016-01-22,15:53:00,8.5573,8.5673,8.5473,8.5573,621276.3000000009,1.0,0.0,0.0
2016-01-25,09:30:00,8.5623,8.757,8.5573,8.7021,1281279.500000001,1.0,0.0,0.0
2016-01-25,09:37:00,8.6871,8.8269,8.6771,8.7969,1293901.000000001,1.0,0.0,0.0
2016-01-25,09:44:00,8.8019,8.9667,8.7869,8.9567,1473466.000000001,1.0,0.0,0.0
2016-01-25,09:51:00,8.9567,8.9866,8.8468,8.9767,1546460.800000001,1.0,0.0,0.0
2016-01-25,09:58:00,8.9767,9.1464,8.9767,9.0805,2311160.900000001,1.0,0.0,0.0
2016-01-25,10:05:00,9.0765,9.1763,9.0665,9.1414,2321056.000000001,1.0,0.0,0.0
2016-01-25,10:12:00,9.1464,9.2213,9.0966,9.1314,1215443.2000000011,1.0,0.0,0.0
2016-01-25,10:19:00,9.1264,9.2163,9.1015,9.1764,1383433.7000000011,1.0,0.0,0.0
2016-01-25,10:26:00,9.1764,9.2263,9.1165,9.2163,864610.7000000012,1.0,0.0,0.0
2016-01-25,10:33:00,9.2225,9.2862,9.1065,9.1206,1035497.6000000009,1.0,0.0,0.0
2016-01-25,10:40:00,9.1264,9.1264,9.0665,9.0965,851444.9000000008,1.0,0.0,0.0
2016-01-25,10:47:00,9.0915,9.1664,9.0765,9.1664,899560.2000000009,1.0,0.0,0.0
2016-01-25,10:54:00,9.1577,9.1763,9.0665,9.0665,748847.4000000007,1.0,0.0,0.0
2016-01-25,11:01:00,9.0665,9.1065,9.0665,9.1015,509177.3000000008,1.0,0.0,0.0
2016-01-25,11:08:00,9.0966,9.1514,9.0966,9.1314,557025.8000000007,1.0,0.0,0.0
2016-01-25,11:15:00,9.1264,9.1364,9.0965,9.1249,763739.5000000007,1.0,0.0,0.0
2016-01-25,11:22:00,9.1214,9.1863,9.1115,9.1514,549413.8000000006,1.0,0.0,0.0
2016-01-25,11:29:00,9.1564,9.1863,9.1165,9.1863,460159.70000000077,1.0,0.0,0.0
2016-01-25,11:36:00,9.1863,9.1963,9.1664,9.1863,512412.40000000095,1.0,0.0,0.0
2016-01-25,11:43:00,9.1913,9.2163,9.1664,9.2113,566496.7300000009,1.0,0.0,0.0
2016-01-25,11:50:00,9.2063,9.2762,9.2063,9.2762,668017.8000000009,1.0,0.0,0.0
2016-01-25,11:57:00,9.2736,9.3062,9.2063,9.2263,579225.900000001,1.0,0.0,0.0
2016-01-25,12:04:00,9.2263,9.2562,9.2063,9.2313,374809.20000000094,1.0,0.0,0.0
2016-01-25,12:11:00,9.2363,9.2862,9.2163,9.2662,407607.800000001,1.0,0.0,0.0
2016-01-25,12:18:00,9.2761,9.3062,9.1963,9.2287,297749.8000000009,1.0,0.0,0.0
2016-01-25,12:25:00,9.2363,9.2463,9.2163,9.2263,144704.62000000093,1.0,0.0,0.0
2016-01-25,12:32:00,9.2363,9.2513,9.2063,9.2113,144328.21000000092,1.0,0.0,0.0
2016-01-25,12:39:00,9.2113,9.2363,9.2063,9.2363,190740.98000000097,1.0,0.0,0.0
2016-01-25,12:46:00,9.2363,9.2862,9.2263,9.2712,335005.100000001,1.0,0.0,0.0
2016-01-25,12:53:00,9.2762,9.3062,9.2463,9.2712,385344.80000000104,1.0,0.0,0.0
2016-01-25,13:00:00,9.2712,9.3012,9.2363,9.2912,894716.9000000011,1.0,0.0,0.0
2016-01-25,13:07:00,9.2863,9.3062,9.2662,9.2662,317010.40000000113,1.0,0.0,0.0
2016-01-25,13:14:00,9.2735,9.2762,9.2163,9.2363,644143.000000001,1.0,0.0,0.0
2016-01-25,13:21:00,9.2363,9.2712,9.2263,9.2712,219520.76000000117,1.0,0.0,0.0
2016-01-25,13:28:00,9.2662,9.2762,9.2163,9.2562,226919.6500000012,1.0,0.0,0.0
2016-01-25,13:35:00,9.2562,9.2662,9.1863,9.2513,454945.2000000011,1.0,0.0,0.0
2016-01-25,13:42:00,9.2513,9.2662,9.2313,9.2413,404602.3000000012,1.0,0.0,0.0
2016-01-25,13:49:00,9.2363,9.2463,9.2063,9.2263,309341.25000000116,1.0,0.0,0.0
2016-01-25,13:56:00,9.2263,9.2463,9.2063,9.2263,258159.90000000125,1.0,0.0,0.0
2016-01-25,14:03:00,9.2197,9.2762,9.2163,9.2762,232059.20000000132,1.0,0.0,0.0
2016-01-25,14:10:00,9.2704,9.3162,9.2463,9.3062,379766.4100000014,1.0,0.0,0.0
2016-01-25,14:17:00,9.3062,9.3211,9.2862,9.3129,344206.20000000135,1.0,0.0,0.0
2016-01-25,14:24:00,9.3161,9.3162,9.2662,9.2662,229633.69000000128,1.0,0.0,0.0
2016-01-25,14:31:00,9.2762,9.3162,9.2662,9.2962,238024.14000000127,1.0,0.0,0.0
2016-01-25,14:38:00,9.3012,9.3062,9.2762,9.3062,183190.75000000134,1.0,0.0,0.0
2016-01-25,14:45:00,9.3062,9.3162,9.2562,9.2612,179717.54000000132,1.0,0.0,0.0
2016-01-25,14:52:00,9.2562,9.2662,9.2163,9.2562,276734.18000000133,1.0,0.0,0.0
2016-01-25,14:59:00,9.2514,9.2862,9.2263,9.2662,414124.70000000123,1.0,0.0,0.0
2016-01-25,15:06:00,9.2712,9.2962,9.2465,9.2612,615567.1000000013,1.0,0.0,0.0
2016-01-25,15:13:00,9.2612,9.2662,9.2363,9.2513,209780.24000000127,1.0,0.0,0.0
2016-01-25,15:20:00,9.2562,9.2962,9.2463,9.2662,447756.6000000013,1.0,0.0,0.0
2016-01-25,15:27:00,9.2612,9.2762,9.2463,9.2463,214930.8900000013,1.0,0.0,0.0
2016-01-25,15:34:00,9.2513,9.2513,9.2092,9.2092,466724.3000000012,1.0,0.0,0.0
2016-01-25,15:41:00,9.2064,9.2463,9.1963,9.2413,570012.7000000011,1.0,0.0,0.0
2016-01-25,15:48:00,9.2363,9.2562,9.2163,9.2463,746057.4000000012,1.0,0.0,0.0
2016-01-25,15:55:00,9.2413,9.2463,9.2363,9.2363,599280.8000000011,1.0,0.0,0.0
2016-01-26,09:32:00,9.2463,9.406,9.2363,9.3361,2291185.000000001,1.0,0.0,0.0
2016-01-26,09:39:00,9.3461,9.406,9.2752,9.2762,933296.1000000006,1.0,0.0,0.0
2016-01-26,09:46:00,9.2862,9.366,9.2862,9.3261,479513.70000000054,1.0,0.0,0.0
2016-01-26,09:53:00,9.3261,9.396,9.3211,9.3689,342088.5000000005,1.0,0.0,0.0
2016-01-26,10:00:00,9.3761,9.391,9.3561,9.3861,277256.40000000043,1.0,0.0,0.0
2016-01-26,10:07:00,9.3861,9.396,9.3261,9.3861,596204.8000000004,1.0,0.0,0.0
2016-01-26,10:14:00,9.3862,9.446,9.3861,9.416,755239.5000000006,1.0,0.0,0.0
2016-01-26,10:21:00,9.416,9.451,9.396,9.451,477162.10000000044,1.0,0.0,0.0
2016-01-26,10:28:00,9.4559,9.4859,9.436,9.446,520580.7000000004,1.0,0.0,0.0
2016-01-26,10:35:00,9.446,9.5059,9.446,9.5009,700948.5000000003,1.0,0.0,0.0
2016-01-26,10:42:00,9.4959,9.5059,9.4559,9.4609,870650.0000000007,1.0,0.0,0.0
2016-01-26,10:49:00,9.4559,9.4759,9.3311,9.3561,708672.8000000005,1.0,0.0,0.0
2016-01-26,10:56:00,9.3461,9.396,9.3361,9.396,620405.1000000006,1.0,0.0,0.0
2016-01-26,11:03:00,9.391,9.446,9.3761,9.426,350667.2100000005,1.0,0.0,0.0
2016-01-26,11:10:00,9.421,9.426,9.3561,9.3861,352456.10000000056,1.0,0.0,0.0
2016-01-26,11:17:00,9.396,9.436,9.3761,9.431000000000001,317376.80000000057,1.0,0.0,0.0
2016-01-26,11:24:00,9.4282,9.446,9.3861,9.436,286414.0000000005,1.0,0.0,0.0
2016-01-26,11:31:00,9.446,9.4809,9.426,9.4609,320468.0000000004,1.0,0.0,0.0
2016-01-26,11:38:00,9.4659,9.4709,9.416,9.416,373832.5100000004,1.0,0.0,0.0
2016-01-26,11:45:00,9.416,9.4558,9.416,9.436,258486.40000000037,1.0,0.0,0.0
2016-01-26,11:52:00,9.441,9.4559,9.416,9.416,360708.8000000004,1.0,0.0,0.0
2016-01-26,11:59:00,9.4259,9.4259,9.3761,9.3761,839868.7000000004,1.0,0.0,0.0
2016-01-26,12:06:00,9.3861,9.446,9.3761,9.431000000000001,272121.7000000003,1.0,0.0,0.0
2016-01-26,12:13:00,9.431000000000001,9.4859,9.3861,9.4759,284998.8000000003,1.0,0.0,0.0
2016-01-26,12:20:00,9.4659,9.4959,9.4659,9.4959,419756.80000000034,1.0,0.0,0.0
2016-01-26,12:27:00,9.4959,9.5358,9.4859,9.5358,478452.8000000003,1.0,0.0,0.0
2016-01-26,12:34:00,9.5358,9.5508,9.4859,9.5059,456503.55000000034,1.0,0.0,0.0
2016-01-26,12:41:00,9.5059,9.5258,9.4959,9.4959,193181.50000000035,1.0,0.0,0.0
2016-01-26,12:48:00,9.5034,9.5358,9.4959,9.5258,752181.0000000002,1.0,0.0,0.0
2016-01-26,12:55:00,9.5258,9.5458,9.5159,9.5357,353642.60000000015,1.0,0.0,0.0
2016-01-26,13:02:00,9.5358,9.5358,9.4859,9.5009,330229.1900000001,1.0,0.0,0.0
2016-01-26,13:09:00,9.5059,9.5358,9.4859,9.4859,407825.2400000002,1.0,0.0,0.0
2016-01-26,13:16:00,9.4909,9.5159,9.4859,9.4901,85022.15100000026,1.0,0.0,0.0
2016-01-26,13:23:00,9.4859,9.5458,9.4859,9.5443,186155.10000000024,1.0,0.0,0.0
2016-01-26,13:30:00,9.5408,9.5458,9.4559,9.4559,713583.3000000003,1.0,0.0,0.0
2016-01-26,13:37:00,9.4559,9.4659,9.436,9.446,442437.4000000004,1.0,0.0,0.0
2016-01-26,13:44:00,9.446,9.4659,9.426,9.4609,198781.91000000038,1.0,0.0,0.0
2016-01-26,13:51:00,9.4659,9.4759,9.436,9.4559,415438.5800000004,1.0,0.0,0.0
2016-01-26,13:58:00,9.451,9.4559,9.406,9.416,961677.6900000004,1.0,0.0,0.0
2016-01-26,14:05:00,9.421,9.426,9.396,9.396,419383.4800000005,1.0,0.0,0.0
2016-01-26,14:12:00,9.396,9.406,9.396,9.401,187972.90000000043,1.0,0.0,0.0
2016-01-26,14:19:00,9.406,9.446,9.396,9.436,432882.1900000005,1.0,0.0,0.0
2016-01-26,14:26:00,9.436,9.4659,9.436,9.447000000000001,474809.4000000006,1.0,0.0,0.0
2016-01-26,14:33:00,9.4559,9.4659,9.406,9.416,850784.1000000007,1.0,0.0,0.0
2016-01-26,14:40:00,9.416,9.426,9.406,9.411,297708.00000000076,1.0,0.0,0.0
2016-01-26,14:47:00,9.416,9.441,9.407,9.426,301642.1400000007,1.0,0.0,0.0
2016-01-26,14:54:00,9.426,9.426,9.416,9.421,322271.11000000074,1.0,0.0,0.0
2016-01-26,15:01:00,9.426,9.436,9.416,9.421,201345.63000000073,1.0,0.0,0.0
2016-01-26,15:08:00,9.421,9.4527,9.406,9.4527,354023.8000000007,1.0,0.0,0.0
2016-01-26,15:15:00,9.4525,9.4559,9.446,9.446,255954.7000000007,1.0,0.0,0.0
2016-01-26,15:22:00,9.446,9.4559,9.416,9.436,825063.8000000007,1.0,0.0,0.0
2016-01-26,15:29:00,9.436,9.436,9.401,9.426,549041.5000000009,1.0,0.0,0.0
2016-01-26,15:36:00,9.426,9.4559,9.421,9.436,558377.4900000009,1.0,0.0,0.0
2016-01-26,15:43:00,9.436,9.4959,9.436,9.4909,826876.780000001,1.0,0.0,0.0
2016-01-26,15:50:00,9.4959,9.5059,9.4859,9.5009,570086.3000000011,1.0,0.0,0.0
2016-01-26,15:57:00,9.5009,9.5159,9.4859,9.4959,993349.800000001,1.0,0.0,0.0
2016-01-27,09:34:00,9.486,9.5159,9.2163,9.406,1452586.500000001,1.0,0.0,0.0
2016-01-27,09:41:00,9.406,9.5358,9.4059,9.5158,888931.700000001,1.0,0.0,0.0
2016-01-27,09:48:00,9.5084,9.5558,9.4659,9.4684,995880.7000000011,1.0,0.0,0.0
2016-01-27,09:55:00,9.4659,9.4709,9.406,9.406,476101.60000000114,1.0,0.0,0.0
2016-01-27,10:02:00,9.4101,9.441,9.3361,9.3361,603373.8000000012,1.0,0.0,0.0
2016-01-27,10:09:00,9.3361,9.3561,9.2862,9.3211,679958.9000000012,1.0,0.0,0.0
2016-01-27,10:16:00,9.3226,9.391,9.2812,9.3761,552848.9000000011,1.0,0.0,0.0
2016-01-27,10:23:00,9.3761,9.4959,9.3561,9.4709,605444.7000000012,1.0,0.0,0.0
2016-01-27,10:30:00,9.4759,9.4759,9.396,9.4335,551732.6000000011,1.0,0.0,0.0
2016-01-27,10:37:00,9.436,9.4959,9.426,9.4659,431822.10000000114,1.0,0.0,0.0
2016-01-27,10:44:00,9.4659,9.4959,9.446,9.446,571024.5000000012,1.0,0.0,0.0
2016-01-27,10:51:00,9.451,9.4759,9.416,9.4759,174727.14000000112,1.0,0.0,0.0
2016-01-27,10:58:00,9.4759,9.4958,9.416,9.436,419776.30000000115,1.0,0.0,0.0
2016-01-27,11:05:00,9.431000000000001,9.4659,9.426,9.4559,222875.58000000112,1.0,0.0,0.0
2016-01-27,11:12:00,9.4559,9.4759,9.446,9.4559,203399.76000000112,1.0,0.0,0.0
2016-01-27,11:19:00,9.4609,9.4959,9.446,9.4859,447387.63000000117,1.0,0.0,0.0
2016-01-27,11:26:00,9.4776,9.5159,9.4678,9.4909,1212262.600000001,1.0,0.0,0.0
2016-01-27,11:33:00,9.4859,9.5458,9.4759,9.5458,357596.5000000009,1.0,0.0,0.0
2016-01-27,11:40:00,9.5458,9.5858,9.5358,9.5708,448733.5000000008,1.0,0.0,0.0
2016-01-27,11:47:00,9.5758,9.5758,9.5408,9.5558,264993.310000001,1.0,0.0,0.0
2016-01-27,11:54:00,9.5558,9.5658,9.5358,9.5558,159247.220000001,1.0,0.0,0.0
2016-01-27,12:01:00,9.5558,9.5658,9.5258,9.5258,251071.61000000095,1.0,0.0,0.0
2016-01-27,12:08:00,9.5278,9.5558,9.4859,9.5558,327851.40000000095,1.0,0.0,0.0
2016-01-27,12:15:00,9.5458,9.5758,9.5408,9.5758,354896.5000000009,1.0,0.0,0.0
2016-01-27,12:22:00,9.5758,9.6107,9.5258,9.5358,334003.89000000077,1.0,0.0,0.0
2016-01-27,12:29:00,9.5308,9.5858,9.5258,9.5458,264721.7000000008,1.0,0.0,0.0
2016-01-27,12:36:00,9.5458,9.5558,9.4659,9.4759,316446.3500000008,1.0,0.0,0.0
2016-01-27,12:43:00,9.4759,9.5258,9.4559,9.5258,195785.40000000066,1.0,0.0,0.0
2016-01-27,12:50:00,9.5159,9.5358,9.4959,9.5308,153657.00000000064,1.0,0.0,0.0
2016-01-27,12:57:00,9.5258,9.5358,9.4959,9.5358,177129.81000000064,1.0,0.0,0.0
2016-01-27,13:04:00,9.5358,9.5658,9.5258,9.5508,182613.9500000006,1.0,0.0,0.0
2016-01-27,13:11:00,9.5558,9.5558,9.4909,9.5059,266246.98000000056,1.0,0.0,0.0
2016-01-27,13:18:00,9.5009,9.5659,9.4959,9.5159,469277.28000000067,1.0,0.0,0.0
2016-01-27,13:25:00,9.5159,9.5258,9.416,9.4659,374231.80000000075,1.0,0.0,0.0
2016-01-27,13:32:00,9.4659,9.4909,9.431000000000001,9.4709,281573.8100000008,1.0,0.0,0.0
2016-01-27,13:39:00,9.4659,9.4859,9.4559,9.4859,233828.9000000008,1.0,0.0,0.0
2016-01-27,13:46:00,9.4809,9.4859,9.436,9.4539,273838.3000000008,1.0,0.0,0.0
2016-01-27,13:53:00,9.4559,9.4759,9.436,9.4559,203188.5800000008,1.0,0.0,0.0
2016-01-27,14:00:00,9.4559,9.4959,9.447000000000001,9.4559,379407.31000000087,1.0,0.0,0.0
2016-01-27,14:07:00,9.4559,9.6257,9.451,9.5658,1427028.000000001,1.0,0.0,0.0
2016-01-27,14:14:00,9.5708,9.6157,9.5221,9.6057,802022.4000000008,1.0,0.0,0.0
2016-01-27,14:21:00,9.6057,9.6119,9.5009,9.5458,709921.4000000008,1.0,0.0,0.0
2016-01-27,14:28:00,9.5358,9.6257,9.5319,9.6057,354439.9000000007,1.0,0.0,0.0
2016-01-27,14:35:00,9.6057,9.6357,9.5658,9.6057,293842.9000000007,1.0,0.0,0.0
2016-01-27,14:42:00,9.6057,9.6656,9.5957,9.6557,396864.7000000007,1.0,0.0,0.0
2016-01-27,14:49:00,9.6557,9.7655,9.6457,9.7345,808353.7000000005,1.0,0.0,0.0
2016-01-27,14:56:00,9.7355,9.7405,9.7056,9.7206,310342.40000000055,1.0,0.0,0.0
2016-01-27,15:03:00,9.7194,9.7855,9.7056,9.7755,729253.0000000006,1.0,0.0,0.0
2016-01-27,15:10:00,9.7805,9.8004,9.7255,9.7255,425530.30000000057,1.0,0.0,0.0
2016-01-27,15:17:00,9.7256,9.7555,9.6457,9.7456,719078.9000000005,1.0,0.0,0.0
2016-01-27,15:24:00,9.7555,9.8254,9.7497,9.8104,1008305.2000000007,1.0,0.0,0.0
2016-01-27,15:31:00,9.8054,9.8653,9.7954,9.7954,834558.4000000004,1.0,0.0,0.0
2016-01-27,15:38:00,9.7954,9.8204,9.7705,9.7805,689234.5000000005,1.0,0.0,0.0
2016-01-27,15:45:00,9.7855,9.8154,9.7855,9.8104,669318.0000000007,1.0,0.0,0.0
2016-01-27,15:52:00,9.8154,9.8254,9.7954,9.8054,701322.0000000007,1.0,0.0,0.0
2016-01-27,15:59:00,9.8004,9.8354,9.7954,9.8254,1559133.7000000007,1.0,0.0,0.0
2016-01-28,09:36:00,9.5159,9.6157,9.3761,9.4859,1680123.9000000006,1.0,0.0,0.0
2016-01-28,09:43:00,9.4859,9.5059,9.406,9.4759,1042077.6000000006,1.0,0.0,0.0
2016-01-28,09:50:00,9.476,9.4909,9.3361,9.356,1054124.7000000007,1.0,0.0,0.0
2016-01-28,09:57:00,9.3661,9.3861,9.3112,9.3261,729808.4000000008,1.0,0.0,0.0
2016-01-28,10:04:00,9.3261,9.3711,9.2862,9.3062,720618.8000000007,1.0,0.0,0.0
2016-01-28,10:11:00,9.3162,9.3461,9.2862,9.3261,453935.40000000084,1.0,0.0,0.0
2016-01-28,10:18:00,9.3261,9.3711,9.3162,9.3511,300642.1000000008,1.0,0.0,0.0
2016-01-28,10:25:00,9.3561,9.4659,9.3461,9.446,549633.1000000008,1.0,0.0,0.0
2016-01-28,10:32:00,9.446,9.4909,9.416,9.416,698758.7000000008,1.0,0.0,0.0
2016-01-28,10:39:00,9.416,9.436,9.3761,9.3811,466991.9000000007,1.0,0.0,0.0
2016-01-28,10:46:00,9.3761,9.391,9.3361,9.3361,471197.1000000008,1.0,0.0,0.0
2016-01-28,10:53:00,9.3361,9.3461,9.2962,9.3162,439641.1000000008,1.0,0.0,0.0
2016-01-28,11:00:00,9.326,9.3761,9.3062,9.3661,310230.19000000076,1.0,0.0,0.0
2016-01-28,11:07:00,9.3661,9.4809,9.3561,9.4759,1119229.8000000005,1.0,0.0,0.0
2016-01-28,11:14:00,9.4809,9.5658,9.4759,9.5562,1114287.5000000007,1.0,0.0,0.0
2016-01-28,11:21:00,9.5658,9.5957,9.5658,9.5858,533759.0000000007,1.0,0.0,0.0
2016-01-28,11:28:00,9.5808,9.6656,9.5758,9.6157,478833.4000000007,1.0,0.0,0.0
2016-01-28,11:35:00,9.609,9.6507,9.5858,9.6357,590230.2000000007,1.0,0.0,0.0
2016-01-28,11:42:00,9.6357,9.6756,9.6207,9.6507,364265.5000000007,1.0,0.0,0.0
2016-01-28,11:49:00,9.6457,9.6856,9.6357,9.6756,453227.00000000064,1.0,0.0,0.0
2016-01-28,11:56:00,9.6656,9.6956,9.6557,9.6756,282832.50000000064,1.0,0.0,0.0
2016-01-28,12:03:00,9.6706,9.7255,9.6656,9.7255,262381.32000000065,1.0,0.0,0.0
2016-01-28,12:10:00,9.7255,9.7505,9.6656,9.6806,389553.90000000066,1.0,0.0,0.0
2016-01-28,12:17:00,9.6856,9.7954,9.6856,9.7655,313504.9100000006,1.0,0.0,0.0
2016-01-28,12:24:00,9.7555,9.8004,9.7555,9.7805,328121.3000000006,1.0,0.0,0.0
2016-01-28,12:31:00,9.7855,9.7855,9.7255,9.7805,139785.35000000062,1.0,0.0,0.0
2016-01-28,12:38:00,9.7805,9.7954,9.7355,9.7705,251182.72000000067,1.0,0.0,0.0
2016-01-28,12:45:00,9.7705,9.8254,9.7555,9.8104,243945.9900000007,1.0,0.0,0.0
2016-01-28,12:52:00,9.8154,9.8354,9.7755,9.7755,222810.5900000007,1.0,0.0,0.0
2016-01-28,12:59:00,9.7755,9.8254,9.7555,9.8254,165448.41000000073,1.0,0.0,0.0
2016-01-28,13:06:00,9.8204,9.8354,9.7954,9.7954,82235.05000000069,1.0,0.0,0.0
2016-01-28,13:13:00,9.8054,9.8554,9.7954,9.8554,180672.09000000072,1.0,0.0,0.0
2016-01-28,13:20:00,9.8554,9.8753,9.8055,9.8055,166737.50000000067,1.0,0.0,0.0
2016-01-28,13:27:00,9.8154,9.8253,9.7855,9.7905,266283.99000000063,1.0,0.0,0.0
2016-01-28,13:34:00,9.7855,9.8154,9.7755,9.7954,388258.5000000006,1.0,0.0,0.0
2016-01-28,13:41:00,9.7954,9.8054,9.7755,9.7862,425125.2000000006,1.0,0.0,0.0
2016-01-28,13:48:00,9.7954,9.8154,9.7455,9.7954,699366.0000000006,1.0,0.0,0.0
2016-01-28,13:55:00,9.7855,9.8454,9.7755,9.8404,315845.49000000046,1.0,0.0,0.0
2016-01-28,14:02:00,9.8354,9.8504,9.7954,9.8104,133752.49000000046,1.0,0.0,0.0
2016-01-28,14:09:00,9.8054,9.9053,9.8054,9.8653,631294.3000000005,1.0,0.0,0.0
2016-01-28,14:16:00,9.8653,9.9203,9.8653,9.9053,525259.3000000004,1.0,0.0,0.0
2016-01-28,14:23:00,9.8986,9.9053,9.7954,9.8154,248576.81000000046,1.0,0.0,0.0
2016-01-28,14:30:00,9.8204,9.8254,9.7455,9.7555,239371.1000000005,1.0,0.0,0.0
2016-01-28,14:37:00,9.7555,9.7755,9.7056,9.7355,324809.9800000004,1.0,0.0,0.0
2016-01-28,14:44:00,9.7255,9.7255,9.6457,9.6606,455762.47000000026,1.0,0.0,0.0
2016-01-28,14:51:00,9.6606,9.6656,9.5957,9.5958,205333.6000000003,1.0,0.0,0.0
2016-01-28,14:58:00,9.5957,9.6756,9.5907,9.6756,155201.30000000025,1.0,0.0,0.0
2016-01-28,15:05:00,9.6756,9.7255,9.6656,9.7206,200931.1000000003,1.0,0.0,0.0
2016-01-28,15:12:00,9.7156,9.7156,9.6557,9.6756,242171.16000000027,1.0,0.0,0.0
2016-01-28,15:19:00,9.6756,9.7355,9.6706,9.7255,251031.4900000003,1.0,0.0,0.0
2016-01-28,15:26:00,9.7355,9.7455,9.6956,9.7106,118279.56000000035,1.0,0.0,0.0
2016-01-28,15:33:00,9.7106,9.7156,9.6557,9.6856,205779.30000000037,1.0,0.0,0.0
2016-01-28,15:40:00,9.6806,9.6856,9.6656,9.6856,201396.08000000037,1.0,0.0,0.0
2016-01-28,15:47:00,9.6856,9.7056,9.6756,9.6956,291083.90000000043,1.0,0.0,0.0
2016-01-28,15:54:00,9.6956,9.7056,9.6856,9.6856,239809.8000000004,1.0,0.0,0.0
2016-01-29,09:31:00,9.6856,9.6956,9.4859,9.5658,1025389.9000000003,1.0,0.0,0.0
2016-01-29,09:38:00,9.5659,9.7954,9.5659,9.7954,394783.7000000004,1.0,0.0,0.0
2016-01-29,09:45:00,9.7954,9.8354,9.6956,9.7006,270867.7000000005,1.0,0.0,0.0
2016-01-29,09:52:00,9.7056,9.7234,9.5758,9.6507,440747.3000000005,1.0,0.0,0.0
2016-01-29,09:59:00,9.6557,9.7255,9.6257,9.6956,219755.00000000052,1.0,0.0,0.0
2016-01-29,10:06:00,9.7056,9.7655,9.6606,9.7255,271947.6000000005,1.0,0.0,0.0
2016-01-29,10:13:00,9.7255,9.7855,9.7056,9.7655,294640.10000000056,1.0,0.0,0.0
2016-01-29,10:20:00,9.7655,9.7954,9.6656,9.7056,663683.7000000005,1.0,0.0,0.0
2016-01-29,10:27:00,9.7056,9.7255,9.6494,9.6956,187794.58000000063,1.0,0.0,0.0
2016-01-29,10:34:00,9.6956,9.7455,9.668,9.7355,231105.00000000058,1.0,0.0,0.0
2016-01-29,10:41:00,9.7455,9.8554,9.7455,9.8054,897479.4000000005,1.0,0.0,0.0
2016-01-29,10:48:00,9.8054,9.8753,9.7954,9.8454,354168.50000000035,1.0,0.0,0.0
2016-01-29,10:55:00,9.8454,9.8554,9.8154,9.8504,231552.5000000004,1.0,0.0,0.0
2016-01-29,11:02:00,9.8554,9.9253,9.8454,9.9003,533215.3000000004,1.0,0.0,0.0
2016-01-29,11:09:00,9.9053,9.9352,9.8853,9.9216,467375.8000000003,1.0,0.0,0.0
2016-01-29,11:16:00,9.9203,9.9302,9.8953,9.9103,328446.58000000025,1.0,0.0,0.0
2016-01-29,11:23:00,9.9053,9.9253,9.8903,9.9153,236528.91000000032,1.0,0.0,0.0
2016-01-29,11:30:00,9.9153,9.9253,9.8753,9.8903,336424.7700000003,1.0,0.0,0.0
2016-01-29,11:37:00,9.8886,9.8903,9.8354,9.8753,208158.80000000042,1.0,0.0,0.0
2016-01-29,11:44:00,9.8653,9.8753,9.8154,9.8354,210626.4500000004,1.0,0.0,0.0
2016-01-29,11:51:00,9.8354,9.8953,9.8354,9.8903,179835.8000000004,1.0,0.0,0.0
2016-01-29,11:58:00,9.8903,9.9053,9.8753,9.8753,335772.3900000004,1.0,0.0,0.0
2016-01-29,12:05:00,9.8753,9.8853,9.8554,9.8589,377229.2400000005,1.0,0.0,0.0
2016-01-29,12:12:00,9.8592,9.8853,9.8454,9.8603,232057.25000000055,1.0,0.0,0.0
2016-01-29,12:19:00,9.8603,9.8753,9.8354,9.8669,119766.75000000055,1.0,0.0,0.0
2016-01-29,12:26:00,9.8703,9.9153,9.8653,9.9053,566665.1000000006,1.0,0.0,0.0
2016-01-29,12:33:00,9.9003,9.9253,9.8953,9.9153,243404.10000000056,1.0,0.0,0.0
2016-01-29,12:40:00,9.9053,9.9103,9.8554,9.8703,210543.34000000055,1.0,0.0,0.0
2016-01-29,12:47:00,9.8753,9.8953,9.8653,9.8753,131023.44000000056,1.0,0.0,0.0
2016-01-29,12:54:00,9.8753,9.8803,9.8354,9.8753,122296.31000000052,1.0,0.0,0.0
2016-01-29,13:01:00,9.8853,9.9153,9.8853,9.9053,180905.40000000058,1.0,0.0,0.0
2016-01-29,13:08:00,9.9053,9.9253,9.8753,9.9103,458002.98000000056,1.0,0.0,0.0
2016-01-29,13:15:00,9.9153,9.9352,9.8863,9.8953,386542.82000000053,1.0,0.0,0.0
2016-01-29,13:22:00,9.8903,9.8953,9.8454,9.8703,181947.78000000052,1.0,0.0,0.0
2016-01-29,13:29:00,9.8678,9.8853,9.8504,9.8603,171210.0000000005,1.0,0.0,0.0
2016-01-29,13:36:00,9.8603,9.8653,9.8254,9.8254,216821.7000000005,1.0,0.0,0.0
2016-01-29,13:43:00,9.8254,9.8254,9.7755,9.8104,462815.2000000005,1.0,0.0,0.0
2016-01-29,13:50:00,9.8104,9.8653,9.8054,9.8653,146123.8700000004,1.0,0.0,0.0
2016-01-29,13:57:00,9.8653,9.8803,9.8554,9.8803,172728.1800000004,1.0,0.0,0.0
2016-01-29,14:04:00,9.8803,9.8953,9.8554,9.8653,147815.2100000004,1.0,0.0,0.0
2016-01-29,14:11:00,9.8603,9.8653,9.8404,9.8554,97713.01000000039,1.0,0.0,0.0
2016-01-29,14:18:00,9.8554,9.9003,9.8504,9.8968,213510.7000000004,1.0,0.0,0.0
2016-01-29,14:25:00,9.9003,9.9359,9.8947,9.9302,452981.8000000005,1.0,0.0,0.0
2016-01-29,14:32:00,9.9302,9.9342,9.8753,9.8852,141006.14000000054,1.0,0.0,0.0
2016-01-29,14:39:00,9.8753,9.9053,9.8653,9.8903,186401.56000000052,1.0,0.0,0.0
2016-01-29,14:46:00,9.8903,9.9253,9.8903,9.9103,176250.48000000048,1.0,0.0,0.0
2016-01-29,14:53:00,9.9153,9.9253,9.8953,9.9043,142269.1360000005,1.0,0.0,0.0
2016-01-29,15:00:00,9.9053,9.9053,9.8653,9.8881,156891.68000000055,1.0,0.0,0.0
2016-01-29,15:07:00,9.8903,9.9053,9.8753,9.9053,252503.69000000056,1.0,0.0,0.0
2016-01-29,15:14:00,9.9053,9.9153,9.8753,9.8903,268645.5000000005,1.0,0.0,0.0
2016-01-29,15:21:00,9.8853,9.8953,9.8753,9.8753,174759.33000000054,1.0,0.0,0.0
2016-01-29,15:28:00,9.8803,9.9153,9.8753,9.8853,223902.31000000052,1.0,0.0,0.0
2016-01-29,15:35:00,9.8853,9.8953,9.8653,9.8753,181258.96000000043,1.0,0.0,0.0
2016-01-29,15:42:00,9.8703,9.9153,9.8703,9.8853,515901.40000000043,1.0,0.0,0.0
2016-01-29,15:49:00,9.8903,9.9352,9.8653,9.9153,786098.4000000004,1.0,0.0,0.0
2016-01-29,15:56:00,9.9153,9.9153,9.9053,9.9053,392189.90000000043,1.0,0.0,0.0
2016-02-01,09:33:00,9.9053,10.2013,9.8853,10.2013,1801591.5000000007,1.0,0.0,0.0
2016-02-01,09:40:00,10.2038,10.2448,10.095,10.2108,1154485.700000001,1.0,0.0,0.0
2016-02-01,09:47:00,10.2148,10.2448,10.1849,10.2148,741762.700000001,1.0,0.0,0.0
2016-02-01,09:54:00,10.2098,10.2348,10.1749,10.2248,753425.3000000009,1.0,0.0,0.0
2016-02-01,10:01:00,10.2248,10.2348,10.1649,10.2048,702791.9000000011,1.0,0.0,0.0
2016-02-01,10:08:00,10.2048,10.2847,10.1949,10.2448,788796.7000000011,1.0,0.0,0.0
2016-02-01,10:15:00,10.2358,10.2847,10.1449,10.1549,474992.3000000012,1.0,0.0,0.0
2016-02-01,10:22:00,10.1549,10.1749,10.07,10.075,471871.1000000013,1.0,0.0,0.0
2016-02-01,10:29:00,10.075,10.085,10.0151,10.0551,394051.7000000014,1.0,0.0,0.0
2016-02-01,10:36:00,10.0551,10.115,10.0451,10.115,273490.8000000014,1.0,0.0,0.0
2016-02-01,10:43:00,10.115,10.115,10.075,10.1,200428.48000000135,1.0,0.0,0.0
2016-02-01,10:50:00,10.095,10.105,10.0251,10.0351,231051.70000000138,1.0,0.0,0.0
2016-02-01,10:57:00,10.0351,10.0551,9.9852,10.0477,293809.8000000014,1.0,0.0,0.0
2016-02-01,11:04:00,10.055,10.0625,10.0051,10.0151,220716.40000000145,1.0,0.0,0.0
2016-02-01,11:11:00,10.0051,10.0551,10.0051,10.0301,276947.7000000015,1.0,0.0,0.0
2016-02-01,11:18:00,10.0301,10.075,10.0151,10.0601,247575.38000000146,1.0,0.0,0.0
2016-02-01,11:25:00,10.0601,10.0601,9.9652,9.9652,202800.86000000144,1.0,0.0,0.0
2016-02-01,11:32:00,9.9652,9.9951,9.9352,9.9452,206930.10000000146,1.0,0.0,0.0
2016-02-01,11:39:00,9.9352,9.9951,9.9352,9.9652,159119.20000000147,1.0,0.0,0.0
2016-02-01,11:46:00,9.9652,9.9951,9.9103,9.9852,218692.40000000142,1.0,0.0,0.0
2016-02-01,11:53:00,9.9852,10.0151,9.9552,9.9951,137216.6000000014,1.0,0.0,0.0
2016-02-01,12:00:00,9.9951,9.9951,9.9552,9.9652,100257.82900000142,1.0,0.0,0.0
2016-02-01,12:07:00,9.9652,9.9652,9.9286,9.9351,104992.78000000144,1.0,0.0,0.0
2016-02-01,12:14:00,9.9253,9.9652,9.9203,9.9302,178816.39000000144,1.0,0.0,0.0
2016-02-01,12:21:00,9.9352,9.9652,9.9252,9.9502,225875.20000000147,1.0,0.0,0.0
2016-02-01,12:28:00,9.9502,9.9652,9.9253,9.9652,108634.2000000015,1.0,0.0,0.0
2016-02-01,12:35:00,9.9552,9.9652,9.9431,9.9452,87817.19000000152,1.0,0.0,0.0
2016-02-01,12:42:00,9.9452,9.9852,9.9352,9.9452,139994.78000000148,1.0,0.0,0.0
2016-02-01,12:49:00,9.9402,9.9452,9.9153,9.9253,153726.10000000143,1.0,0.0,0.0
2016-02-01,12:56:00,9.9253,9.9351,9.8703,9.8853,270686.51000000146,1.0,0.0,0.0
2016-02-01,13:03:00,9.8803,9.9402,9.8653,9.9302,177372.08000000147,1.0,0.0,0.0
2016-02-01,13:10:00,9.9253,9.9752,9.9003,9.9727,230072.4000000015,1.0,0.0,0.0
2016-02-01,13:17:00,9.9702,9.971,9.9352,9.9552,72874.09000000154,1.0,0.0,0.0
2016-02-01,13:24:00,9.9552,9.9951,9.9452,9.9852,79544.04000000154,1.0,0.0,0.0
2016-02-01,13:31:00,9.9852,10.0251,9.9852,10.0051,167713.91000000152,1.0,0.0,0.0
2016-02-01,13:38:00,10.0051,10.0151,9.9852,10.0151,100299.7500000015,1.0,0.0,0.0
2016-02-01,13:45:00,10.0151,10.0151,9.9752,9.9802,76820.0000000015,1.0,0.0,0.0
2016-02-01,13:52:00,9.9951,10.0151,9.9552,9.9652,298229.3600000015,1.0,0.0,0.0
2016-02-01,13:59:00,9.9552,10.0151,9.9552,9.9951,81812.36000000144,1.0,0.0,0.0
2016-02-01,14:06:00,9.9951,10.0151,9.9752,9.9852,42755.40000000142,1.0,0.0,0.0
2016-02-01,14:13:00,9.9852,10.0101,9.9602,9.9951,100743.57000000142,1.0,0.0,0.0
2016-02-01,14:20:00,9.9951,10.0151,9.9752,10.0151,72379.28300000141,1.0,0.0,0.0
2016-02-01,14:27:00,10.0051,10.0151,9.9852,10.0051,163601.75000000137,1.0,0.0,0.0
2016-02-01,14:34:00,10.0051,10.0151,9.9951,10.0051,67330.8900000014,1.0,0.0,0.0
2016-02-01,14:41:00,10.0001,10.0251,9.9902,10.0151,154772.5800000014,1.0,0.0,0.0
2016-02-01,14:48:00,10.0051,10.0351,10.0051,10.0301,115256.89000000141,1.0,0.0,0.0
2016-02-01,14:55:00,10.0301,10.0351,10.0051,10.0301,117977.0500000014,1.0,0.0,0.0
2016-02-01,15:02:00,10.0251,10.095,10.0251,10.095,250990.5100000015,1.0,0.0,0.0
2016-02-01,15:09:00,10.095,10.1349,10.0851,10.125,305977.9000000015,1.0,0.0,0.0
2016-02-01,15:16:00,10.115,10.125,10.08,10.095,197492.05000000147,1.0,0.0,0.0
2016-02-01,15:23:00,10.095,10.095,10.0351,10.0351,397018.0000000015,1.0,0.0,0.0
2016-02-01,15:30:00,10.0401,10.0551,10.0151,10.0301,385952.80000000156,1.0,0.0,0.0
2016-02-01,15:37:00,10.0301,10.085,10.0301,10.0551,396584.4500000015,1.0,0.0,0.0
2016-02-01,15:44:00,10.0601,10.075,10.0451,10.0551,268839.8500000016,1.0,0.0,0.0
2016-02-01,15:51:00,10.0451,10.075,10.0451,10.065,374890.0000000016,1.0,0.0,0.0
2016-02-01,15:58:00,10.07,10.085,10.0551,10.065,971605.9000000018,1.0,0.0,0.0
2016-02-02,09:35:00,10.065,10.075,9.8753,9.9752,759861.6000000015,1.0,0.0,0.0
2016-02-02,09:42:00,9.9752,10.0351,9.9652,9.9852,703563.5000000014,1.0,0.0,0.0
2016-02-02,09:49:00,9.9951,10.0151,9.9752,9.9951,392605.70000000135,1.0,0.0,0.0
2016-02-02,09:56:00,9.9852,9.9951,9.8554,9.8854,776460.5000000014,1.0,0.0,0.0
2016-02-02,10:03:00,9.8953,9.9053,9.8254,9.8354,359124.80000000156,1.0,0.0,0.0
2016-02-02,10:10:00,9.8254,9.9103,9.8254,9.8653,395924.4000000016,1.0,0.0,0.0
2016-02-02,10:17:00,9.8554,9.8653,9.7954,9.8154,284013.30000000156,1.0,0.0,0.0
2016-02-02,10:24:00,9.8054,9.8204,9.7355,9.7655,542889.9000000015,1.0,0.0,0.0
2016-02-02,10:31:00,9.7605,9.8364,9.7305,9.7855,352023.2000000016,1.0,0.0,0.0
2016-02-02,10:38:00,9.7855,9.8154,9.7655,9.8154,154856.85000000164,1.0,0.0,0.0
2016-02-02,10:45:00,9.8104,9.8104,9.7464,9.7855,281582.70000000164,1.0,0.0,0.0
2016-02-02,10:52:00,9.7855,9.7855,9.7305,9.7605,238074.12000000154,1.0,0.0,0.0
2016-02-02,10:59:00,9.7655,9.7954,9.7455,9.7855,158715.40000000157,1.0,0.0,0.0
2016-02-02,11:06:00,9.7905,9.8354,9.7655,9.7755,242921.5000000016,1.0,0.0,0.0
2016-02-02,11:13:00,9.7755,9.8004,9.7505,9.7855,261039.40000000157,1.0,0.0,0.0
2016-02-02,11:20:00,9.7755,9.8054,9.7555,9.7855,161679.90000000157,1.0,0.0,0.0
2016-02-02,11:27:00,9.7855,9.8154,9.7455,9.7755,122129.25000000157,1.0,0.0,0.0
2016-02-02,11:34:00,9.7655,9.7755,9.7006,9.7056,290895.70000000164,1.0,0.0,0.0
2016-02-02,11:41:00,9.7056,9.7805,9.7056,9.7755,190009.90000000165,1.0,0.0,0.0
2016-02-02,11:48:00,9.7755,9.7855,9.7455,9.7655,149538.80000000165,1.0,0.0,0.0
2016-02-02,11:55:00,9.7655,9.7655,9.6956,9.7056,156786.66000000163,1.0,0.0,0.0
2016-02-02,12:02:00,9.6956,9.7555,9.6956,9.7455,177821.95000000164,1.0,0.0,0.0
2016-02-02,12:09:00,9.7455,9.7505,9.6656,9.6806,273566.9000000017,1.0,0.0,0.0
2016-02-02,12:16:00,9.6756,9.7056,9.6557,9.6756,192493.8000000018,1.0,0.0,0.0
2016-02-02,12:23:00,9.6756,9.6856,9.6407,9.6706,224076.4000000018,1.0,0.0,0.0
2016-02-02,12:30:00,9.6706,9.7056,9.6557,9.6756,237464.20000000176,1.0,0.0,0.0
2016-02-02,12:37:00,9.6756,9.7255,9.6557,9.721,236815.45000000182,1.0,0.0,0.0
2016-02-02,12:44:00,9.7156,9.7355,9.6956,9.7056,133801.5000000018,1.0,0.0,0.0
2016-02-02,12:51:00,9.7156,9.7206,9.6756,9.6856,205033.28000000175,1.0,0.0,0.0
2016-02-02,12:58:00,9.6757,9.7206,9.6656,9.7206,121296.93000000172,1.0,0.0,0.0
2016-02-02,13:05:00,9.7156,9.7455,9.7156,9.7355,69753.36000000172,1.0,0.0,0.0
2016-02-02,13:12:00,9.7355,9.7555,9.7327,9.7555,150769.63000000172,1.0,0.0,0.0
2016-02-02,13:19:00,9.7555,9.7954,9.7522,9.7856,73663.24000000171,1.0,0.0,0.0
2016-02-02,13:26:00,9.7865,9.8554,9.7755,9.8354,122787.21000000171,1.0,0.0,0.0
2016-02-02,13:33:00,9.8354,9.8554,9.8154,9.8354,119661.52000000174,1.0,0.0,0.0
2016-02-02,13:40:00,9.8254,9.8953,9.8254,9.8663,141456.8208000017,1.0,0.0,0.0
2016-02-02,13:47:00,9.8853,9.8953,9.8654,9.8853,145132.4000000017,1.0,0.0,0.0
2016-02-02,13:54:00,9.8903,9.9003,9.8054,9.8354,137015.3100000017,1.0,0.0,0.0
2016-02-02,14:01:00,9.8404,9.8404,9.7855,9.7955,81131.32000000168,1.0,0.0,0.0
2016-02-02,14:08:00,9.8054,9.8353,9.7905,9.8154,104758.3400000017,1.0,0.0,0.0
2016-02-02,14:15:00,9.8204,9.8216,9.7805,9.8216,111308.03000000172,1.0,0.0,0.0
2016-02-02,14:22:00,9.8154,9.8254,9.7954,9.7954,103734.85000000171,1.0,0.0,0.0
2016-02-02,14:29:00,9.7855,9.8054,9.7755,9.7855,108312.75000000172,1.0,0.0,0.0
2016-02-02,14:36:00,9.7855,9.8054,9.7655,9.7856,117158.8200000017,1.0,0.0,0.0
2016-02-02,14:43:00,9.7954,9.8154,9.7954,9.8154,73972.75000000175,1.0,0.0,0.0
2016-02-02,14:50:00,9.8054,9.8254,9.7954,9.8154,129053.42000000173,1.0,0.0,0.0
2016-02-02,14:57:00,9.8154,9.8254,9.8054,9.8054,46582.14000000172,1.0,0.0,0.0
2016-02-02,15:04:00,9.8054,9.8154,9.7805,9.7856,95972.45000000171,1.0,0.0,0.0
2016-02-02,15:11:00,9.7905,9.8354,9.7905,9.8254,113233.93000000171,1.0,0.0,0.0
2016-02-02,15:18:00,9.8254,9.8354,9.7954,9.8154,89682.12000000173,1.0,0.0,0.0
2016-02-02,15:25:00,9.8154,9.8354,9.7954,9.8354,113803.82000000172,1.0,0.0,0.0
2016-02-02,15:32:00,9.8353,9.8454,9.8154,9.8254,166783.4800000017,1.0,0.0,0.0
2016-02-02,15:39:00,9.8154,9.8454,9.8104,9.8454,240699.1000000017,1.0,0.0,0.0
2016-02-02,15:46:00,9.8454,9.8753,9.8454,9.8554,181809.91000000172,1.0,0.0,0.0
2016-02-02,15:53:00,9.8554,9.8753,9.8354,9.8354,266817.9000000017,1.0,0.0,0.0
2016-02-03,09:30:00,9.8404,10.0401,9.8254,10.0351,467604.10000000166,1.0,0.0,0.0
2016-02-03,09:37:00,10.0251,10.1449,9.9852,10.0951,1158574.4000000015,1.0,0.0,0.0
2016-02-03,09:44:00,10.0972,10.115,10.0051,10.085,522419.3000000017,1.0,0.0,0.0
2016-02-03,09:51:00,10.075,10.1449,10.075,10.085,261862.4000000017,1.0,0.0,0.0
2016-02-03,09:58:00,10.085,10.1449,10.085,10.1299,300711.3000000016,1.0,0.0,0.0
2016-02-03,10:05:00,10.125,10.2148,10.12,10.1949,476911.0000000017,1.0,0.0,0.0
2016-02-03,10:12:00,10.1949,10.2298,10.1649,10.2048,499774.2000000018,1.0,0.0,0.0
2016-02-03,10:19:00,10.2048,10.2747,10.1949,10.2647,418366.1000000017,1.0,0.0,0.0
2016-02-03,10:26:00,10.2647,10.3147,10.2548,10.2847,624816.9000000017,1.0,0.0,0.0
2016-02-03,10:33:00,10.2847,10.3097,10.2348,10.2448,376971.3000000017,1.0,0.0,0.0
2016-02-03,10:40:00,10.2448,10.2548,10.1799,10.2048,432052.40000000165,1.0,0.0,0.0
2016-02-03,10:47:00,10.2148,10.2947,10.2148,10.2587,345462.7000000017,1.0,0.0,0.0
2016-02-03,10:54:00,10.2548,10.2847,10.2248,10.2614,272156.90000000154,1.0,0.0,0.0
2016-02-03,11:01:00,10.2598,10.3147,10.2448,10.3097,384667.50000000163,1.0,0.0,0.0
2016-02-03,11:08:00,10.3047,10.3346,10.2448,10.3346,211040.00000000166,1.0,0.0,0.0
2016-02-03,11:15:00,10.3346,10.4145,10.3297,10.4075,628721.9000000017,1.0,0.0,0.0
2016-02-03,11:22:00,10.4045,10.4045,10.3546,10.3846,306597.90000000165,1.0,0.0,0.0
2016-02-03,11:29:00,10.3846,10.4145,10.3406,10.3946,375822.40000000177,1.0,0.0,0.0
2016-02-03,11:36:00,10.3846,10.4395,10.3546,10.4345,550510.3000000018,1.0,0.0,0.0
2016-02-03,11:43:00,10.4395,10.4595,10.4145,10.4245,341432.50000000186,1.0,0.0,0.0
2016-02-03,11:50:00,10.4245,10.4545,10.4045,10.4295,336263.3000000019,1.0,0.0,0.0
2016-02-03,11:57:00,10.4295,10.4445,10.3746,10.3746,352827.0200000019,1.0,0.0,0.0
2016-02-03,12:04:00,10.3746,10.4044,10.3346,10.3846,462259.7000000018,1.0,0.0,0.0
2016-02-03,12:11:00,10.3846,10.4345,10.3746,10.3846,123408.13000000187,1.0,0.0,0.0
2016-02-03,12:18:00,10.3946,10.4545,10.3896,10.4345,173038.71000000188,1.0,0.0,0.0
2016-02-03,12:25:00,10.4295,10.4495,10.4045,10.4145,329939.8000000018,1.0,0.0,0.0
2016-02-03,12:32:00,10.4145,10.4545,10.4095,10.4545,226627.19000000175,1.0,0.0,0.0
2016-02-03,12:39:00,10.4445,10.4844,10.4445,10.4794,301809.80000000173,1.0,0.0,0.0
2016-02-03,12:46:00,10.4844,10.5244,10.4744,10.5219,454743.0000000018,1.0,0.0,0.0
2016-02-03,12:53:00,10.5244,10.5343,10.4944,10.5144,313023.3000000017,1.0,0.0,0.0
2016-02-03,13:00:00,10.5144,10.5593,10.5044,10.5343,330315.7400000018,1.0,0.0,0.0
2016-02-03,13:07:00,10.5393,10.6142,10.5343,10.6042,305125.3400000018,1.0,0.0,0.0
2016-02-03,13:14:00,10.6032,10.6042,10.5743,10.5893,212490.1000000017,1.0,0.0,0.0
2016-02-03,13:21:00,10.5843,10.5893,10.5044,10.5643,767860.9600000018,1.0,0.0,0.0
2016-02-03,13:28:00,10.5593,10.6342,10.5543,10.6242,339411.10000000184,1.0,0.0,0.0
2016-02-03,13:35:00,10.6142,10.6642,10.6142,10.6642,207323.65000000186,1.0,0.0,0.0
2016-02-03,13:42:00,10.6543,10.7041,10.6342,10.7041,379602.0900000019,1.0,0.0,0.0
2016-02-03,13:49:00,10.7041,10.739,10.6873,10.7251,522318.20000000193,1.0,0.0,0.0
2016-02-03,13:56:00,10.7251,10.7341,10.6741,10.7151,333457.900000002,1.0,0.0,0.0
2016-02-03,14:03:00,10.7191,10.7341,10.6642,10.7141,359422.18000000203,1.0,0.0,0.0
2016-02-03,14:10:00,10.7141,10.774000000000001,10.6941,10.769,292816.380000002,1.0,0.0,0.0
2016-02-03,14:17:00,10.774000000000001,10.784,10.6991,10.7141,572313.9000000019,1.0,0.0,0.0
2016-02-03,14:24:00,10.7141,10.7341,10.679,10.6941,352261.700000002,1.0,0.0,0.0
2016-02-03,14:31:00,10.6971,10.6991,10.5843,10.5943,558035.500000002,1.0,0.0,0.0
2016-02-03,14:38:00,10.5943,10.6642,10.5943,10.6642,250227.39000000217,1.0,0.0,0.0
2016-02-03,14:45:00,10.6592,10.6841,10.5543,10.5693,387695.00000000215,1.0,0.0,0.0
2016-02-03,14:52:00,10.5743,10.6442,10.5644,10.6442,254335.40000000212,1.0,0.0,0.0
2016-02-03,14:59:00,10.6392,10.6841,10.6242,10.6791,307953.8000000022,1.0,0.0,0.0
2016-02-03,15:06:00,10.6841,10.6991,10.6472,10.6542,373856.70000000205,1.0,0.0,0.0
2016-02-03,15:13:00,10.6542,10.7141,10.6442,10.7091,201139.3000000021,1.0,0.0,0.0
2016-02-03,15:20:00,10.7041,10.7241,10.6642,10.6791,382295.8000000021,1.0,0.0,0.0
2016-02-03,15:27:00,10.6741,10.6791,10.6342,10.6741,378313.40000000206,1.0,0.0,0.0
2016-02-03,15:34:00,10.6642,10.6941,10.6433,10.6691,368628.0000000021,1.0,0.0,0.0
2016-02-03,15:41:00,10.6691,10.6841,10.6442,10.6532,391525.9000000022,1.0,0.0,0.0
2016-02-03,15:48:00,10.6542,10.6741,10.6442,10.6492,357165.9000000021,1.0,0.0,0.0
2016-02-03,15:55:00,10.6492,10.7041,10.6442,10.6941,802704.6000000022,1.0,0.0,0.0
2016-02-04,09:32:00,10.6941,11.0336,10.6741,11.0086,1373935.000000002,1.0,0.0,0.0
2016-02-04,09:39:00,11.0236,11.0336,10.8639,10.9088,2283329.3000000017,1.0,0.0,0.0
2016-02-04,09:46:00,10.9088,10.9701,10.8189,10.9701,873340.7000000016,1.0,0.0,0.0
2016-02-04,09:53:00,10.9737,11.0835,10.9637,11.0636,1072489.1000000017,1.0,0.0,0.0
2016-02-04,10:00:00,11.0666,11.1335,11.0136,11.1335,873395.4000000018,1.0,0.0,0.0
2016-02-04,10:07:00,11.1335,11.2633,11.1285,11.2134,1537238.100000002,1.0,0.0,0.0
2016-02-04,10:14:00,11.2133,11.3057,11.2133,11.2283,1026303.700000002,1.0,0.0,0.0
2016-02-04,10:21:00,11.2283,11.2832,11.1933,11.2534,845826.8000000021,1.0,0.0,0.0
2016-02-04,10:28:00,11.2633,11.2832,11.1434,11.1634,925492.9000000022,1.0,0.0,0.0
2016-02-04,10:35:00,11.1584,11.2233,11.1484,11.2034,345721.1000000022,1.0,0.0,0.0
2016-02-04,10:42:00,11.2034,11.2034,11.1335,11.1884,488670.6000000022,1.0,0.0,0.0
2016-02-04,10:49:00,11.1834,11.2333,11.1634,11.2233,444867.00000000215,1.0,0.0,0.0
2016-02-04,10:56:00,11.2283,11.2732,11.2233,11.2533,480962.0000000022,1.0,0.0,0.0
2016-02-04,11:03:00,11.2433,11.3232,11.2034,11.3132,732021.5000000022,1.0,0.0,0.0
2016-02-04,11:10:00,11.3232,11.423,11.322000000000001,11.3931,1037304.6000000024,1.0,0.0,0.0
2016-02-04,11:17:00,11.3931,11.3931,11.3232,11.3431,465841.2000000024,1.0,0.0,0.0
2016-02-04,11:24:00,11.3431,11.3731,11.3032,11.3641,409081.00000000227,1.0,0.0,0.0
2016-02-04,11:31:00,11.3701,11.3731,11.3132,11.3382,375265.80000000226,1.0,0.0,0.0
2016-02-04,11:38:00,11.3332,11.3731,11.3032,11.3082,334586.38000000233,1.0,0.0,0.0
2016-02-04,11:45:00,11.3032,11.3232,11.2333,11.2433,595066.8000000024,1.0,0.0,0.0
2016-02-04,11:52:00,11.2333,11.3132,11.2133,11.2633,677642.2000000023,1.0,0.0,0.0
2016-02-04,11:59:00,11.2683,11.2683,11.1534,11.1584,651175.9000000024,1.0,0.0,0.0
2016-02-04,12:06:00,11.1584,11.2333,11.1384,11.1834,637530.4000000022,1.0,0.0,0.0
2016-02-04,12:13:00,11.1834,11.2034,11.1335,11.1659,258304.20000000217,1.0,0.0,0.0
2016-02-04,12:20:00,11.1733,11.2333,11.1484,11.2034,231295.10000000216,1.0,0.0,0.0
2016-02-04,12:27:00,11.2034,11.2133,11.1534,11.1635,269181.3000000022,1.0,0.0,0.0
2016-02-04,12:34:00,11.1734,11.2233,11.1534,11.2133,234135.50000000215,1.0,0.0,0.0
2016-02-04,12:41:00,11.2233,11.2433,11.2034,11.2233,210795.80000000214,1.0,0.0,0.0
2016-02-04,12:48:00,11.2133,11.2333,11.1634,11.2133,238719.20600000222,1.0,0.0,0.0
2016-02-04,12:55:00,11.2133,11.2533,11.2133,11.2533,226706.20000000225,1.0,0.0,0.0
2016-02-04,13:02:00,11.2433,11.2533,11.2133,11.2233,119385.20000000225,1.0,0.0,0.0
2016-02-04,13:09:00,11.2133,11.2583,11.1534,11.1534,159482.55000000223,1.0,0.0,0.0
2016-02-04,13:16:00,11.1584,11.2034,11.1434,11.1534,232372.70000000228,1.0,0.0,0.0
2016-02-04,13:23:00,11.1517,11.1534,11.1035,11.1434,311270.7000000023,1.0,0.0,0.0
2016-02-04,13:30:00,11.1384,11.1634,11.1135,11.1335,430954.2000000023,1.0,0.0,0.0
2016-02-04,13:37:00,11.1335,11.2133,11.1285,11.1684,208572.6000000023,1.0,0.0,0.0
2016-02-04,13:44:00,11.1634,11.1934,11.1235,11.1235,176931.50000000233,1.0,0.0,0.0
2016-02-04,13:51:00,11.1321,11.1633,11.0935,11.1035,221484.68000000235,1.0,0.0,0.0
2016-02-04,13:58:00,11.1135,11.1235,11.0436,11.0686,476532.8000000024,1.0,0.0,0.0
2016-02-04,14:05:00,11.0652,11.1135,11.0536,11.0636,172012.20000000237,1.0,0.0,0.0
2016-02-04,14:12:00,11.0586,11.0935,11.0236,11.0336,404534.70000000246,1.0,0.0,0.0
2016-02-04,14:19:00,11.0336,11.0636,11.0186,11.0437,258893.10000000248,1.0,0.0,0.0
2016-02-04,14:26:00,11.0536,11.0636,11.0276,11.0386,420462.9000000025,1.0,0.0,0.0
2016-02-04,14:33:00,11.0386,11.0735,11.0386,11.0611,530284.0000000024,1.0,0.0,0.0
2016-02-04,14:40:00,11.0636,11.1235,11.0336,11.1135,640436.2000000024,1.0,0.0,0.0
2016-02-04,14:47:00,11.1135,11.1384,11.0935,11.1335,293696.94000000245,1.0,0.0,0.0
2016-02-04,14:54:00,11.1335,11.1434,11.0885,11.1335,400238.5000000024,1.0,0.0,0.0
2016-02-04,15:01:00,11.1335,11.2334,11.1235,11.2334,927825.8000000021,1.0,0.0,0.0
2016-02-04,15:08:00,11.2333,11.2433,11.1834,11.2133,705441.1000000021,1.0,0.0,0.0
2016-02-04,15:15:00,11.2034,11.3382,11.2034,11.3332,982629.8900000021,1.0,0.0,0.0
2016-02-04,15:22:00,11.3332,11.3332,11.2832,11.2932,368638.2000000023,1.0,0.0,0.0
2016-02-04,15:29:00,11.2882,11.2932,11.2483,11.2483,370106.1000000022,1.0,0.0,0.0
2016-02-04,15:36:00,11.2433,11.2633,11.1734,11.1734,1109720.200000002,1.0,0.0,0.0
2016-02-04,15:43:00,11.1834,11.2533,11.1734,11.2183,861205.3000000019,1.0,0.0,0.0
2016-02-04,15:50:00,11.2183,11.2333,11.1135,11.1235,666536.7000000019,1.0,0.0,0.0
2016-02-04,15:57:00,11.1185,11.1634,11.1135,11.1534,799146.6000000021,1.0,0.0,0.0
2016-02-05,09:34:00,11.1534,11.1734,10.5943,10.6841,1794317.0000000019,1.0,0.0,0.0
2016-02-05,09:41:00,10.694,10.764000000000001,10.5944,10.6642,767476.3000000019,1.0,0.0,0.0
2016-02-05,09:48:00,10.6642,10.9338,10.6542,10.9088,810355.900000002,1.0,0.0,0.0
2016-02-05,09:55:00,10.9068,11.0985,10.9068,10.9787,1008016.7000000018,1.0,0.0,0.0
2016-02-05,10:02:00,10.9738,10.9937,10.8659,10.9038,368223.4000000018,1.0,0.0,0.0
2016-02-05,10:09:00,10.8938,10.9537,10.8639,10.8639,353424.50000000186,1.0,0.0,0.0
2016-02-05,10:16:00,10.8639,10.8938,10.8289,10.8589,421255.2000000019,1.0,0.0,0.0
2016-02-05,10:23:00,10.8639,10.9138,10.8074,10.8239,346769.50000000186,1.0,0.0,0.0
2016-02-05,10:30:00,10.8239,10.9537,10.8239,10.9437,442128.0000000018,1.0,0.0,0.0
2016-02-05,10:37:00,10.9437,11.0735,10.9437,11.0536,513685.500000002,1.0,0.0,0.0
2016-02-05,10:44:00,11.0486,11.1335,11.0336,11.0935,683788.5000000019,1.0,0.0,0.0
2016-02-05,10:51:00,11.0935,11.1035,11.0286,11.0636,457330.20000000193,1.0,0.0,0.0
2016-02-05,10:58:00,11.0536,11.1734,11.0436,11.1734,392580.4000000018,1.0,0.0,0.0
2016-02-05,11:05:00,11.1734,11.2633,11.1534,11.2433,856648.300000002,1.0,0.0,0.0
2016-02-05,11:12:00,11.2433,11.2533,11.1784,11.2083,373315.9000000021,1.0,0.0,0.0
2016-02-05,11:19:00,11.2034,11.3132,11.2034,11.3131,433327.2000000022,1.0,0.0,0.0
2016-02-05,11:26:00,11.3032,11.3831,11.2732,11.3781,585626.1000000021,1.0,0.0,0.0
2016-02-05,11:33:00,11.3781,11.433,11.3731,11.4129,645164.3000000021,1.0,0.0,0.0
2016-02-05,11:40:00,11.4031,11.433,11.3931,11.423,336442.20000000205,1.0,0.0,0.0
2016-02-05,11:47:00,11.4268,11.463,11.4031,11.453,278013.4000000021,1.0,0.0,0.0
2016-02-05,11:54:00,11.453,11.453,11.3431,11.3681,556116.8000000021,1.0,0.0,0.0
2016-02-05,12:01:00,11.3681,11.3831,11.2932,11.2932,495746.5000000021,1.0,0.0,0.0
2016-02-05,12:08:00,11.3032,11.3831,11.2683,11.3791,236410.8400000021,1.0,0.0,0.0
2016-02-05,12:15:00,11.3781,11.3931,11.3232,11.3731,250832.20000000208,1.0,0.0,0.0
2016-02-05,12:22:00,11.3631,11.3931,11.3132,11.3232,189449.1000000021,1.0,0.0,0.0
2016-02-05,12:29:00,11.3332,11.3631,11.3232,11.3332,165003.8900000021,1.0,0.0,0.0
2016-02-05,12:36:00,11.3332,11.3531,11.3032,11.3172,192351.3100000021,1.0,0.0,0.0
2016-02-05,12:43:00,11.3232,11.3232,11.2832,11.2932,184896.3700000021,1.0,0.0,0.0
2016-02-05,12:50:00,11.3032,11.3032,11.2333,11.2433,153739.01000000208,1.0,0.0,0.0
2016-02-05,12:57:00,11.2533,11.2732,11.2483,11.2683,97242.3100000021,1.0,0.0,0.0
2016-02-05,13:04:00,11.2732,11.3232,11.2583,11.3132,207292.47000000204,1.0,0.0,0.0
2016-02-05,13:11:00,11.3132,11.3332,11.2932,11.3032,186582.80000000208,1.0,0.0,0.0
2016-02-05,13:18:00,11.3032,11.3132,11.2633,11.3032,148437.30000000208,1.0,0.0,0.0
2016-02-05,13:25:00,11.3032,11.3332,11.2832,11.3132,121895.81000000208,1.0,0.0,0.0
2016-02-05,13:32:00,11.3132,11.3182,11.2583,11.2583,92104.69000000205,1.0,0.0,0.0
2016-02-05,13:39:00,11.2533,11.2882,11.2433,11.2633,127702.50000000207,1.0,0.0,0.0
2016-02-05,13:46:00,11.2683,11.2832,11.2543,11.2782,108233.57000000204,1.0,0.0,0.0
2016-02-05,13:53:00,11.2782,11.2832,11.2333,11.2343,172802.30000000203,1.0,0.0,0.0
2016-02-05,14:00:00,11.2383,11.3132,11.2333,11.3032,199738.35000000207,1.0,0.0,0.0
2016-02-05,14:07:00,11.3032,11.3032,11.2633,11.2683,111435.4800000021,1.0,0.0,0.0
2016-02-05,14:14:00,11.2634,11.3126,11.2633,11.2932,313380.9200000021,1.0,0.0,0.0
2016-02-05,14:21:00,11.2932,11.3332,11.2932,11.2982,162220.560000002,1.0,0.0,0.0
2016-02-05,14:28:00,11.3032,11.3032,11.2732,11.2732,101472.54000000203,1.0,0.0,0.0
2016-02-05,14:35:00,11.2782,11.3032,11.2633,11.2882,193904.71000000197,1.0,0.0,0.0
2016-02-05,14:42:00,11.2873,11.3232,11.286,11.3032,250826.12000000197,1.0,0.0,0.0
2016-02-05,14:49:00,11.3082,11.3431,11.3032,11.3382,224573.180000002,1.0,0.0,0.0
2016-02-05,14:56:00,11.3332,11.3731,11.3332,11.3681,299696.600000002,1.0,0.0,0.0
2016-02-05,15:03:00,11.3731,11.463,11.3631,11.427999999999999,619601.600000002,1.0,0.0,0.0
2016-02-05,15:10:00,11.433,11.44,11.3831,11.3832,248246.25000000195,1.0,0.0,0.0
2016-02-05,15:17:00,11.3921,11.443,11.3831,11.443,228430.90000000194,1.0,0.0,0.0
2016-02-05,15:24:00,11.453,11.4829,11.433,11.4829,493828.40000000194,1.0,0.0,0.0
2016-02-05,15:31:00,11.4829,11.4929,11.463,11.4928,393429.400000002,1.0,0.0,0.0
2016-02-05,15:38:00,11.4879,11.5129,11.472999999999999,11.5129,560628.100000002,1.0,0.0,0.0
2016-02-05,15:45:00,11.5129,11.6028,11.482999999999999,11.5978,747218.2000000019,1.0,0.0,0.0
2016-02-05,15:52:00,11.5928,11.6227,11.5628,11.5878,747478.700000002,1.0,0.0,0.0
2016-02-05,15:59:00,11.5828,11.6227,11.5728,11.6177,1148745.900000002,1.0,0.0,0.0
2016-02-08,09:36:00,11.9223,12.1519,11.8923,12.132,3070878.0000000023,1.0,0.0,0.0
2016-02-08,09:43:00,12.132,12.2618,11.8823,11.9323,1722809.0000000023,1.0,0.0,0.0
2016-02-08,09:50:00,11.9423,12.102,11.9023,12.102,1062617.0000000023,1.0,0.0,0.0
2016-02-08,09:57:00,12.0945,12.1619,12.0521,12.1088,1236072.1000000024,1.0,0.0,0.0
2016-02-08,10:04:00,12.110999999999999,12.127,11.9922,12.102,820577.7000000023,1.0,0.0,0.0
2016-02-08,10:11:00,12.112,12.122,11.9722,12.102,1305250.8000000024,1.0,0.0,0.0
2016-02-08,10:18:00,12.102,12.132,12.0221,12.0721,961416.0000000023,1.0,0.0,0.0
2016-02-08,10:25:00,12.082,12.0821,11.9423,11.9423,947266.0000000023,1.0,0.0,0.0
2016-02-08,10:32:00,11.9423,11.9622,11.8524,11.8774,753217.8000000024,1.0,0.0,0.0
2016-02-08,10:39:00,11.8774,11.8774,11.7725,11.7975,906841.3000000024,1.0,0.0,0.0
2016-02-08,10:46:00,11.8025,11.9023,11.7825,11.8324,666423.7000000024,1.0,0.0,0.0
2016-02-08,10:53:00,11.8324,11.9023,11.7925,11.8524,681064.6000000023,1.0,0.0,0.0
2016-02-08,11:00:00,11.8574,11.9822,11.8424,11.9522,920438.1000000024,1.0,0.0,0.0
2016-02-08,11:07:00,11.9522,12.0721,11.9522,12.0022,737087.8000000023,1.0,0.0,0.0
2016-02-08,11:14:00,12.0022,12.122,12.0022,12.1195,656102.5000000022,1.0,0.0,0.0
2016-02-08,11:21:00,12.112,12.142000000000001,12.082,12.1019,692533.2000000022,1.0,0.0,0.0
2016-02-08,11:28:00,12.097000000000001,12.122,12.0421,12.102,497563.80000000214,1.0,0.0,0.0
2016-02-08,11:35:00,12.102,12.2019,12.102,12.1969,591700.9000000021,1.0,0.0,0.0
2016-02-08,11:42:00,12.2019,12.2218,12.1719,12.1918,719208.1000000022,1.0,0.0,0.0
2016-02-08,11:49:00,12.1919,12.2318,12.1819,12.2218,533396.4000000021,1.0,0.0,0.0
2016-02-08,11:56:00,12.2218,12.2718,12.2218,12.2468,392903.0000000021,1.0,0.0,0.0
2016-02-08,12:03:00,12.2518,12.3616,12.2418,12.3616,1099180.1000000022,1.0,0.0,0.0
2016-02-08,12:10:00,12.3616,12.4465,12.3088,12.3666,1064297.700000002,1.0,0.0,0.0
2016-02-08,12:17:00,12.3616,12.3716,12.1819,12.1819,761182.700000002,1.0,0.0,0.0
2016-02-08,12:24:00,12.1819,12.2318,12.1719,12.2119,612982.300000002,1.0,0.0,0.0
2016-02-08,12:31:00,12.2044,12.2518,12.082,12.107000000000001,343172.20000000205,1.0,0.0,0.0
2016-02-08,12:38:00,12.102,12.1919,12.0721,12.1719,343350.50000000204,1.0,0.0,0.0
2016-02-08,12:45:00,12.1619,12.2218,12.1619,12.1919,221508.60000000198,1.0,0.0,0.0
2016-02-08,12:52:00,12.182,12.2168,12.137,12.2069,393520.200000002,1.0,0.0,0.0
2016-02-08,12:59:00,12.2019,12.2518,12.122,12.142000000000001,439049.08000000205,1.0,0.0,0.0
2016-02-08,13:06:00,12.137,12.1819,12.112,12.1719,459681.9000000021,1.0,0.0,0.0
2016-02-08,13:13:00,12.1619,12.2468,12.1619,12.2319,297829.9000000021,1.0,0.0,0.0
2016-02-08,13:20:00,12.2418,12.2718,12.1919,12.2019,253358.9000000022,1.0,0.0,0.0
2016-02-08,13:27:00,12.2019,12.2318,12.1819,12.2218,197139.6000000022,1.0,0.0,0.0
2016-02-08,13:34:00,12.2218,12.2418,12.2019,12.2368,213967.47000000218,1.0,0.0,0.0
2016-02-08,13:41:00,12.2343,12.2618,12.1619,12.1619,271090.30000000214,1.0,0.0,0.0
2016-02-08,13:48:00,12.1719,12.1719,12.097000000000001,12.127,255982.80000000208,1.0,0.0,0.0
2016-02-08,13:55:00,12.1268,12.142000000000001,12.0621,12.112,405425.3000000021,1.0,0.0,0.0
2016-02-08,14:02:00,12.112,12.147,12.0721,12.0721,279095.93000000203,1.0,0.0,0.0
2016-02-08,14:09:00,12.0721,12.097000000000001,11.9822,11.9822,346096.5000000021,1.0,0.0,0.0
2016-02-08,14:16:00,11.9872,12.107000000000001,11.9622,12.082,394201.000000002,1.0,0.0,0.0
2016-02-08,14:23:00,12.0721,12.1019,12.0297,12.0721,294442.90000000206,1.0,0.0,0.0
2016-02-08,14:30:00,12.082,12.1693,12.0721,12.1669,476111.4000000021,1.0,0.0,0.0
2016-02-08,14:37:00,12.1669,12.2019,12.1619,12.1719,538045.4000000021,1.0,0.0,0.0
2016-02-08,14:44:00,12.1719,12.1819,12.122,12.137,354887.2000000021,1.0,0.0,0.0
2016-02-08,14:51:00,12.137,12.1519,12.092,12.127,432617.0000000021,1.0,0.0,0.0
2016-02-08,14:58:00,12.132,12.132,12.102,12.117,338392.1000000021,1.0,0.0,0.0
2016-02-08,15:05:00,12.122,12.122,12.0421,12.0671,689962.2000000022,1.0,0.0,0.0
2016-02-08,15:12:00,12.0671,12.0721,12.0022,12.0022,470504.3000000022,1.0,0.0,0.0
2016-02-08,15:19:00,12.0072,12.0621,11.9822,11.9822,755301.1000000022,1.0,0.0,0.0
2016-02-08,15:26:00,11.9822,12.0022,11.9223,11.9293,764270.0000000022,1.0,0.0,0.0
2016-02-08,15:33:00,11.9273,12.0072,11.9123,11.9822,877673.4000000021,1.0,0.0,0.0
2016-02-08,15:40:00,11.9822,11.9822,11.8724,11.8724,971344.3000000021,1.0,0.0,0.0
2016-02-08,15:47:00,11.8774,11.9123,11.8724,11.8923,612876.8000000023,1.0,0.0,0.0
2016-02-08,15:54:00,11.8873,11.9023,11.8524,11.8873,889466.4000000024,1.0,0.0,0.0
2016-02-09,09:31:00,11.8923,12.0521,11.8823,11.9922,1314929.2000000023,1.0,0.0,0.0
2016-02-09,09:38:00,11.9822,12.1519,11.7625,11.8025,1668365.7000000023,1.0,0.0,0.0
2016-02-09,09:45:00,11.8025,11.8075,11.6337,11.7326,1492357.0000000023,1.0,0.0,0.0
2016-02-09,09:52:00,11.7326,11.8224,11.6428,11.7026,885353.8000000024,1.0,0.0,0.0
2016-02-09,09:59:00,11.6985,11.6985,11.463,11.5528,891841.0000000024,1.0,0.0,0.0
2016-02-09,10:06:00,11.5528,11.6727,11.5279,11.5329,785188.1000000024,1.0,0.0,0.0
2016-02-09,10:13:00,11.5329,11.6727,11.5329,11.5978,1098632.4000000025,1.0,0.0,0.0
2016-02-09,10:20:00,11.5978,11.7825,11.5728,11.7825,786742.1000000027,1.0,0.0,0.0
2016-02-09,10:27:00,11.7815,11.7925,11.6227,11.6976,597805.2000000026,1.0,0.0,0.0
2016-02-09,10:34:00,11.7026,11.8823,11.6826,11.8823,514182.6000000026,1.0,0.0,0.0
2016-02-09,10:41:00,11.8724,11.9323,11.8224,11.8621,460299.00000000256,1.0,0.0,0.0
2016-02-09,10:48:00,11.8624,11.9073,11.7925,11.8025,333415.7000000026,1.0,0.0,0.0
2016-02-09,10:55:00,11.8124,11.9522,11.8075,11.8823,481175.40000000264,1.0,0.0,0.0
2016-02-09,11:02:00,11.8823,11.9423,11.8124,11.8124,349716.80000000255,1.0,0.0,0.0
2016-02-09,11:09:00,11.8124,11.8424,11.7126,11.7725,386706.8000000025,1.0,0.0,0.0
2016-02-09,11:16:00,11.7725,11.7925,11.7336,11.7591,286379.9000000024,1.0,0.0,0.0
2016-02-09,11:23:00,11.7625,11.7925,11.6826,11.7026,213044.1000000023,1.0,0.0,0.0
2016-02-09,11:30:00,11.7026,11.7126,11.6227,11.6427,349715.80000000226,1.0,0.0,0.0
2016-02-09,11:37:00,11.6427,11.7326,11.6277,11.6926,238778.20000000228,1.0,0.0,0.0
2016-02-09,11:44:00,11.7026,11.7625,11.7025,11.7525,271309.6000000023,1.0,0.0,0.0
2016-02-09,11:51:00,11.7525,11.7925,11.7226,11.7475,283211.2000000023,1.0,0.0,0.0
2016-02-09,11:58:00,11.7426,11.7825,11.7126,11.7725,217981.40000000226,1.0,0.0,0.0
2016-02-09,12:05:00,11.7825,11.8025,11.7326,11.7825,482127.9000000021,1.0,0.0,0.0
2016-02-09,12:12:00,11.7875,11.8724,11.7875,11.8329,239157.9000000022,1.0,0.0,0.0
2016-02-09,12:19:00,11.8424,11.8424,11.7725,11.8124,263091.4000000022,1.0,0.0,0.0
2016-02-09,12:26:00,11.8224,11.8724,11.8025,11.8574,376577.7000000022,1.0,0.0,0.0
2016-02-09,12:33:00,11.8624,11.9023,11.8026,11.8923,286875.7000000022,1.0,0.0,0.0
2016-02-09,12:40:00,11.8923,11.9023,11.8224,11.8923,171921.11000000214,1.0,0.0,0.0
2016-02-09,12:47:00,11.8923,11.9223,11.8724,11.9173,104376.81000000212,1.0,0.0,0.0
2016-02-09,12:54:00,11.9173,11.9223,11.8823,11.9073,151091.20000000217,1.0,0.0,0.0
2016-02-09,13:01:00,11.9033,11.9423,11.8973,11.9323,310535.32000000216,1.0,0.0,0.0
2016-02-09,13:08:00,11.9323,11.9722,11.9124,11.9522,247728.60000000207,1.0,0.0,0.0
2016-02-09,13:15:00,11.9572,11.9972,11.9373,11.9722,336996.4000000021,1.0,0.0,0.0
2016-02-09,13:22:00,11.9772,11.9822,11.8574,11.8624,207132.30000000208,1.0,0.0,0.0
2016-02-09,13:29:00,11.8623,11.8823,11.8124,11.8324,138576.630000002,1.0,0.0,0.0
2016-02-09,13:36:00,11.8324,11.8324,11.7226,11.7625,179171.70000000202,1.0,0.0,0.0
2016-02-09,13:43:00,11.7715,11.8224,11.7426,11.7426,126376.46000000203,1.0,0.0,0.0
2016-02-09,13:50:00,11.7475,11.7775,11.7226,11.7226,192831.100000002,1.0,0.0,0.0
2016-02-09,13:57:00,11.7226,11.7475,11.6637,11.6926,239401.20000000202,1.0,0.0,0.0
2016-02-09,14:04:00,11.7025,11.7126,11.6177,11.6427,349365.410000002,1.0,0.0,0.0
2016-02-09,14:11:00,11.6527,11.6527,11.5628,11.6227,338710.800000002,1.0,0.0,0.0
2016-02-09,14:18:00,11.6227,11.6727,11.5828,11.665999999999999,197911.60000000196,1.0,0.0,0.0
2016-02-09,14:25:00,11.6727,11.7126,11.6327,11.6327,316376.10000000196,1.0,0.0,0.0
2016-02-09,14:32:00,11.6377,11.6527,11.5428,11.5628,397877.3000000019,1.0,0.0,0.0
2016-02-09,14:39:00,11.5628,11.5828,11.4929,11.5279,373818.60000000184,1.0,0.0,0.0
2016-02-09,14:46:00,11.5304,11.5578,11.443,11.4729,786586.0000000019,1.0,0.0,0.0
2016-02-09,14:53:00,11.472999999999999,11.472999999999999,11.418,11.443,525814.700000002,1.0,0.0,0.0
2016-02-09,15:00:00,11.437999999999999,11.437999999999999,11.2932,11.3032,929533.900000002,1.0,0.0,0.0
2016-02-09,15:07:00,11.3032,11.3132,11.2133,11.3032,949428.600000002,1.0,0.0,0.0
2016-02-09,15:14:00,11.3132,11.3431,11.2583,11.3031,1339243.400000002,1.0,0.0,0.0
2016-02-09,15:21:00,11.3032,11.3132,11.1934,11.2633,1476733.5000000019,1.0,0.0,0.0
2016-02-09,15:28:00,11.2633,11.3531,11.1934,11.2035,687132.0000000019,1.0,0.0,0.0
2016-02-09,15:35:00,11.2132,11.3032,11.1634,11.2982,1152735.5000000019,1.0,0.0,0.0
2016-02-09,15:42:00,11.3032,11.3332,11.2035,11.2283,1139292.100000002,1.0,0.0,0.0
2016-02-09,15:49:00,11.2333,11.2633,11.1934,11.2083,867632.0000000021,1.0,0.0,0.0
2016-02-09,15:56:00,11.2034,11.2333,11.1634,11.1834,1965303.0000000019,1.0,0.0,0.0
2016-02-10,09:33:00,11.1834,11.2133,10.7041,10.7141,1047903.5000000019,1.0,0.0,0.0
2016-02-10,09:40:00,10.7141,10.754000000000001,10.5543,10.6841,2515687.000000002,1.0,0.0,0.0
2016-02-10,09:47:00,10.6841,10.9338,10.6841,10.8938,1445117.0000000019,1.0,0.0,0.0
2016-02-10,09:54:00,10.8838,11.0336,10.8139,10.8738,1016893.0000000019,1.0,0.0,0.0
2016-02-10,10:01:00,10.8838,10.9138,10.6841,10.7041,758474.1000000018,1.0,0.0,0.0
2016-02-10,10:08:00,10.6941,10.7041,10.5743,10.6442,775845.2000000017,1.0,0.0,0.0
2016-02-10,10:15:00,10.6492,10.7341,10.6142,10.6443,502063.4000000016,1.0,0.0,0.0
2016-02-10,10:22:00,10.6442,10.8339,10.5943,10.8039,825461.8000000017,1.0,0.0,0.0
2016-02-10,10:29:00,10.8,10.8539,10.764000000000001,10.799000000000001,659958.7000000017,1.0,0.0,0.0
2016-02-10,10:36:00,10.8039,10.8938,10.794,10.8639,714518.2000000016,1.0,0.0,0.0
2016-02-10,10:43:00,10.8539,10.9338,10.8439,10.9138,569925.3000000016,1.0,0.0,0.0
2016-02-10,10:50:00,10.9188,11.1035,10.9138,11.0436,578977.4000000017,1.0,0.0,0.0
2016-02-10,10:57:00,11.0411,11.0735,10.9987,11.0735,755016.5000000016,1.0,0.0,0.0
2016-02-10,11:04:00,11.0735,11.1235,10.9238,11.0336,727705.5000000016,1.0,0.0,0.0
2016-02-10,11:11:00,11.0246,11.0536,10.9637,10.9937,553218.5000000015,1.0,0.0,0.0
2016-02-10,11:18:00,10.9987,11.0785,10.9637,11.0735,409950.2000000016,1.0,0.0,0.0
2016-02-10,11:25:00,11.0735,11.0835,10.9547,10.9637,352399.0000000016,1.0,0.0,0.0
2016-02-10,11:32:00,10.9687,11.0735,10.9437,11.0037,445544.60000000155,1.0,0.0,0.0
2016-02-10,11:39:00,11.0037,11.1235,10.9437,11.1035,436484.6000000016,1.0,0.0,0.0
2016-02-10,11:46:00,11.1035,11.1634,11.0935,11.1534,352143.2000000016,1.0,0.0,0.0
2016-02-10,11:53:00,11.1634,11.2533,11.1434,11.2533,403681.0000000015,1.0,0.0,0.0
2016-02-10,12:00:00,11.2533,11.3232,11.2283,11.2832,368441.70000000147,1.0,0.0,0.0
2016-02-10,12:07:00,11.2832,11.3831,11.2732,11.3133,417913.7000000015,1.0,0.0,0.0
2016-02-10,12:14:00,11.3232,11.3431,11.2333,11.3032,458883.70000000147,1.0,0.0,0.0
2016-02-10,12:21:00,11.3082,11.3631,11.2433,11.2532,417824.50000000146,1.0,0.0,0.0
2016-02-10,12:28:00,11.2533,11.2633,11.1834,11.2233,345990.8000000014,1.0,0.0,0.0
2016-02-10,12:35:00,11.2233,11.2433,11.1734,11.2096,288327.70000000135,1.0,0.0,0.0
2016-02-10,12:42:00,11.2034,11.2433,11.1534,11.2233,311021.50000000134,1.0,0.0,0.0
2016-02-10,12:49:00,11.2333,11.2433,11.1884,11.2042,195124.40000000136,1.0,0.0,0.0
2016-02-10,12:56:00,11.2034,11.2533,11.1984,11.2483,288866.1500000013,1.0,0.0,0.0
2016-02-10,13:03:00,11.2533,11.3831,11.2433,11.3831,654830.6000000013,1.0,0.0,0.0
2016-02-10,13:10:00,11.3731,11.472999999999999,11.3731,11.463,447158.03000000137,1.0,0.0,0.0
2016-02-10,13:17:00,11.468,11.4829,11.446,11.448,475048.60000000126,1.0,0.0,0.0
2016-02-10,13:24:00,11.453,11.453,11.3931,11.433,339315.4000000012,1.0,0.0,0.0
2016-02-10,13:31:00,11.433,11.463,11.3831,11.453,302171.3000000012,1.0,0.0,0.0
2016-02-10,13:38:00,11.4629,11.472999999999999,11.3631,11.453,276647.3500000012,1.0,0.0,0.0
2016-02-10,13:45:00,11.453,11.463,11.413,11.418,212261.00000000116,1.0,0.0,0.0
2016-02-10,13:52:00,11.423,11.433,11.3731,11.3831,175825.03000000116,1.0,0.0,0.0
2016-02-10,13:59:00,11.3831,11.433,11.3531,11.423,158568.2700000012,1.0,0.0,0.0
2016-02-10,14:06:00,11.423,11.433,11.3881,11.423,108927.57000000121,1.0,0.0,0.0
2016-02-10,14:13:00,11.413,11.418,11.3431,11.3731,214816.7200000012,1.0,0.0,0.0
2016-02-10,14:20:00,11.3731,11.413,11.3531,11.3831,153458.61000000118,1.0,0.0,0.0
2016-02-10,14:27:00,11.3831,11.3931,11.3431,11.3831,159244.11000000115,1.0,0.0,0.0
2016-02-10,14:34:00,11.3831,11.423,11.383,11.3831,129292.84000000119,1.0,0.0,0.0
2016-02-10,14:41:00,11.3841,11.4031,11.3731,11.3831,78653.6900000012,1.0,0.0,0.0
2016-02-10,14:48:00,11.3931,11.423,11.3531,11.413,140945.96000000116,1.0,0.0,0.0
2016-02-10,14:55:00,11.405999999999999,11.463,11.405999999999999,11.423,228039.23000000117,1.0,0.0,0.0
2016-02-10,15:02:00,11.423,11.443,11.3931,11.413,171773.86000000115,1.0,0.0,0.0
2016-02-10,15:09:00,11.4031,11.4098,11.3731,11.3781,298231.1500000012,1.0,0.0,0.0
2016-02-10,15:16:00,11.3731,11.463,11.3431,11.443,277522.79000000114,1.0,0.0,0.0
2016-02-10,15:23:00,11.443,11.463,11.413,11.433,337283.50000000116,1.0,0.0,0.0
2016-02-10,15:30:00,11.433,11.443,11.4031,11.423,274942.60000000114,1.0,0.0,0.0
2016-02-10,15:37:00,11.427999999999999,11.4829,11.3931,11.4779,422870.4000000012,1.0,0.0,0.0
2016-02-10,15:44:00,11.4829,11.5229,11.463,11.5229,491495.40000000125,1.0,0.0,0.0
2016-02-10,15:51:00,11.5129,11.5728,11.5029,11.5279,780293.8000000012,1.0,0.0,0.0
2016-02-10,15:58:00,11.5229,11.5828,11.5229,11.5627,1051270.3000000012,1.0,0.0,0.0
2016-02-11,09:35:00,11.5628,12.6412,11.5528,12.2268,3186770.000000001,1.0,0.0,0.0
2016-02-11,09:42:00,12.2258,12.3516,12.102,12.1619,1275446.700000001,1.0,0.0,0.0
2016-02-11,09:49:00,12.1719,12.1919,11.9323,12.092,1556350.000000001,1.0,0.0,0.0
2016-02-11,09:56:00,12.092,12.2119,12.0321,12.0621,1101219.6000000008,1.0,0.0,0.0
2016-02-11,10:03:00,12.0621,12.2218,11.9123,12.2119,1266344.600000001,1.0,0.0,0.0
2016-02-11,10:10:00,12.2119,12.2518,12.1619,12.2218,787213.0000000008,1.0,0.0,0.0
2016-02-11,10:17:00,12.2218,12.2618,12.102,12.1819,1002700.1000000008,1.0,0.0,0.0
2016-02-11,10:24:00,12.1819,12.3417,12.1719,12.2317,1027510.1000000006,1.0,0.0,0.0
2016-02-11,10:31:00,12.2218,12.2917,12.2019,12.2818,791063.7000000008,1.0,0.0,0.0
2016-02-11,10:38:00,12.2818,12.3217,12.1519,12.1919,744943.5000000008,1.0,0.0,0.0
2016-02-11,10:45:00,12.1919,12.2019,12.0721,12.142000000000001,668191.7000000008,1.0,0.0,0.0
2016-02-11,10:52:00,12.147,12.2867,12.142000000000001,12.2693,562624.2000000008,1.0,0.0,0.0
2016-02-11,10:59:00,12.2618,12.3516,12.2618,12.3467,511972.90000000084,1.0,0.0,0.0
2016-02-11,11:06:00,12.3467,12.4465,12.3217,12.4415,780571.5000000008,1.0,0.0,0.0
2016-02-11,11:13:00,12.4365,12.4515,12.3417,12.3766,435664.40000000084,1.0,0.0,0.0
2016-02-11,11:20:00,12.3766,12.4715,12.3666,12.4615,475723.7000000009,1.0,0.0,0.0
2016-02-11,11:27:00,12.4665,12.4715,12.3816,12.3816,407732.60000000097,1.0,0.0,0.0
2016-02-11,11:34:00,12.3766,12.5364,12.3766,12.4914,676210.900000001,1.0,0.0,0.0
2016-02-11,11:41:00,12.4914,12.5114,12.3317,12.3816,715527.0000000009,1.0,0.0,0.0
2016-02-11,11:48:00,12.3816,12.4214,12.2837,12.4116,447078.50000000105,1.0,0.0,0.0
2016-02-11,11:55:00,12.4116,12.4515,12.3267,12.3517,521777.600000001,1.0,0.0,0.0
2016-02-11,12:02:00,12.3616,12.4465,12.2967,12.4116,369703.50000000105,1.0,0.0,0.0
2016-02-11,12:09:00,12.4215,12.4265,12.3217,12.4066,209893.30000000112,1.0,0.0,0.0
2016-02-11,12:16:00,12.4017,12.4215,12.3317,12.4116,179685.60000000114,1.0,0.0,0.0
2016-02-11,12:23:00,12.4116,12.4815,12.4116,12.4475,347848.10000000114,1.0,0.0,0.0
2016-02-11,12:30:00,12.4415,12.4715,12.3916,12.4016,409855.1000000012,1.0,0.0,0.0
2016-02-11,12:37:00,12.4016,12.4215,12.3317,12.3566,215100.0100000013,1.0,0.0,0.0
2016-02-11,12:44:00,12.3516,12.3916,12.3317,12.3417,203354.5600000013,1.0,0.0,0.0
2016-02-11,12:51:00,12.3417,12.3417,12.2019,12.2917,441287.70000000135,1.0,0.0,0.0
2016-02-11,12:58:00,12.2917,12.3017,12.2268,12.2618,275605.9000000013,1.0,0.0,0.0
2016-02-11,13:05:00,12.2556,12.3117,12.1519,12.1619,392012.20000000123,1.0,0.0,0.0
2016-02-11,13:12:00,12.1719,12.2218,12.1619,12.212,132084.93000000127,1.0,0.0,0.0
2016-02-11,13:19:00,12.2019,12.2069,12.0621,12.112,370315.50000000134,1.0,0.0,0.0
2016-02-11,13:26:00,12.107000000000001,12.1919,12.0721,12.1819,288563.3000000013,1.0,0.0,0.0
2016-02-11,13:33:00,12.1819,12.1919,12.132,12.1719,672496.8000000013,1.0,0.0,0.0
2016-02-11,13:40:00,12.1718,12.1719,12.137,12.1569,370057.77000000136,1.0,0.0,0.0
2016-02-11,13:47:00,12.1619,12.1719,12.0621,12.081,358667.20000000147,1.0,0.0,0.0
2016-02-11,13:54:00,12.0722,12.1519,12.0621,12.082,406181.90000000136,1.0,0.0,0.0
2016-02-11,14:01:00,12.0919,12.102,12.0221,12.0521,463343.70000000135,1.0,0.0,0.0
2016-02-11,14:08:00,12.0521,12.102,12.0321,12.0421,247309.99000000145,1.0,0.0,0.0
2016-02-11,14:15:00,12.0521,12.082,11.9922,12.0471,211471.7000000015,1.0,0.0,0.0
2016-02-11,14:22:00,12.0471,12.1619,12.0122,12.122,384046.40000000154,1.0,0.0,0.0
2016-02-11,14:29:00,12.112,12.2418,12.112,12.2218,308619.7000000016,1.0,0.0,0.0
2016-02-11,14:36:00,12.2218,12.2818,12.1919,12.2768,430084.80000000156,1.0,0.0,0.0
2016-02-11,14:43:00,12.2718,12.3017,12.0942,12.122,526019.0000000015,1.0,0.0,0.0
2016-02-11,14:50:00,12.116,12.1969,12.0721,12.117,434311.40000000154,1.0,0.0,0.0
2016-02-11,14:57:00,12.122,12.122,12.0022,12.0022,370631.0000000016,1.0,0.0,0.0
2016-02-11,15:04:00,12.0022,12.102,11.9922,12.0971,333320.60000000155,1.0,0.0,0.0
2016-02-11,15:11:00,12.1019,12.1919,12.092,12.1719,286602.10000000155,1.0,0.0,0.0
2016-02-11,15:18:00,12.1669,12.1719,12.102,12.112,362367.8000000015,1.0,0.0,0.0
2016-02-11,15:25:00,12.112,12.142000000000001,12.0221,12.0521,332610.6000000015,1.0,0.0,0.0
2016-02-11,15:32:00,12.0521,12.082,12.0022,12.0321,331346.5000000015,1.0,0.0,0.0
2016-02-11,15:39:00,12.0321,12.0421,11.9323,11.9423,607641.9000000015,1.0,0.0,0.0
2016-02-11,15:46:00,11.9472,11.9622,11.8923,11.9023,709982.1000000016,1.0,0.0,0.0
2016-02-11,15:53:00,11.9123,11.9522,11.8923,11.9424,682232.4000000015,1.0,0.0,0.0
2016-02-12,09:30:00,11.9423,11.9522,11.6028,11.6227,1030787.6000000017,1.0,0.0,0.0
2016-02-12,09:37:00,11.6327,11.8224,11.6127,11.7362,982181.9000000015,1.0,0.0,0.0
2016-02-12,09:44:00,11.7426,11.8324,11.7126,11.7725,717495.8000000014,1.0,0.0,0.0
2016-02-12,09:51:00,11.7725,12.082,11.7725,12.0521,838494.0000000015,1.0,0.0,0.0
2016-02-12,09:58:00,12.0541,12.142000000000001,12.0221,12.117,583106.4000000015,1.0,0.0,0.0
2016-02-12,10:05:00,12.112,12.1519,12.0022,12.0022,480676.5000000015,1.0,0.0,0.0
2016-02-12,10:12:00,12.0022,12.132,11.9922,12.127,560911.9000000017,1.0,0.0,0.0
2016-02-12,10:19:00,12.1221,12.2019,12.0271,12.0321,681875.0000000017,1.0,0.0,0.0
2016-02-12,10:26:00,12.0371,12.0721,11.9572,11.9922,381006.30000000173,1.0,0.0,0.0
2016-02-12,10:33:00,11.9922,12.0321,11.9423,11.9672,267692.2000000017,1.0,0.0,0.0
2016-02-12,10:40:00,11.9722,12.0321,11.9472,12.0271,624932.9000000018,1.0,0.0,0.0
2016-02-12,10:47:00,12.0321,12.082,12.0072,12.0621,305502.3000000018,1.0,0.0,0.0
2016-02-12,10:54:00,12.0721,12.0721,11.9423,11.9472,609314.7000000017,1.0,0.0,0.0
2016-02-12,11:01:00,11.9522,11.9522,11.8724,11.8724,265350.8000000017,1.0,0.0,0.0
2016-02-12,11:08:00,11.8724,11.9323,11.8524,11.8624,258538.50000000175,1.0,0.0,0.0
2016-02-12,11:15:00,11.8624,11.8735,11.7625,11.8124,380192.1000000017,1.0,0.0,0.0
2016-02-12,11:22:00,11.8124,11.8374,11.7575,11.7925,356403.8000000018,1.0,0.0,0.0
2016-02-12,11:29:00,11.8025,11.8923,11.7975,11.8724,212514.29000000187,1.0,0.0,0.0
2016-02-12,11:36:00,11.8724,11.9323,11.8474,11.9323,201774.3000000019,1.0,0.0,0.0
2016-02-12,11:43:00,11.9293,11.9922,11.9273,11.9522,293660.70000000205,1.0,0.0,0.0
2016-02-12,11:50:00,11.9499,11.9622,11.8664,11.8724,301219.00000000204,1.0,0.0,0.0
2016-02-12,11:57:00,11.8732,11.9273,11.8724,11.8823,191195.70000000196,1.0,0.0,0.0
2016-02-12,12:04:00,11.8873,11.9223,11.8724,11.8823,223914.20000000196,1.0,0.0,0.0
2016-02-12,12:11:00,11.8823,11.9123,11.8624,11.8724,321860.500000002,1.0,0.0,0.0
2016-02-12,12:18:00,11.8823,11.9023,11.8474,11.8624,201830.500000002,1.0,0.0,0.0
2016-02-12,12:25:00,11.8724,11.9487,11.8625,11.9323,151391.520000002,1.0,0.0,0.0
2016-02-12,12:32:00,11.9423,11.9972,11.9323,11.9722,203895.50000000204,1.0,0.0,0.0
2016-02-12,12:39:00,11.9672,12.0421,11.9572,12.0321,187433.07000000202,1.0,0.0,0.0
2016-02-12,12:46:00,12.0321,12.0421,11.9572,11.9622,163866.190000002,1.0,0.0,0.0
2016-02-12,12:53:00,11.9622,11.9922,11.9572,11.9872,79329.71100000199,1.0,0.0,0.0
2016-02-12,13:00:00,11.9822,11.9922,11.9423,11.9522,203364.17000000196,1.0,0.0,0.0
2016-02-12,13:07:00,11.9522,11.9722,11.9323,11.9622,116100.2300000019,1.0,0.0,0.0
2016-02-12,13:14:00,11.9622,12.0171,11.9523,12.0122,69866.70000000187,1.0,0.0,0.0
2016-02-12,13:21:00,12.0122,12.0571,12.0022,12.0521,186760.21000000188,1.0,0.0,0.0
2016-02-12,13:28:00,12.0521,12.132,12.0371,12.1182,273565.8000000019,1.0,0.0,0.0
2016-02-12,13:35:00,12.117,12.1719,12.112,12.1619,197983.70000000187,1.0,0.0,0.0
2016-02-12,13:42:00,12.1519,12.1919,12.1421,12.1719,195876.70000000182,1.0,0.0,0.0
2016-02-12,13:49:00,12.1719,12.1819,12.097000000000001,12.132,143360.6000000018,1.0,0.0,0.0
2016-02-12,13:56:00,12.122,12.1519,12.102,12.1519,258765.98000000184,1.0,0.0,0.0
2016-02-12,14:03:00,12.1519,12.1819,12.1519,12.1769,109414.32000000181,1.0,0.0,0.0
2016-02-12,14:10:00,12.1769,12.2618,12.1769,12.2109,565440.1000000018,1.0,0.0,0.0
2016-02-12,14:17:00,12.2019,12.2568,12.182,12.2318,248432.5000000019,1.0,0.0,0.0
2016-02-12,14:24:00,12.2318,12.2618,12.2069,12.2518,180585.94000000192,1.0,0.0,0.0
2016-02-12,14:31:00,12.2518,12.3017,12.2019,12.2418,518614.6000000019,1.0,0.0,0.0
2016-02-12,14:38:00,12.2418,12.2718,12.1919,12.2518,398917.80000000185,1.0,0.0,0.0
2016-02-12,14:45:00,12.2518,12.2618,12.2168,12.2318,169918.10000000187,1.0,0.0,0.0
2016-02-12,14:52:00,12.2318,12.2368,12.127,12.2019,282864.7000000018,1.0,0.0,0.0
2016-02-12,14:59:00,12.2019,12.2518,12.1719,12.1719,224241.81000000174,1.0,0.0,0.0
2016-02-12,15:06:00,12.1719,12.2019,12.132,12.1919,317310.8000000017,1.0,0.0,0.0
2016-02-12,15:13:00,12.1919,12.2019,12.1719,12.1969,151322.56000000166,1.0,0.0,0.0
2016-02-12,15:20:00,12.2019,12.2019,12.142000000000001,12.147,201337.77000000165,1.0,0.0,0.0
2016-02-12,15:27:00,12.1519,12.2019,12.142000000000001,12.1869,207856.40000000168,1.0,0.0,0.0
2016-02-12,15:34:00,12.1869,12.2019,12.1669,12.1769,191199.81700000164,1.0,0.0,0.0
2016-02-12,15:41:00,12.1719,12.2168,12.1719,12.1869,305124.7500000016,1.0,0.0,0.0
2016-02-12,15:48:00,12.1919,12.2218,12.1919,12.2019,399198.60000000155,1.0,0.0,0.0
2016-02-12,15:55:00,12.2019,12.2119,12.1619,12.1819,454111.40000000154,1.0,0.0,0.0
2016-02-16,09:32:00,12.1869,12.2318,11.5428,11.6127,815465.2000000015,1.0,0.0,0.0
2016-02-16,09:39:00,11.6028,11.8724,11.5928,11.785,1549076.8000000014,1.0,0.0,0.0
2016-02-16,09:46:00,11.7825,11.7875,11.6127,11.6127,1055056.3000000017,1.0,0.0,0.0
2016-02-16,09:53:00,11.6227,11.7426,11.5828,11.7326,1320427.4000000015,1.0,0.0,0.0
2016-02-16,10:00:00,11.7326,11.7326,11.6427,11.6826,1047978.6000000017,1.0,0.0,0.0
2016-02-16,10:07:00,11.6727,11.7625,11.6227,11.7276,963099.8000000017,1.0,0.0,0.0
2016-02-16,10:14:00,11.7326,11.8424,11.7126,11.7625,1005219.0000000016,1.0,0.0,0.0
2016-02-16,10:21:00,11.7625,11.8424,11.7303,11.8224,660900.7000000016,1.0,0.0,0.0
2016-02-16,10:28:00,11.8224,11.9323,11.8124,11.9023,547003.0000000015,1.0,0.0,0.0
2016-02-16,10:35:00,11.9023,11.9273,11.7925,11.8124,362230.4000000015,1.0,0.0,0.0
2016-02-16,10:42:00,11.8025,11.8873,11.7825,11.8774,315005.4000000014,1.0,0.0,0.0
2016-02-16,10:49:00,11.8724,11.8923,11.8325,11.8823,259737.50000000146,1.0,0.0,0.0
2016-02-16,10:56:00,11.8823,11.9522,11.8823,11.8823,490038.50000000146,1.0,0.0,0.0
2016-02-16,11:03:00,11.8823,11.9822,11.8823,11.9722,338713.00000000134,1.0,0.0,0.0
2016-02-16,11:10:00,11.9722,11.9722,11.9323,11.9622,215993.40000000133,1.0,0.0,0.0
2016-02-16,11:17:00,11.9572,12.0221,11.9323,12.0112,739896.2000000015,1.0,0.0,0.0
2016-02-16,11:24:00,12.0022,12.0042,11.9273,11.9323,309612.5000000015,1.0,0.0,0.0
2016-02-16,11:31:00,11.9223,11.9423,11.8923,11.9223,299451.20000000147,1.0,0.0,0.0
2016-02-16,11:38:00,11.9323,12.0022,11.9323,12.0022,216114.66000000146,1.0,0.0,0.0
2016-02-16,11:45:00,12.0022,12.0221,11.9672,11.9822,259820.6000000014,1.0,0.0,0.0
2016-02-16,11:52:00,11.9822,12.0022,11.9722,11.9822,115233.9500000014,1.0,0.0,0.0
2016-02-16,11:59:00,11.9722,11.9922,11.9522,11.9522,131535.11000000138,1.0,0.0,0.0
2016-02-16,12:06:00,11.9458,11.9522,11.8324,11.8414,251862.60000000134,1.0,0.0,0.0
2016-02-16,12:13:00,11.8324,11.8624,11.8025,11.8424,266018.7600000014,1.0,0.0,0.0
2016-02-16,12:20:00,11.8424,11.9123,11.8324,11.8674,215191.3500000014,1.0,0.0,0.0
2016-02-16,12:27:00,11.8624,11.8724,11.8025,11.8302,169001.80000000139,1.0,0.0,0.0
2016-02-16,12:34:00,11.8324,11.8324,11.7326,11.7327,356683.3000000013,1.0,0.0,0.0
2016-02-16,12:41:00,11.7376,11.7725,11.7126,11.7575,281953.3000000013,1.0,0.0,0.0
2016-02-16,12:48:00,11.7525,11.7625,11.7076,11.7126,380778.0000000014,1.0,0.0,0.0
2016-02-16,12:55:00,11.7126,11.7158,11.6727,11.6976,224082.50000000143,1.0,0.0,0.0
2016-02-16,13:02:00,11.6976,11.7126,11.5628,11.5878,519489.96000000136,1.0,0.0,0.0
2016-02-16,13:09:00,11.5828,11.6449,11.5728,11.5978,344018.4000000014,1.0,0.0,0.0
2016-02-16,13:16:00,11.5978,11.6028,11.5329,11.533,452848.94000000134,1.0,0.0,0.0
2016-02-16,13:23:00,11.5379,11.5602,11.5029,11.5329,347327.70000000135,1.0,0.0,0.0
2016-02-16,13:30:00,11.5427,11.6028,11.5329,11.5928,221762.00000000137,1.0,0.0,0.0
2016-02-16,13:37:00,11.6028,11.6727,11.6028,11.6377,297330.76000000135,1.0,0.0,0.0
2016-02-16,13:44:00,11.6377,11.6427,11.5229,11.5379,227032.8000000014,1.0,0.0,0.0
2016-02-16,13:51:00,11.5379,11.5489,11.5129,11.5129,147427.75000000146,1.0,0.0,0.0
2016-02-16,13:58:00,11.5146,11.5329,11.5029,11.5029,196698.8000000014,1.0,0.0,0.0
2016-02-16,14:05:00,11.5029,11.5228,11.4829,11.5029,238206.31000000137,1.0,0.0,0.0
2016-02-16,14:12:00,11.5079,11.5329,11.472999999999999,11.4879,294912.3000000014,1.0,0.0,0.0
2016-02-16,14:19:00,11.4929,11.5329,11.4829,11.5179,156531.25000000143,1.0,0.0,0.0
2016-02-16,14:26:00,11.5229,11.5329,11.4879,11.5129,250416.7000000014,1.0,0.0,0.0
2016-02-16,14:33:00,11.5229,11.6028,11.5179,11.5828,242236.40000000148,1.0,0.0,0.0
2016-02-16,14:40:00,11.5828,11.6227,11.5578,11.5828,220428.0000000014,1.0,0.0,0.0
2016-02-16,14:47:00,11.5928,11.5928,11.5129,11.5379,307000.4000000014,1.0,0.0,0.0
2016-02-16,14:54:00,11.5379,11.5628,11.5129,11.5477,269251.60000000155,1.0,0.0,0.0
2016-02-16,15:01:00,11.5445,11.5728,11.5229,11.5478,183493.2700000016,1.0,0.0,0.0
2016-02-16,15:08:00,11.5428,11.5928,11.5229,11.5528,374025.6000000016,1.0,0.0,0.0
2016-02-16,15:15:00,11.5528,11.5928,11.5428,11.5678,213190.30000000165,1.0,0.0,0.0
2016-02-16,15:22:00,11.5728,11.5728,11.5229,11.5428,185152.70000000164,1.0,0.0,0.0
2016-02-16,15:29:00,11.5428,11.5678,11.5129,11.5129,232070.40000000168,1.0,0.0,0.0
2016-02-16,15:36:00,11.5229,11.5778,11.5129,11.5728,505209.6000000016,1.0,0.0,0.0
2016-02-16,15:43:00,11.5828,11.6327,11.5329,11.6327,367259.1000000016,1.0,0.0,0.0
2016-02-16,15:50:00,11.6277,11.6327,11.5728,11.5878,559213.2000000017,1.0,0.0,0.0
2016-02-16,15:57:00,11.5878,11.6327,11.5828,11.6127,856638.7000000017,1.0,0.0,0.0
2016-02-17,09:34:00,11.6227,11.7625,11.5628,11.6527,1257189.7000000018,1.0,0.0,0.0
2016-02-17,09:41:00,11.6528,11.7026,11.4929,11.5229,1169748.100000002,1.0,0.0,0.0
2016-02-17,09:48:00,11.5229,11.5728,11.4829,11.5294,1229008.5000000019,1.0,0.0,0.0
2016-02-17,09:55:00,11.5229,11.6377,11.503,11.6327,666240.7000000018,1.0,0.0,0.0
2016-02-17,10:02:00,11.6327,11.8424,11.610999999999999,11.8324,588242.400000002,1.0,0.0,0.0
2016-02-17,10:09:00,11.8324,11.9223,11.7925,11.9123,554743.9000000019,1.0,0.0,0.0
2016-02-17,10:16:00,11.9223,11.9323,11.7925,11.8124,437602.4000000019,1.0,0.0,0.0
2016-02-17,10:23:00,11.8124,11.8224,11.7226,11.7826,336349.9000000019,1.0,0.0,0.0
2016-02-17,10:30:00,11.7925,11.8424,11.7765,11.7925,417891.00000000186,1.0,0.0,0.0
2016-02-17,10:37:00,11.7975,11.7975,11.7326,11.7925,448794.10000000196,1.0,0.0,0.0
2016-02-17,10:44:00,11.8025,11.8724,11.7525,11.8324,474823.10000000196,1.0,0.0,0.0
2016-02-17,10:51:00,11.8324,11.8624,11.7725,11.7826,322505.7000000018,1.0,0.0,0.0
2016-02-17,10:58:00,11.7925,11.8124,11.7525,11.7925,171597.6000000018,1.0,0.0,0.0
2016-02-17,11:05:00,11.7925,11.8324,11.7625,11.7925,346247.6000000019,1.0,0.0,0.0
2016-02-17,11:12:00,11.7925,11.8774,11.7725,11.8774,376041.90000000194,1.0,0.0,0.0
2016-02-17,11:19:00,11.8823,11.9223,11.8424,11.8424,344232.90000000194,1.0,0.0,0.0
2016-02-17,11:26:00,11.8474,11.8823,11.8224,11.8324,656237.9000000019,1.0,0.0,0.0
2016-02-17,11:33:00,11.8324,11.8574,11.8025,11.8574,245631.40000000192,1.0,0.0,0.0
2016-02-17,11:40:00,11.8624,11.8923,11.8454,11.8823,437196.0000000018,1.0,0.0,0.0
2016-02-17,11:47:00,11.8873,11.9323,11.8823,11.9022,323074.50000000186,1.0,0.0,0.0
2016-02-17,11:54:00,11.9023,11.9423,11.8923,11.9322,429218.15000000177,1.0,0.0,0.0
2016-02-17,12:01:00,11.9223,11.9822,11.9223,11.9822,270527.3800000018,1.0,0.0,0.0
2016-02-17,12:08:00,11.9822,11.9822,11.9123,11.9273,318605.70000000176,1.0,0.0,0.0
2016-02-17,12:15:00,11.9323,11.9373,11.8524,11.8823,397823.00000000175,1.0,0.0,0.0
2016-02-17,12:22:00,11.8923,11.8923,11.8224,11.832,222506.22000000178,1.0,0.0,0.0
2016-02-17,12:29:00,11.8324,11.8424,11.7525,11.7925,249010.6000000019,1.0,0.0,0.0
2016-02-17,12:36:00,11.7925,11.7975,11.6727,11.7026,769801.2000000018,1.0,0.0,0.0
2016-02-17,12:43:00,11.7026,11.7525,11.6776,11.7226,428285.6000000017,1.0,0.0,0.0
2016-02-17,12:50:00,11.7316,11.7326,11.6527,11.7276,368597.9000000018,1.0,0.0,0.0
2016-02-17,12:57:00,11.7226,11.8174,11.7225,11.7926,211164.40000000194,1.0,0.0,0.0
2016-02-17,13:04:00,11.7925,11.8224,11.7525,11.7625,191660.30000000194,1.0,0.0,0.0
2016-02-17,13:11:00,11.7625,11.8124,11.7625,11.7758,213134.30000000185,1.0,0.0,0.0
2016-02-17,13:18:00,11.8096,11.8574,11.7725,11.8424,323327.6000000019,1.0,0.0,0.0
2016-02-17,13:25:00,11.8374,11.8524,11.7925,11.8324,298587.50000000186,1.0,0.0,0.0
2016-02-17,13:32:00,11.8324,11.8324,11.7925,11.8124,300195.4000000018,1.0,0.0,0.0
2016-02-17,13:39:00,11.8025,11.8124,11.7725,11.7825,217771.10000000175,1.0,0.0,0.0
2016-02-17,13:46:00,11.7825,11.8025,11.7376,11.7426,174240.50000000178,1.0,0.0,0.0
2016-02-17,13:53:00,11.7376,11.7426,11.7026,11.7226,209070.2000000018,1.0,0.0,0.0
2016-02-17,14:00:00,11.7126,11.8224,11.7126,11.8025,255265.70000000173,1.0,0.0,0.0
2016-02-17,14:07:00,11.795,11.8374,11.7625,11.8174,245377.10000000178,1.0,0.0,0.0
2016-02-17,14:14:00,11.8124,11.8274,11.7725,11.7925,235746.70000000176,1.0,0.0,0.0
2016-02-17,14:21:00,11.7925,11.8124,11.6527,11.6727,642912.8000000019,1.0,0.0,0.0
2016-02-17,14:28:00,11.6727,11.7226,11.6527,11.6826,338471.5000000018,1.0,0.0,0.0
2016-02-17,14:35:00,11.6826,11.7326,11.6577,11.7226,391592.01000000176,1.0,0.0,0.0
2016-02-17,14:42:00,11.7226,11.7625,11.7026,11.7026,384534.50000000175,1.0,0.0,0.0
2016-02-17,14:49:00,11.7076,11.7226,11.6727,11.7126,121354.00000000179,1.0,0.0,0.0
2016-02-17,14:56:00,11.7156,11.7825,11.7126,11.7326,166355.72000000178,1.0,0.0,0.0
2016-02-17,15:03:00,11.7276,11.7825,11.7176,11.7575,166511.1500000018,1.0,0.0,0.0
2016-02-17,15:10:00,11.7625,11.8075,11.7525,11.8025,238515.76000000176,1.0,0.0,0.0
2016-02-17,15:17:00,11.8075,11.8224,11.7825,11.8075,209919.50000000175,1.0,0.0,0.0
2016-02-17,15:24:00,11.8075,11.8724,11.7825,11.8624,243692.60000000172,1.0,0.0,0.0
2016-02-17,15:31:00,11.8624,11.8823,11.8069,11.8424,362886.80000000173,1.0,0.0,0.0
2016-02-17,15:38:00,11.8474,11.8524,11.7825,11.8524,343335.3000000018,1.0,0.0,0.0
2016-02-17,15:45:00,11.8474,11.8823,11.8069,11.8574,391512.30000000173,1.0,0.0,0.0
2016-02-17,15:52:00,11.8574,11.8823,11.8324,11.8823,366407.7000000018,1.0,0.0,0.0
2016-02-17,15:59:00,11.8823,11.8823,11.8424,11.8724,1072636.9000000018,1.0,0.0,0.0
2016-02-18,09:36:00,11.7426,11.8624,11.6527,11.7825,1085241.0000000019,1.0,0.0,0.0
2016-02-18,09:43:00,11.7725,11.8724,11.7426,11.8474,750771.1000000017,1.0,0.0,0.0
2016-02-18,09:50:00,11.8474,12.0122,11.8025,11.9522,1192241.0000000016,1.0,0.0,0.0
2016-02-18,09:57:00,11.9604,11.9822,11.8574,11.9423,569525.3000000016,1.0,0.0,0.0
2016-02-18,10:04:00,11.9423,11.9822,11.8923,11.8923,497268.7000000016,1.0,0.0,0.0
2016-02-18,10:11:00,11.8923,11.9123,11.7525,11.7825,714235.4000000014,1.0,0.0,0.0
2016-02-18,10:18:00,11.7925,11.8424,11.7625,11.8424,447029.7000000013,1.0,0.0,0.0
2016-02-18,10:25:00,11.8524,11.9522,11.8224,11.9373,706859.7000000014,1.0,0.0,0.0
2016-02-18,10:32:00,11.9373,11.9697,11.8049,11.8224,577831.3000000014,1.0,0.0,0.0
2016-02-18,10:39:00,11.8224,11.8524,11.7825,11.8224,559600.1000000015,1.0,0.0,0.0
2016-02-18,10:46:00,11.8324,11.9622,11.8274,11.9423,458816.90000000136,1.0,0.0,0.0
2016-02-18,10:53:00,11.9423,11.9822,11.9123,11.9323,466870.9000000014,1.0,0.0,0.0
2016-02-18,11:00:00,11.9323,11.9622,11.9073,11.9223,335670.00000000134,1.0,0.0,0.0
2016-02-18,11:07:00,11.9213,12.132,11.8923,12.122,1051810.4000000013,1.0,0.0,0.0
2016-02-18,11:14:00,12.117,12.1819,12.102,12.1519,1058620.0000000014,1.0,0.0,0.0
2016-02-18,11:21:00,12.1519,12.2818,12.142000000000001,12.2683,1044127.0000000014,1.0,0.0,0.0
2016-02-18,11:28:00,12.2818,12.3516,12.2768,12.3417,732677.5000000016,1.0,0.0,0.0
2016-02-18,11:35:00,12.3417,12.4815,12.3317,12.4715,1281142.0000000019,1.0,0.0,0.0
2016-02-18,11:42:00,12.4607,12.5014,12.3716,12.4066,1190244.800000002,1.0,0.0,0.0
2016-02-18,11:49:00,12.4016,12.4365,12.3616,12.4016,608029.4000000019,1.0,0.0,0.0
2016-02-18,11:56:00,12.4016,12.5314,12.4016,12.5114,813396.4000000017,1.0,0.0,0.0
2016-02-18,12:03:00,12.5114,12.5264,12.4315,12.4365,396550.40000000177,1.0,0.0,0.0
2016-02-18,12:10:00,12.4415,12.4765,12.3866,12.4615,251448.10000000184,1.0,0.0,0.0
2016-02-18,12:17:00,12.4615,12.5414,12.4615,12.5014,313071.4000000017,1.0,0.0,0.0
2016-02-18,12:24:00,12.5014,12.6013,12.4914,12.5913,714000.3000000017,1.0,0.0,0.0
2016-02-18,12:31:00,12.6012,12.6013,12.4815,12.5264,461176.50000000163,1.0,0.0,0.0
2016-02-18,12:38:00,12.5264,12.5913,12.5264,12.5513,258027.80000000153,1.0,0.0,0.0
2016-02-18,12:45:00,12.5513,12.5913,12.5314,12.5314,317678.2000000015,1.0,0.0,0.0
2016-02-18,12:52:00,12.5314,12.5413,12.4565,12.5364,585341.0000000015,1.0,0.0,0.0
2016-02-18,12:59:00,12.5314,12.6312,12.5114,12.6262,319507.0000000015,1.0,0.0,0.0
2016-02-18,13:06:00,12.6265,12.6312,12.5713,12.5913,188193.19000000152,1.0,0.0,0.0
2016-02-18,13:13:00,12.5913,12.6013,12.4913,12.5214,220871.56000000148,1.0,0.0,0.0
2016-02-18,13:20:00,12.5114,12.5513,12.4215,12.5513,269146.3000000015,1.0,0.0,0.0
2016-02-18,13:27:00,12.5513,12.5613,12.4757,12.5314,197415.94000000154,1.0,0.0,0.0
2016-02-18,13:34:00,12.5314,12.5813,12.5214,12.5713,320683.10000000155,1.0,0.0,0.0
2016-02-18,13:41:00,12.5613,12.6312,12.5513,12.5613,391511.7000000015,1.0,0.0,0.0
2016-02-18,13:48:00,12.5613,12.6163,12.5414,12.5823,211636.00000000166,1.0,0.0,0.0
2016-02-18,13:55:00,12.5904,12.6312,12.5713,12.5873,491170.7000000017,1.0,0.0,0.0
2016-02-18,14:02:00,12.5813,12.5913,12.5214,12.5713,268820.8000000017,1.0,0.0,0.0
2016-02-18,14:09:00,12.5663,12.5913,12.4815,12.4914,310681.9000000017,1.0,0.0,0.0
2016-02-18,14:16:00,12.4914,12.5913,12.4715,12.5863,243661.5000000018,1.0,0.0,0.0
2016-02-18,14:23:00,12.5813,12.6063,12.525,12.5513,461231.90000000177,1.0,0.0,0.0
2016-02-18,14:30:00,12.5464,12.5613,12.5014,12.5513,343635.6000000017,1.0,0.0,0.0
2016-02-18,14:37:00,12.5513,12.5813,12.5064,12.5214,391529.90000000177,1.0,0.0,0.0
2016-02-18,14:44:00,12.5214,12.5713,12.4915,12.5663,205492.90000000183,1.0,0.0,0.0
2016-02-18,14:51:00,12.5713,12.5763,12.5314,12.5414,194580.70000000182,1.0,0.0,0.0
2016-02-18,14:58:00,12.5414,12.5813,12.5214,12.5713,376593.30000000185,1.0,0.0,0.0
2016-02-18,15:05:00,12.5713,12.6013,12.5475,12.5813,440576.6000000019,1.0,0.0,0.0
2016-02-18,15:12:00,12.5713,12.6113,12.5613,12.5713,522492.7000000018,1.0,0.0,0.0
2016-02-18,15:19:00,12.5748,12.5913,12.5114,12.5314,426762.30000000173,1.0,0.0,0.0
2016-02-18,15:26:00,12.5404,12.5513,12.5114,12.5314,240952.58000000173,1.0,0.0,0.0
2016-02-18,15:33:00,12.5264,12.5813,12.5214,12.5314,582923.5000000017,1.0,0.0,0.0
2016-02-18,15:40:00,12.5414,12.6013,12.5214,12.5913,956431.8000000017,1.0,0.0,0.0
2016-02-18,15:47:00,12.6013,12.6462,12.5913,12.6412,1052359.600000002,1.0,0.0,0.0
2016-02-18,15:54:00,12.6412,12.6512,12.6113,12.6113,628927.600000002,1.0,0.0,0.0
2016-02-19,09:31:00,12.6113,12.6212,12.3816,12.4715,1611067.600000002,1.0,0.0,0.0
2016-02-19,09:38:00,12.4715,12.780999999999999,12.4699,12.780999999999999,1538554.0000000019,1.0,0.0,0.0
2016-02-19,09:45:00,12.780999999999999,12.9208,12.761,12.8609,1255991.0000000019,1.0,0.0,0.0
2016-02-19,09:52:00,12.8659,12.8908,12.800999999999998,12.8559,958305.5000000019,1.0,0.0,0.0
2016-02-19,09:59:00,12.8609,12.8709,12.7361,12.8409,786271.3000000019,1.0,0.0,0.0
2016-02-19,10:06:00,12.8309,12.9108,12.761,12.765999999999998,786472.4000000018,1.0,0.0,0.0
2016-02-19,10:13:00,12.770999999999999,12.78,12.6612,12.6911,753637.5000000017,1.0,0.0,0.0
2016-02-19,10:20:00,12.6911,12.7111,12.5314,12.5813,743744.9000000019,1.0,0.0,0.0
2016-02-19,10:27:00,12.5813,12.7511,12.5513,12.7111,715182.0000000019,1.0,0.0,0.0
2016-02-19,10:34:00,12.7161,12.7511,12.6612,12.6911,415480.4000000017,1.0,0.0,0.0
2016-02-19,10:41:00,12.6961,12.7311,12.6212,12.6512,635524.8000000019,1.0,0.0,0.0
2016-02-19,10:48:00,12.6612,12.6712,12.5613,12.6013,455275.50000000204,1.0,0.0,0.0
2016-02-19,10:55:00,12.5913,12.6812,12.5613,12.6662,921622.9000000021,1.0,0.0,0.0
2016-02-19,11:02:00,12.6612,12.7311,12.6612,12.7261,398634.40000000206,1.0,0.0,0.0
2016-02-19,11:09:00,12.7311,12.81,12.7011,12.7823,427323.00000000204,1.0,0.0,0.0
2016-02-19,11:16:00,12.780999999999999,12.7842,12.6612,12.6613,485762.1000000021,1.0,0.0,0.0
2016-02-19,11:23:00,12.6712,12.6712,12.6262,12.6513,456058.900000002,1.0,0.0,0.0
2016-02-19,11:30:00,12.6512,12.6712,12.6113,12.6412,342813.70000000205,1.0,0.0,0.0
2016-02-19,11:37:00,12.6312,12.6512,12.5613,12.6312,350279.70000000205,1.0,0.0,0.0
2016-02-19,11:44:00,12.6312,12.7111,12.6262,12.6612,559809.6500000022,1.0,0.0,0.0
2016-02-19,11:51:00,12.6711,12.7211,12.6612,12.6612,379426.6000000023,1.0,0.0,0.0
2016-02-19,11:58:00,12.6712,12.6812,12.6262,12.6412,211856.30000000237,1.0,0.0,0.0
2016-02-19,12:05:00,12.6362,12.6712,12.6013,12.6212,180559.0000000024,1.0,0.0,0.0
2016-02-19,12:12:00,12.6213,12.6312,12.5713,12.5913,224522.22000000236,1.0,0.0,0.0
2016-02-19,12:19:00,12.5813,12.6662,12.5613,12.6512,281104.1000000024,1.0,0.0,0.0
2016-02-19,12:26:00,12.6512,12.6712,12.6013,12.6662,329863.3000000023,1.0,0.0,0.0
2016-02-19,12:33:00,12.6712,12.7311,12.6512,12.7261,408182.7000000024,1.0,0.0,0.0
2016-02-19,12:40:00,12.7311,12.7411,12.6861,12.6861,264257.50000000244,1.0,0.0,0.0
2016-02-19,12:47:00,12.6861,12.6911,12.6113,12.6213,204667.7000000025,1.0,0.0,0.0
2016-02-19,12:54:00,12.6262,12.6712,12.6113,12.6506,240877.40000000253,1.0,0.0,0.0
2016-02-19,13:01:00,12.6512,12.6911,12.6063,12.6212,155639.87000000256,1.0,0.0,0.0
2016-02-19,13:08:00,12.6163,12.6412,12.5913,12.6113,109631.70000000257,1.0,0.0,0.0
2016-02-19,13:15:00,12.6212,12.6312,12.6013,12.6063,64479.710000002604,1.0,0.0,0.0
2016-02-19,13:22:00,12.6063,12.6312,12.5913,12.6163,145628.02000000264,1.0,0.0,0.0
2016-02-19,13:29:00,12.6113,12.6212,12.5813,12.6013,125233.77000000262,1.0,0.0,0.0
2016-02-19,13:36:00,12.6013,12.6412,12.6013,12.6332,176516.97000000262,1.0,0.0,0.0
2016-02-19,13:43:00,12.6412,12.6911,12.6262,12.6412,148272.03000000262,1.0,0.0,0.0
2016-02-19,13:50:00,12.6312,12.6632,12.6163,12.6212,100202.6500000026,1.0,0.0,0.0
2016-02-19,13:57:00,12.6212,12.6411,12.5913,12.6262,138961.21000000258,1.0,0.0,0.0
2016-02-19,14:04:00,12.6212,12.6262,12.6013,12.6163,115110.80000000261,1.0,0.0,0.0
2016-02-19,14:11:00,12.6163,12.6612,12.6163,12.6611,164820.50000000256,1.0,0.0,0.0
2016-02-19,14:18:00,12.6562,12.6612,12.6013,12.6013,99804.09200000257,1.0,0.0,0.0
2016-02-19,14:25:00,12.6063,12.6312,12.5913,12.5913,146592.47000000256,1.0,0.0,0.0
2016-02-19,14:32:00,12.6013,12.6312,12.5813,12.6212,81093.36000000255,1.0,0.0,0.0
2016-02-19,14:39:00,12.6262,12.6612,12.6262,12.6462,152691.59000000253,1.0,0.0,0.0
2016-02-19,14:46:00,12.6462,12.6512,12.5813,12.6163,160080.60000000248,1.0,0.0,0.0
2016-02-19,14:53:00,12.6211,12.6312,12.5813,12.6312,146698.75000000247,1.0,0.0,0.0
2016-02-19,15:00:00,12.6312,12.6712,12.6013,12.6411,199300.7000000025,1.0,0.0,0.0
2016-02-19,15:07:00,12.6412,12.6512,12.5314,12.5513,279867.9200000025,1.0,0.0,0.0
2016-02-19,15:14:00,12.5513,12.5613,12.5014,12.5014,287379.40000000247,1.0,0.0,0.0
2016-02-19,15:21:00,12.5114,12.5913,12.5064,12.5513,299231.1000000026,1.0,0.0,0.0
2016-02-19,15:28:00,12.5464,12.5513,12.5164,12.5314,240852.40000000256,1.0,0.0,0.0
2016-02-19,15:35:00,12.5314,12.5713,12.5214,12.5513,360489.00000000256,1.0,0.0,0.0
2016-02-19,15:42:00,12.5513,12.5713,12.5114,12.5314,472013.30000000255,1.0,0.0,0.0
2016-02-19,15:49:00,12.5314,12.5513,12.5114,12.5114,442593.60000000236,1.0,0.0,0.0
2016-02-19,15:56:00,12.5114,12.5314,12.4914,12.5014,608172.8000000026,1.0,0.0,0.0
2016-02-22,09:33:00,12.5014,12.5414,12.102,12.2917,1583078.2000000025,1.0,0.0,0.0
2016-02-22,09:40:00,12.2917,12.3966,12.2488,12.3966,936680.5000000028,1.0,0.0,0.0
2016-02-22,09:47:00,12.3916,12.5513,12.3117,12.5513,904202.8000000028,1.0,0.0,0.0
2016-02-22,09:54:00,12.5513,12.6312,12.4914,12.5903,704029.2000000029,1.0,0.0,0.0
2016-02-22,10:01:00,12.5913,12.7211,12.5713,12.6412,1129114.500000003,1.0,0.0,0.0
2016-02-22,10:08:00,12.6412,12.6612,12.5214,12.6362,603489.5000000031,1.0,0.0,0.0
2016-02-22,10:15:00,12.6412,12.7411,12.5913,12.7111,641414.600000003,1.0,0.0,0.0
2016-02-22,10:22:00,12.7091,12.7511,12.6712,12.7011,513922.40000000293,1.0,0.0,0.0
2016-02-22,10:29:00,12.7011,12.7011,12.5713,12.5913,470922.4000000029,1.0,0.0,0.0
2016-02-22,10:36:00,12.5863,12.6812,12.5813,12.6312,496684.60000000295,1.0,0.0,0.0
2016-02-22,10:43:00,12.6312,12.6412,12.5913,12.6013,364220.300000003,1.0,0.0,0.0
2016-02-22,10:50:00,12.6063,12.6212,12.5513,12.6163,595590.6000000029,1.0,0.0,0.0
2016-02-22,10:57:00,12.6163,12.6812,12.5983,12.6562,335200.40000000276,1.0,0.0,0.0
2016-02-22,11:04:00,12.6512,12.7161,12.6512,12.6613,437665.3000000027,1.0,0.0,0.0
2016-02-22,11:11:00,12.6612,12.6911,12.6312,12.6412,742954.9000000028,1.0,0.0,0.0
2016-02-22,11:18:00,12.6462,12.6812,12.5813,12.6612,503383.20000000263,1.0,0.0,0.0
2016-02-22,11:25:00,12.6612,12.7011,12.6312,12.6312,229443.50000000256,1.0,0.0,0.0
2016-02-22,11:32:00,12.6412,12.6961,12.6313,12.6812,210158.80000000255,1.0,0.0,0.0
2016-02-22,11:39:00,12.6812,12.7161,12.6712,12.7011,230018.23000000254,1.0,0.0,0.0
2016-02-22,11:46:00,12.7011,12.7461,12.6412,12.6412,387446.8000000025,1.0,0.0,0.0
2016-02-22,11:53:00,12.6412,12.7411,12.6412,12.7311,334292.00000000244,1.0,0.0,0.0
2016-02-22,12:00:00,12.7311,12.7511,12.6933,12.7351,140372.41000000248,1.0,0.0,0.0
2016-02-22,12:07:00,12.7311,12.8309,12.7111,12.780999999999999,299428.2000000024,1.0,0.0,0.0
2016-02-22,12:14:00,12.780999999999999,12.811,12.7211,12.800999999999998,211199.30000000243,1.0,0.0,0.0
2016-02-22,12:21:00,12.800999999999998,12.8709,12.790999999999999,12.8609,428051.8000000024,1.0,0.0,0.0
2016-02-22,12:28:00,12.8609,12.9108,12.8409,12.8709,297288.1000000024,1.0,0.0,0.0
2016-02-22,12:35:00,12.8709,12.8809,12.800999999999998,12.800999999999998,185013.4000000024,1.0,0.0,0.0
2016-02-22,12:42:00,12.800999999999998,12.811,12.7039,12.7411,282168.5800000024,1.0,0.0,0.0
2016-02-22,12:49:00,12.7411,12.761,12.7061,12.7511,350484.30000000243,1.0,0.0,0.0
2016-02-22,12:56:00,12.7511,12.761,12.7161,12.7411,143115.25000000256,1.0,0.0,0.0
2016-02-22,13:03:00,12.7411,12.7511,12.6812,12.7311,136253.20000000257,1.0,0.0,0.0
2016-02-22,13:10:00,12.7361,12.7511,12.6961,12.7311,125425.10000000258,1.0,0.0,0.0
2016-02-22,13:17:00,12.7311,12.780999999999999,12.6961,12.761,306288.0000000027,1.0,0.0,0.0
2016-02-22,13:24:00,12.761,12.81,12.755999999999998,12.800999999999998,99446.50000000266,1.0,0.0,0.0
2016-02-22,13:31:00,12.790999999999999,12.8,12.7011,12.7411,193160.63000000268,1.0,0.0,0.0
2016-02-22,13:38:00,12.7411,12.7811,12.7211,12.770999999999999,130481.40000000267,1.0,0.0,0.0
2016-02-22,13:45:00,12.776,12.8309,12.770999999999999,12.8259,322669.60000000265,1.0,0.0,0.0
2016-02-22,13:52:00,12.821,12.8958,12.8111,12.8409,365124.3600000027,1.0,0.0,0.0
2016-02-22,13:59:00,12.8409,12.8908,12.8359,12.8908,209665.2000000027,1.0,0.0,0.0
2016-02-22,14:06:00,12.8908,12.9508,12.8609,12.9508,381203.50000000274,1.0,0.0,0.0
2016-02-22,14:13:00,12.9508,12.9707,12.9208,12.9208,314316.2900000027,1.0,0.0,0.0
2016-02-22,14:20:00,12.9308,12.9807,12.9208,12.9617,254023.0000000027,1.0,0.0,0.0
2016-02-22,14:27:00,12.9658,13.0157,12.9208,12.9857,994929.5000000028,1.0,0.0,0.0
2016-02-22,14:34:00,12.9857,13.0281,12.9607,13.0208,425872.70000000286,1.0,0.0,0.0
2016-02-22,14:41:00,13.0207,13.0706,13.0207,13.0456,306785.2000000029,1.0,0.0,0.0
2016-02-22,14:48:00,13.0456,13.1105,13.0207,13.1005,431374.4000000029,1.0,0.0,0.0
2016-02-22,14:55:00,13.1105,13.1105,12.9907,13.0107,373405.0000000029,1.0,0.0,0.0
2016-02-22,15:02:00,13.0057,13.0506,12.9907,13.0057,341849.30000000296,1.0,0.0,0.0
2016-02-22,15:09:00,13.0007,13.0706,12.9957,13.0506,288037.30000000284,1.0,0.0,0.0
2016-02-22,15:16:00,13.0506,13.0606,12.9657,12.9907,440608.200000003,1.0,0.0,0.0
2016-02-22,15:23:00,12.9857,13.0007,12.9308,12.9308,548771.200000003,1.0,0.0,0.0
2016-02-22,15:30:00,12.9358,12.9408,12.8609,12.8759,490095.950000003,1.0,0.0,0.0
2016-02-22,15:37:00,12.8759,12.8809,12.8209,12.8209,399790.6000000029,1.0,0.0,0.0
2016-02-22,15:44:00,12.8209,12.8509,12.790999999999999,12.790999999999999,644401.9000000027,1.0,0.0,0.0
2016-02-22,15:51:00,12.790999999999999,12.8209,12.780999999999999,12.800999999999998,350147.1000000027,1.0,0.0,0.0
2016-02-22,15:58:00,12.800999999999998,12.8409,12.790999999999999,12.8309,722141.9000000028,1.0,0.0,0.0
2016-02-23,09:35:00,12.8259,13.1315,12.800999999999998,13.0905,2058330.0000000028,1.0,0.0,0.0
2016-02-23,09:42:00,13.1005,13.3801,13.1005,13.3502,1524095.0000000028,1.0,0.0,0.0
2016-02-23,09:49:00,13.3502,13.48,13.2703,13.47,1229615.5000000028,1.0,0.0,0.0
2016-02-23,09:56:00,13.4799,13.48,13.3052,13.3342,1022368.2000000025,1.0,0.0,0.0
2016-02-23,10:03:00,13.3302,13.3901,13.2603,13.2603,598014.8000000024,1.0,0.0,0.0
2016-02-23,10:10:00,13.2603,13.3601,13.1704,13.2903,1069878.8000000024,1.0,0.0,0.0
2016-02-23,10:17:00,13.2903,13.2903,13.1455,13.1804,1054919.3000000024,1.0,0.0,0.0
2016-02-23,10:24:00,13.1804,13.2703,13.1704,13.2353,1375626.5000000023,1.0,0.0,0.0
2016-02-23,10:31:00,13.2303,13.2663,13.1305,13.2004,695970.1000000023,1.0,0.0,0.0
2016-02-23,10:38:00,13.2004,13.2453,13.1704,13.2403,588772.4000000022,1.0,0.0,0.0
2016-02-23,10:45:00,13.2403,13.3152,13.2403,13.3002,590194.8000000023,1.0,0.0,0.0
2016-02-23,10:52:00,13.3002,13.3801,13.2903,13.3302,682811.7000000023,1.0,0.0,0.0
2016-02-23,10:59:00,13.3302,13.3402,13.2803,13.2952,414690.30000000226,1.0,0.0,0.0
2016-02-23,11:06:00,13.3002,13.3651,13.2703,13.3601,439310.80000000226,1.0,0.0,0.0
2016-02-23,11:13:00,13.3601,13.4101,13.3202,13.3235,413982.50000000227,1.0,0.0,0.0
2016-02-23,11:20:00,13.3202,13.3502,13.2603,13.3303,376904.30000000226,1.0,0.0,0.0
2016-02-23,11:27:00,13.3402,13.3502,13.3002,13.3102,207015.00000000236,1.0,0.0,0.0
2016-02-23,11:34:00,13.3202,13.3502,13.2853,13.3102,305388.4000000023,1.0,0.0,0.0
2016-02-23,11:41:00,13.3201,13.3701,13.2903,13.3369,214661.5000000023,1.0,0.0,0.0
2016-02-23,11:48:00,13.3302,13.3701,13.2903,13.3002,240029.10000000228,1.0,0.0,0.0
2016-02-23,11:55:00,13.3052,13.3102,13.2313,13.2403,251265.90000000235,1.0,0.0,0.0
2016-02-23,12:02:00,13.2403,13.2603,13.1904,13.2204,508918.4400000023,1.0,0.0,0.0
2016-02-23,12:09:00,13.2204,13.2303,13.1505,13.1904,707317.9100000022,1.0,0.0,0.0
2016-02-23,12:16:00,13.1804,13.2803,13.1804,13.2603,283530.7000000022,1.0,0.0,0.0
2016-02-23,12:23:00,13.2703,13.2903,13.2503,13.2903,115193.8500000023,1.0,0.0,0.0
2016-02-23,12:30:00,13.2903,13.3002,13.2303,13.2403,114546.89000000233,1.0,0.0,0.0
2016-02-23,12:37:00,13.2403,13.3052,13.2403,13.2503,136621.7100000023,1.0,0.0,0.0
2016-02-23,12:44:00,13.2538,13.2653,13.2104,13.2303,547348.9000000022,1.0,0.0,0.0
2016-02-23,12:51:00,13.2303,13.2403,13.1505,13.2403,408159.30000000214,1.0,0.0,0.0
2016-02-23,12:58:00,13.2353,13.2403,13.1704,13.2204,431221.1000000022,1.0,0.0,0.0
2016-02-23,13:05:00,13.2204,13.2703,13.2104,13.2503,198866.1000000022,1.0,0.0,0.0
2016-02-23,13:12:00,13.2603,13.3002,13.2403,13.2903,217332.40000000218,1.0,0.0,0.0
2016-02-23,13:19:00,13.2903,13.2903,13.2204,13.2403,269415.7300000022,1.0,0.0,0.0
2016-02-23,13:26:00,13.2453,13.3102,13.2403,13.3052,185870.72000000215,1.0,0.0,0.0
2016-02-23,13:33:00,13.3002,13.3102,13.2303,13.2503,420207.0300000021,1.0,0.0,0.0
2016-02-23,13:40:00,13.2503,13.2503,13.2004,13.2302,251315.90000000212,1.0,0.0,0.0
2016-02-23,13:47:00,13.2303,13.3002,13.2303,13.2403,299526.30000000226,1.0,0.0,0.0
2016-02-23,13:54:00,13.2403,13.2952,13.2303,13.2803,189445.00000000224,1.0,0.0,0.0
2016-02-23,14:01:00,13.2703,13.3002,13.2503,13.2803,204148.84000000224,1.0,0.0,0.0
2016-02-23,14:08:00,13.2803,13.3601,13.2803,13.3352,341896.90000000224,1.0,0.0,0.0
2016-02-23,14:15:00,13.3302,13.3402,13.2703,13.2803,156264.83000000223,1.0,0.0,0.0
2016-02-23,14:22:00,13.2703,13.2803,13.2403,13.2703,120857.26000000224,1.0,0.0,0.0
2016-02-23,14:29:00,13.2703,13.2803,13.2303,13.2403,213143.21000000226,1.0,0.0,0.0
2016-02-23,14:36:00,13.2403,13.2503,13.2004,13.2253,178794.30000000226,1.0,0.0,0.0
2016-02-23,14:43:00,13.2303,13.2703,13.2089,13.2653,198575.54000000225,1.0,0.0,0.0
2016-02-23,14:50:00,13.2603,13.3102,13.2503,13.2753,225563.71000000223,1.0,0.0,0.0
2016-02-23,14:57:00,13.2753,13.2962,13.2703,13.2803,150149.75000000227,1.0,0.0,0.0
2016-02-23,15:04:00,13.2903,13.3302,13.2703,13.3252,225814.00000000224,1.0,0.0,0.0
2016-02-23,15:11:00,13.3302,13.3601,13.3102,13.3302,357378.80000000226,1.0,0.0,0.0
2016-02-23,15:18:00,13.3302,13.3901,13.3302,13.3801,746108.9000000022,1.0,0.0,0.0
2016-02-23,15:25:00,13.3901,13.43,13.3801,13.4201,666890.0000000022,1.0,0.0,0.0
2016-02-23,15:32:00,13.4201,13.44,13.3901,13.4001,600397.4000000022,1.0,0.0,0.0
2016-02-23,15:39:00,13.4051,13.465,13.3901,13.465,677665.3000000023,1.0,0.0,0.0
2016-02-23,15:46:00,13.47,13.47,13.3901,13.3901,1027817.7000000023,1.0,0.0,0.0
2016-02-23,15:53:00,13.3951,13.47,13.3901,13.45,953931.9000000022,1.0,0.0,0.0
2016-02-24,09:30:00,13.4599,13.9293,13.4201,13.9293,2959675.0000000023,1.0,0.0,0.0
2016-02-24,09:37:00,13.9293,14.1689,13.9193,14.0391,2279573.0000000023,1.0,0.0,0.0
2016-02-24,09:44:00,14.0491,14.0791,13.8894,13.9792,1400387.0000000023,1.0,0.0,0.0
2016-02-24,09:51:00,13.9792,14.2189,13.9692,14.1989,1636569.0000000023,1.0,0.0,0.0
2016-02-24,09:58:00,14.1989,14.2488,14.1789,14.2289,1022386.0000000023,1.0,0.0,0.0
2016-02-24,10:05:00,14.2189,14.2388,14.1789,14.2089,788739.1000000023,1.0,0.0,0.0
2016-02-24,10:12:00,14.2139,14.2488,14.0892,14.2289,1467911.1000000024,1.0,0.0,0.0
2016-02-24,10:19:00,14.2339,14.3986,14.2039,14.3317,1361097.2000000023,1.0,0.0,0.0
2016-02-24,10:26:00,14.3337,14.4286,14.3287,14.3487,760237.3000000023,1.0,0.0,0.0
2016-02-24,10:33:00,14.3554,14.3587,14.2388,14.2788,938738.4000000025,1.0,0.0,0.0
2016-02-24,10:40:00,14.2788,14.2988,14.0292,14.0292,904586.3000000025,1.0,0.0,0.0
2016-02-24,10:47:00,14.0381,14.2788,14.0292,14.2289,846790.9000000025,1.0,0.0,0.0
2016-02-24,10:54:00,14.2289,14.3387,14.219000000000001,14.3287,529064.2000000023,1.0,0.0,0.0
2016-02-24,11:01:00,14.3187,14.3287,14.2289,14.2388,659653.3000000024,1.0,0.0,0.0
2016-02-24,11:08:00,14.2339,14.2838,14.2189,14.2488,346831.5000000027,1.0,0.0,0.0
2016-02-24,11:15:00,14.2488,14.2888,14.2289,14.2488,384750.8000000026,1.0,0.0,0.0
2016-02-24,11:22:00,14.2588,14.2788,14.1989,14.2079,482906.2000000026,1.0,0.0,0.0
2016-02-24,11:29:00,14.2089,14.2089,14.129000000000001,14.1789,408538.10000000277,1.0,0.0,0.0
2016-02-24,11:36:00,14.1789,14.2488,14.159,14.1689,415720.8000000027,1.0,0.0,0.0
2016-02-24,11:43:00,14.159,14.1789,14.0592,14.109000000000002,396151.8000000027,1.0,0.0,0.0
2016-02-24,11:50:00,14.1089,14.1977,14.0791,14.139000000000001,410541.1000000027,1.0,0.0,0.0
2016-02-24,11:57:00,14.129000000000001,14.144,14.0791,14.0891,446371.10000000265,1.0,0.0,0.0
2016-02-24,12:04:00,14.0891,14.139000000000001,13.9692,13.9792,430362.5000000027,1.0,0.0,0.0
2016-02-24,12:11:00,13.9792,14.0391,13.9593,13.9992,367729.9000000027,1.0,0.0,0.0
2016-02-24,12:18:00,13.9992,14.129000000000001,13.9892,14.129000000000001,802702.8000000027,1.0,0.0,0.0
2016-02-24,12:25:00,14.1197,14.129000000000001,14.0791,14.119000000000002,389668.70000000286,1.0,0.0,0.0
2016-02-24,12:32:00,14.119000000000002,14.119000000000002,13.9593,13.9991,641944.2000000027,1.0,0.0,0.0
2016-02-24,12:39:00,13.9942,14.0341,13.9193,13.9193,402144.70000000275,1.0,0.0,0.0
2016-02-24,12:46:00,13.9093,13.9193,13.7995,13.8095,771882.5000000027,1.0,0.0,0.0
2016-02-24,12:53:00,13.7995,13.8045,13.6248,13.6622,899152.4000000026,1.0,0.0,0.0
2016-02-24,13:00:00,13.6697,13.6947,13.5898,13.6797,519265.00000000256,1.0,0.0,0.0
2016-02-24,13:07:00,13.6797,13.7596,13.6396,13.6697,412817.6000000027,1.0,0.0,0.0
2016-02-24,13:14:00,13.6797,13.7695,13.6397,13.7396,310150.2000000026,1.0,0.0,0.0
2016-02-24,13:21:00,13.7396,13.8295,13.7096,13.8145,447648.80000000267,1.0,0.0,0.0
2016-02-24,13:28:00,13.8104,13.8195,13.6797,13.6797,319037.4000000026,1.0,0.0,0.0
2016-02-24,13:35:00,13.6797,13.8195,13.6797,13.7795,461461.40000000264,1.0,0.0,0.0
2016-02-24,13:42:00,13.7894,13.8694,13.7496,13.7695,433323.9000000026,1.0,0.0,0.0
2016-02-24,13:49:00,13.7695,13.7995,13.6947,13.6996,363589.60000000254,1.0,0.0,0.0
2016-02-24,13:56:00,13.6897,13.7196,13.5798,13.6148,522756.1000000024,1.0,0.0,0.0
2016-02-24,14:03:00,13.6098,13.6697,13.5599,13.5998,485504.1000000025,1.0,0.0,0.0
2016-02-24,14:10:00,13.5998,13.6697,13.5099,13.5199,505058.0000000025,1.0,0.0,0.0
2016-02-24,14:17:00,13.51,13.5299,13.3901,13.3951,646785.4000000024,1.0,0.0,0.0
2016-02-24,14:24:00,13.4001,13.43,13.3402,13.3901,582985.5000000023,1.0,0.0,0.0
2016-02-24,14:31:00,13.3901,13.4999,13.3851,13.45,549189.2000000024,1.0,0.0,0.0
2016-02-24,14:38:00,13.45,13.46,13.3851,13.3851,515346.10000000254,1.0,0.0,0.0
2016-02-24,14:45:00,13.3801,13.3801,13.2204,13.2553,699797.7000000024,1.0,0.0,0.0
2016-02-24,14:52:00,13.2603,13.3302,13.2303,13.2503,411719.8000000024,1.0,0.0,0.0
2016-02-24,14:59:00,13.2603,13.2603,13.144,13.1674,905063.6000000025,1.0,0.0,0.0
2016-02-24,15:06:00,13.1604,13.2903,13.1555,13.2653,860426.7000000026,1.0,0.0,0.0
2016-02-24,15:13:00,13.2603,13.2604,13.1654,13.2403,522287.3000000025,1.0,0.0,0.0
2016-02-24,15:20:00,13.2303,13.3102,13.1804,13.2952,507934.6000000024,1.0,0.0,0.0
2016-02-24,15:27:00,13.3003,13.3701,13.3002,13.3102,385621.2000000024,1.0,0.0,0.0
2016-02-24,15:34:00,13.3102,13.3801,13.2903,13.3502,378686.9000000024,1.0,0.0,0.0
2016-02-24,15:41:00,13.3452,13.47,13.3452,13.47,707292.7000000023,1.0,0.0,0.0
2016-02-24,15:48:00,13.4625,13.47,13.4101,13.4101,977046.8000000021,1.0,0.0,0.0
2016-02-24,15:55:00,13.4101,13.45,13.3901,13.45,733605.0000000022,1.0,0.0,0.0
2016-02-25,09:32:00,13.445,13.65,13.35,13.57,1373849.0000000023,1.0,0.0,0.02
2016-02-25,09:39:00,13.57,13.64,13.37,13.61,696448.0000000023,1.0,0.0,0.02
2016-02-25,09:46:00,13.62,13.81,13.6,13.8,1081105.0000000023,1.0,0.0,0.02
2016-02-25,09:53:00,13.79,13.86,13.595,13.63,861413.0000000023,1.0,0.0,0.02
2016-02-25,10:00:00,13.629000000000001,13.72,13.61,13.64,353923.0000000023,1.0,0.0,0.02
2016-02-25,10:07:00,13.6301,13.87,13.62,13.79,761131.0000000023,1.0,0.0,0.02
2016-02-25,10:14:00,13.785,13.82,13.695,13.715,549198.0000000023,1.0,0.0,0.02
2016-02-25,10:21:00,13.72,13.73,13.55,13.6,770429.0000000023,1.0,0.0,0.02
2016-02-25,10:28:00,13.6,13.655,13.57,13.6,322247.0000000023,1.0,0.0,0.02
2016-02-25,10:35:00,13.6,13.69,13.59,13.65,297289.0000000023,1.0,0.0,0.02
2016-02-25,10:42:00,13.6599,13.6599,13.51,13.51,340259.0000000023,1.0,0.0,0.02
2016-02-25,10:49:00,13.51,13.55,13.36,13.38,617142.0000000023,1.0,0.0,0.02
2016-02-25,10:56:00,13.38,13.48,13.37,13.46,422016.0000000023,1.0,0.0,0.02
2016-02-25,11:03:00,13.46,13.65,13.46,13.625,786844.0000000023,1.0,0.0,0.02
2016-02-25,11:10:00,13.629000000000001,13.65,13.5185,13.53,580903.0000000023,1.0,0.0,0.02
2016-02-25,11:17:00,13.53,13.585,13.5,13.51,277803.0000000023,1.0,0.0,0.02
2016-02-25,11:24:00,13.51,13.56,13.5,13.51,216911.00000000233,1.0,0.0,0.02
2016-02-25,11:31:00,13.51,13.575,13.49,13.545,268246.0000000023,1.0,0.0,0.02
2016-02-25,11:38:00,13.545,13.6,13.51,13.53,242792.00000000233,1.0,0.0,0.02
2016-02-25,11:45:00,13.54,13.6,13.52,13.58,448456.0000000023,1.0,0.0,0.02
2016-02-25,11:52:00,13.58,13.62,13.55,13.56,433619.0000000023,1.0,0.0,0.02
2016-02-25,11:59:00,13.56,13.565,13.49,13.52,310108.0000000023,1.0,0.0,0.02
2016-02-25,12:06:00,13.515,13.54,13.49,13.51,176176.00000000233,1.0,0.0,0.02
2016-02-25,12:13:00,13.505,13.56,13.49,13.52,145038.00000000233,1.0,0.0,0.02
2016-02-25,12:20:00,13.52,13.545,13.49,13.53,122745.00000000233,1.0,0.0,0.02
2016-02-25,12:27:00,13.53,13.56,13.49,13.51,133297.00000000233,1.0,0.0,0.02
2016-02-25,12:34:00,13.51,13.6,13.5,13.58,241420.00000000233,1.0,0.0,0.02
2016-02-25,12:41:00,13.57,13.57,13.5109,13.54,167588.00000000233,1.0,0.0,0.02
2016-02-25,12:48:00,13.54,13.62,13.53,13.59,253010.00000000233,1.0,0.0,0.02
2016-02-25,12:55:00,13.59,13.59,13.52,13.555,160232.00000000233,1.0,0.0,0.02
2016-02-25,13:02:00,13.56,13.62,13.55,13.57,201730.00000000233,1.0,0.0,0.02
2016-02-25,13:09:00,13.57,13.6,13.56,13.6,231123.00000000233,1.0,0.0,0.02
2016-02-25,13:16:00,13.59,13.6,13.555,13.56,144381.00000000233,1.0,0.0,0.02
2016-02-25,13:23:00,13.56,13.59,13.55,13.569,107892.00000000233,1.0,0.0,0.02
2016-02-25,13:30:00,13.56,13.565,13.48,13.48,275668.0000000023,1.0,0.0,0.02
2016-02-25,13:37:00,13.48,13.52,13.47,13.5,181680.00000000233,1.0,0.0,0.02
2016-02-25,13:44:00,13.5,13.52,13.42,13.45,323072.0000000023,1.0,0.0,0.02
2016-02-25,13:51:00,13.445,13.52,13.445,13.4692,337581.0000000023,1.0,0.0,0.02
2016-02-25,13:58:00,13.46,13.53,13.44,13.51,275857.0000000023,1.0,0.0,0.02
2016-02-25,14:05:00,13.51,13.52,13.46,13.47,290670.0000000023,1.0,0.0,0.02
2016-02-25,14:12:00,13.4763,13.48,13.42,13.45,279844.0000000023,1.0,0.0,0.02
2016-02-25,14:19:00,13.44,13.49,13.42,13.475,301624.0000000023,1.0,0.0,0.02
2016-02-25,14:26:00,13.47,13.53,13.45,13.525,318864.0000000023,1.0,0.0,0.02
2016-02-25,14:33:00,13.52,13.6,13.5,13.59,276680.0000000023,1.0,0.0,0.02
2016-02-25,14:40:00,13.58,13.62,13.57,13.59,212465.00000000233,1.0,0.0,0.02
2016-02-25,14:47:00,13.59,13.64,13.585,13.6,230949.00000000233,1.0,0.0,0.02
2016-02-25,14:54:00,13.6,13.62,13.56,13.61,464026.0000000023,1.0,0.0,0.02
2016-02-25,15:01:00,13.61,13.65,13.585,13.59,382289.0000000023,1.0,0.0,0.02
2016-02-25,15:08:00,13.59,13.59,13.5,13.52,292426.0000000023,1.0,0.0,0.02
2016-02-25,15:15:00,13.52,13.54,13.47,13.52,365362.0000000023,1.0,0.0,0.02
2016-02-25,15:22:00,13.52,13.545,13.49,13.51,307525.0000000023,1.0,0.0,0.02
2016-02-25,15:29:00,13.51,13.5499,13.49,13.495,228064.00000000233,1.0,0.0,0.02
2016-02-25,15:36:00,13.49,13.52,13.47,13.485999999999999,241782.00000000233,1.0,0.0,0.02
2016-02-25,15:43:00,13.48,13.52,13.46,13.52,273441.0000000023,1.0,0.0,0.02
2016-02-25,15:50:00,13.51,13.55,13.5,13.55,306558.0000000023,1.0,0.0,0.02
2016-02-25,15:57:00,13.54,13.6,13.53,13.59,775733.0000000023,1.0,0.0,0.02
2016-02-26,09:34:00,13.585,13.6,13.03,13.23,1329608.0000000023,1.0,0.0,0.0
2016-02-26,09:41:00,13.24,13.4,13.2236,13.37,948129.0000000023,1.0,0.0,0.0
2016-02-26,09:48:00,13.38,13.5,13.3,13.3125,760900.0000000023,1.0,0.0,0.0
2016-02-26,09:55:00,13.32,13.44,13.295,13.4,558818.0000000023,1.0,0.0,0.0
2016-02-26,10:02:00,13.4,13.41,13.3,13.33,423370.0000000023,1.0,0.0,0.0
2016-02-26,10:09:00,13.3325,13.39,13.3,13.38,529047.0000000023,1.0,0.0,0.0
2016-02-26,10:16:00,13.38,13.45,13.32,13.41,561797.0000000023,1.0,0.0,0.0
2016-02-26,10:23:00,13.42,13.57,13.411,13.53,621209.0000000023,1.0,0.0,0.0
2016-02-26,10:30:00,13.54,13.6,13.51,13.52,370268.0000000023,1.0,0.0,0.0
2016-02-26,10:37:00,13.52,13.53,13.39,13.395,316647.0000000023,1.0,0.0,0.0
2016-02-26,10:44:00,13.39,13.39,13.3,13.31,393987.0000000023,1.0,0.0,0.0
2016-02-26,10:51:00,13.31,13.35,13.23,13.24,482785.0000000023,1.0,0.0,0.0
2016-02-26,10:58:00,13.24,13.25,13.18,13.19,519584.0000000023,1.0,0.0,0.0
2016-02-26,11:05:00,13.19,13.205,13.1301,13.15,400387.0000000023,1.0,0.0,0.0
2016-02-26,11:12:00,13.15,13.22,13.1,13.19,372827.0000000023,1.0,0.0,0.0
2016-02-26,11:19:00,13.2,13.24,13.142000000000001,13.22,265919.0000000023,1.0,0.0,0.0
2016-02-26,11:26:00,13.22,13.26,13.19,13.21,235621.00000000233,1.0,0.0,0.0
2016-02-26,11:33:00,13.205,13.21,13.155,13.19,363166.0000000023,1.0,0.0,0.0
2016-02-26,11:40:00,13.19,13.32,13.185,13.3,365838.0000000023,1.0,0.0,0.0
2016-02-26,11:47:00,13.31,13.32,13.24,13.25,237693.00000000233,1.0,0.0,0.0
2016-02-26,11:54:00,13.25,13.3424,13.2235,13.315,337117.0000000023,1.0,0.0,0.0
2016-02-26,12:01:00,13.32,13.4,13.305,13.386,253277.00000000233,1.0,0.0,0.0
2016-02-26,12:08:00,13.3801,13.42,13.33,13.35,250505.00000000233,1.0,0.0,0.0
2016-02-26,12:15:00,13.35,13.39,13.315,13.38,193942.00000000233,1.0,0.0,0.0
2016-02-26,12:22:00,13.39,13.39,13.31,13.34,171759.00000000233,1.0,0.0,0.0
2016-02-26,12:29:00,13.34,13.34,13.29,13.32,155189.00000000233,1.0,0.0,0.0
2016-02-26,12:36:00,13.32,13.422,13.32,13.39,190146.00000000233,1.0,0.0,0.0
2016-02-26,12:43:00,13.39,13.44,13.385,13.43,128782.00000000233,1.0,0.0,0.0
2016-02-26,12:50:00,13.427,13.46,13.4225,13.43,144085.00000000233,1.0,0.0,0.0
2016-02-26,12:57:00,13.43,13.43,13.35,13.37,149754.00000000233,1.0,0.0,0.0
2016-02-26,13:04:00,13.37,13.395,13.35,13.375,127916.00000000233,1.0,0.0,0.0
2016-02-26,13:11:00,13.38,13.3856,13.33,13.37,214865.00000000233,1.0,0.0,0.0
2016-02-26,13:18:00,13.37,13.42,13.365,13.41,114049.00000000233,1.0,0.0,0.0
2016-02-26,13:25:00,13.41,13.42,13.39,13.41,55488.00000000233,1.0,0.0,0.0
2016-02-26,13:32:00,13.42,13.43,13.4,13.415,78818.00000000233,1.0,0.0,0.0
2016-02-26,13:39:00,13.415,13.435,13.39,13.41,128991.00000000233,1.0,0.0,0.0
2016-02-26,13:46:00,13.41,13.43,13.39,13.39,124818.00000000233,1.0,0.0,0.0
2016-02-26,13:53:00,13.395,13.41,13.32,13.38,192938.00000000233,1.0,0.0,0.0
2016-02-26,14:00:00,13.38,13.4,13.34,13.37,167532.00000000233,1.0,0.0,0.0
2016-02-26,14:07:00,13.3699,13.38,13.33,13.37,132770.00000000233,1.0,0.0,0.0
2016-02-26,14:14:00,13.37,13.39,13.355,13.37,104190.00000000233,1.0,0.0,0.0
2016-02-26,14:21:00,13.37,13.44,13.37,13.4,136948.00000000233,1.0,0.0,0.0
2016-02-26,14:28:00,13.4,13.4,13.34,13.37,204153.00000000233,1.0,0.0,0.0
2016-02-26,14:35:00,13.37,13.435,13.36,13.405,224642.00000000233,1.0,0.0,0.0
2016-02-26,14:42:00,13.405,13.5,13.4,13.49,323923.0000000023,1.0,0.0,0.0
2016-02-26,14:49:00,13.49,13.5,13.455,13.495,192726.00000000233,1.0,0.0,0.0
2016-02-26,14:56:00,13.495,13.51,13.42,13.43,277409.0000000023,1.0,0.0,0.0
2016-02-26,15:03:00,13.43,13.445,13.39,13.42,213175.00000000233,1.0,0.0,0.0
2016-02-26,15:10:00,13.415,13.48,13.39,13.475,416630.0000000023,1.0,0.0,0.0
2016-02-26,15:17:00,13.48,13.49,13.4319,13.435,248402.00000000233,1.0,0.0,0.0
2016-02-26,15:24:00,13.43,13.4399,13.4,13.415,225762.00000000233,1.0,0.0,0.0
2016-02-26,15:31:00,13.41,13.46,13.4,13.425,220162.00000000233,1.0,0.0,0.0
2016-02-26,15:38:00,13.43,13.445,13.4,13.44,265524.0000000023,1.0,0.0,0.0
2016-02-26,15:45:00,13.44,13.55,13.43,13.54,614797.0000000023,1.0,0.0,0.0
2016-02-26,15:52:00,13.542,13.57,13.54,13.57,500793.0000000023,1.0,0.0,0.0
2016-02-26,15:59:00,13.57,13.57,13.52,13.52,875392.0000000023,1.0,0.0,0.0
2016-02-29,09:36:00,13.64,13.79,13.64,13.695,1071949.0000000023,1.0,0.0,0.0
2016-02-29,09:43:00,13.7,13.77,13.6,13.7,640003.0000000023,1.0,0.0,0.0
2016-02-29,09:50:00,13.7059,13.805,13.68,13.79,733790.0000000023,1.0,0.0,0.0
2016-02-29,09:57:00,13.79,13.81,13.7,13.72,716521.0000000023,1.0,0.0,0.0
2016-02-29,10:04:00,13.72,13.83,13.72,13.82,451266.0000000023,1.0,0.0,0.0
2016-02-29,10:11:00,13.82,13.845999999999998,13.72,13.79,622778.0000000023,1.0,0.0,0.0
2016-02-29,10:18:00,13.79,13.81,13.725,13.755,409102.0000000023,1.0,0.0,0.0
2016-02-29,10:25:00,13.76,13.8099,13.725,13.8,294864.0000000023,1.0,0.0,0.0
2016-02-29,10:32:00,13.8,13.83,13.775,13.8,308213.0000000023,1.0,0.0,0.0
2016-02-29,10:39:00,13.795,13.847000000000001,13.79,13.82,235887.00000000233,1.0,0.0,0.0
2016-02-29,10:46:00,13.815,13.845,13.81,13.82,186198.00000000233,1.0,0.0,0.0
2016-02-29,10:53:00,13.821,13.88,13.805,13.865,216954.00000000233,1.0,0.0,0.0
2016-02-29,11:00:00,13.855,13.86,13.78,13.81,285731.0000000023,1.0,0.0,0.0
2016-02-29,11:07:00,13.815,13.88,13.815,13.85,264997.0000000023,1.0,0.0,0.0
2016-02-29,11:14:00,13.85,13.86,13.8101,13.84,133445.00000000233,1.0,0.0,0.0
2016-02-29,11:21:00,13.85,13.87,13.825,13.825,154980.00000000233,1.0,0.0,0.0
2016-02-29,11:28:00,13.83,13.88,13.82,13.85,200856.00000000233,1.0,0.0,0.0
2016-02-29,11:35:00,13.86,13.88,13.78,13.7999,344259.0000000023,1.0,0.0,0.0
2016-02-29,11:42:00,13.79,13.83,13.75,13.7801,302881.0000000023,1.0,0.0,0.0
2016-02-29,11:49:00,13.78,13.79,13.7,13.7,237054.00000000233,1.0,0.0,0.0
2016-02-29,11:56:00,13.71,13.75,13.69,13.71,210406.00000000233,1.0,0.0,0.0
2016-02-29,12:03:00,13.71,13.77,13.71,13.74,156796.00000000233,1.0,0.0,0.0
2016-02-29,12:10:00,13.7401,13.765999999999998,13.7,13.719000000000001,152967.00000000233,1.0,0.0,0.0
2016-02-29,12:17:00,13.71,13.725,13.67,13.68,173204.00000000233,1.0,0.0,0.0
2016-02-29,12:24:00,13.68,13.7301,13.68,13.73,126992.00000000233,1.0,0.0,0.0
2016-02-29,12:31:00,13.74,13.77,13.74,13.759,81372.00000000233,1.0,0.0,0.0
2016-02-29,12:38:00,13.75,13.77,13.74,13.755,107625.00000000233,1.0,0.0,0.0
2016-02-29,12:45:00,13.755,13.76,13.72,13.74,175343.00000000233,1.0,0.0,0.0
2016-02-29,12:52:00,13.745,13.75,13.69,13.69,143351.00000000233,1.0,0.0,0.0
2016-02-29,12:59:00,13.695,13.72,13.67,13.6901,224295.00000000233,1.0,0.0,0.0
2016-02-29,13:06:00,13.7,13.78,13.69,13.765,140128.00000000233,1.0,0.0,0.0
2016-02-29,13:13:00,13.76,13.81,13.73,13.74,229589.00000000233,1.0,0.0,0.0
2016-02-29,13:20:00,13.7399,13.78,13.71,13.77,402107.0000000023,1.0,0.0,0.0
2016-02-29,13:27:00,13.78,13.85,13.77,13.8427,266944.0000000023,1.0,0.0,0.0
2016-02-29,13:34:00,13.84,13.88,13.83,13.865,322689.0000000023,1.0,0.0,0.0
2016-02-29,13:41:00,13.865,13.88,13.8,13.81,169409.00000000233,1.0,0.0,0.0
2016-02-29,13:48:00,13.815,13.83,13.805,13.83,218422.00000000233,1.0,0.0,0.0
2016-02-29,13:55:00,13.83,13.87,13.83,13.8658,100159.00000000233,1.0,0.0,0.0
2016-02-29,14:02:00,13.8651,13.88,13.84,13.845,88323.00000000233,1.0,0.0,0.0
2016-02-29,14:09:00,13.84,13.87,13.84,13.87,327271.0000000023,1.0,0.0,0.0
2016-02-29,14:16:00,13.87,13.95,13.85,13.94,446824.0000000023,1.0,0.0,0.0
2016-02-29,14:23:00,13.94,13.99,13.935,13.985,264707.0000000023,1.0,0.0,0.0
2016-02-29,14:30:00,13.99,14.0,13.89,13.89,329386.0000000023,1.0,0.0,0.0
2016-02-29,14:37:00,13.89,13.9,13.865,13.87,127036.00000000233,1.0,0.0,0.0
2016-02-29,14:44:00,13.8754,13.8754,13.83,13.86,163479.00000000233,1.0,0.0,0.0
2016-02-29,14:51:00,13.865,13.8999,13.83,13.84,200804.00000000233,1.0,0.0,0.0
2016-02-29,14:58:00,13.84,13.86,13.81,13.845,221800.00000000233,1.0,0.0,0.0
2016-02-29,15:05:00,13.85,13.89,13.845,13.87,125453.00000000233,1.0,0.0,0.0
2016-02-29,15:12:00,13.875,13.895,13.84,13.89,276712.0000000023,1.0,0.0,0.0
2016-02-29,15:19:00,13.89,13.94,13.88,13.93,192339.00000000233,1.0,0.0,0.0
2016-02-29,15:26:00,13.9278,13.94,13.9,13.91,217249.00000000233,1.0,0.0,0.0
2016-02-29,15:33:00,13.91,13.94,13.89,13.905,215592.00000000233,1.0,0.0,0.0
2016-02-29,15:40:00,13.9,13.93,13.88,13.885,268500.0000000023,1.0,0.0,0.0
2016-02-29,15:47:00,13.885,13.9,13.8601,13.895,480481.0000000023,1.0,0.0,0.0
2016-02-29,15:54:00,13.895,13.9,13.86,13.87,433935.0000000023,1.0,0.0,0.0
2016-03-01,09:31:00,13.87,14.02,13.86,13.95,1045924.0000000023,1.0,0.0,0.0
2016-03-01,09:38:00,13.949000000000002,13.97,13.73,13.79,816244.0000000023,1.0,0.0,0.0
2016-03-01,09:45:00,13.78,13.78,13.53,13.54,882605.0000000023,1.0,0.0,0.0
2016-03-01,09:52:00,13.54,13.62,13.5,13.58,860392.0000000023,1.0,0.0,0.0
2016-03-01,09:59:00,13.59,13.59,13.5,13.5099,346092.0000000023,1.0,0.0,0.0
2016-03-01,10:06:00,13.5,13.5,13.26,13.305,1320549.0000000023,1.0,0.0,0.0
2016-03-01,10:13:00,13.31,13.41,13.31,13.35,587558.0000000023,1.0,0.0,0.0
2016-03-01,10:20:00,13.35,13.38,13.32,13.34,810383.0000000023,1.0,0.0,0.0
2016-03-01,10:27:00,13.34,13.43,13.31,13.365,441921.0000000023,1.0,0.0,0.0
2016-03-01,10:34:00,13.365,13.37,13.25,13.28,413675.0000000023,1.0,0.0,0.0
2016-03-01,10:41:00,13.28,13.32,13.21,13.3,435437.0000000023,1.0,0.0,0.0
2016-03-01,10:48:00,13.3,13.34,13.2475,13.3,402325.0000000023,1.0,0.0,0.0
2016-03-01,10:55:00,13.293,13.37,13.29,13.3699,300633.0000000023,1.0,0.0,0.0
2016-03-01,11:02:00,13.37,13.45,13.32,13.33,432647.0000000023,1.0,0.0,0.0
2016-03-01,11:09:00,13.33,13.35,13.27,13.305,281442.0000000023,1.0,0.0,0.0
2016-03-01,11:16:00,13.3,13.41,13.29,13.36,305653.0000000023,1.0,0.0,0.0
2016-03-01,11:23:00,13.369000000000002,13.385,13.3,13.34,304419.0000000023,1.0,0.0,0.0
2016-03-01,11:30:00,13.34,13.3801,13.33,13.36,234517.00000000233,1.0,0.0,0.0
2016-03-01,11:37:00,13.36,13.36,13.31,13.33,189583.00000000233,1.0,0.0,0.0
2016-03-01,11:44:00,13.3289,13.33,13.26,13.285,206003.00000000233,1.0,0.0,0.0
2016-03-01,11:51:00,13.28,13.31,13.25,13.28,279568.0000000023,1.0,0.0,0.0
2016-03-01,11:58:00,13.28,13.285,13.18,13.19,530809.0000000023,1.0,0.0,0.0
2016-03-01,12:05:00,13.19,13.19,13.1,13.15,393001.0000000023,1.0,0.0,0.0
2016-03-01,12:12:00,13.15,13.22,13.14,13.21,336635.0000000023,1.0,0.0,0.0
2016-03-01,12:19:00,13.21,13.26,13.2,13.255,178780.00000000233,1.0,0.0,0.0
2016-03-01,12:26:00,13.25,13.32,13.23,13.3,254265.00000000233,1.0,0.0,0.0
2016-03-01,12:33:00,13.3,13.35,13.28,13.29,182185.00000000233,1.0,0.0,0.0
2016-03-01,12:40:00,13.285,13.295,13.2225,13.25,424160.0000000023,1.0,0.0,0.0
2016-03-01,12:47:00,13.2518,13.275,13.23,13.2464,316828.0000000023,1.0,0.0,0.0
2016-03-01,12:54:00,13.24,13.25,13.2,13.24,230978.00000000233,1.0,0.0,0.0
2016-03-01,13:01:00,13.235,13.24,13.19,13.21,116584.00000000233,1.0,0.0,0.0
2016-03-01,13:08:00,13.22,13.235,13.2,13.22,112316.00000000233,1.0,0.0,0.0
2016-03-01,13:15:00,13.215,13.2199,13.17,13.2,119874.00000000233,1.0,0.0,0.0
2016-03-01,13:22:00,13.2271,13.23,13.18,13.18,107417.00000000233,1.0,0.0,0.0
2016-03-01,13:29:00,13.18,13.2,13.16,13.165,189223.00000000233,1.0,0.0,0.0
2016-03-01,13:36:00,13.16,13.27,13.15,13.22,395035.0000000023,1.0,0.0,0.0
2016-03-01,13:43:00,13.2299,13.27,13.21,13.26,294968.0000000023,1.0,0.0,0.0
2016-03-01,13:50:00,13.26,13.335,13.255,13.29,309002.0000000023,1.0,0.0,0.0
2016-03-01,13:57:00,13.295,13.32,13.23,13.2336,229247.00000000233,1.0,0.0,0.0
2016-03-01,14:04:00,13.23,13.25,13.215,13.225,134446.00000000233,1.0,0.0,0.0
2016-03-01,14:11:00,13.23,13.26,13.18,13.19,162526.00000000233,1.0,0.0,0.0
2016-03-01,14:18:00,13.195,13.2,13.17,13.185,163603.00000000233,1.0,0.0,0.0
2016-03-01,14:25:00,13.19,13.2,13.12,13.14,329537.0000000023,1.0,0.0,0.0
2016-03-01,14:32:00,13.1401,13.22,13.14,13.2,263079.0000000023,1.0,0.0,0.0
2016-03-01,14:39:00,13.206,13.31,13.185,13.285,476099.0000000023,1.0,0.0,0.0
2016-03-01,14:46:00,13.29,13.3,13.205,13.25,269989.0000000023,1.0,0.0,0.0
2016-03-01,14:53:00,13.25,13.35,13.25,13.33,211162.00000000233,1.0,0.0,0.0
2016-03-01,15:00:00,13.33,13.34,13.31,13.33,157376.00000000233,1.0,0.0,0.0
2016-03-01,15:07:00,13.3399,13.38,13.33,13.36,255386.00000000233,1.0,0.0,0.0
2016-03-01,15:14:00,13.355,13.38,13.31,13.355,266253.0000000023,1.0,0.0,0.0
2016-03-01,15:21:00,13.35,13.365,13.31,13.34,225951.00000000233,1.0,0.0,0.0
2016-03-01,15:28:00,13.335,13.39,13.3345,13.3899,303967.0000000023,1.0,0.0,0.0
2016-03-01,15:35:00,13.385,13.41,13.35,13.365,356816.0000000023,1.0,0.0,0.0
2016-03-01,15:42:00,13.3601,13.41,13.35,13.355,574852.0000000023,1.0,0.0,0.0
2016-03-01,15:49:00,13.36,13.38,13.3,13.315,444769.0000000023,1.0,0.0,0.0
2016-03-01,15:56:00,13.31,13.32,13.23,13.275,732511.0000000023,1.0,0.0,0.0
2016-03-02,09:33:00,13.28,13.4,13.23,13.23,961396.0000000023,1.0,0.0,0.0
2016-03-02,09:40:00,13.244000000000002,13.47,13.23,13.43,860377.0000000023,1.0,0.0,0.0
2016-03-02,09:47:00,13.42,13.5,13.3125,13.345,558496.0000000023,1.0,0.0,0.0
2016-03-02,09:54:00,13.35,13.57,13.345,13.56,674491.0000000023,1.0,0.0,0.0
2016-03-02,10:01:00,13.56,13.5773,13.449000000000002,13.449000000000002,352143.0000000023,1.0,0.0,0.0
2016-03-02,10:08:00,13.45,13.49,13.4,13.42,342594.0000000023,1.0,0.0,0.0
2016-03-02,10:15:00,13.42,13.425,13.35,13.38,327064.0000000023,1.0,0.0,0.0
2016-03-02,10:22:00,13.39,13.5,13.370999999999999,13.47,356839.0000000023,1.0,0.0,0.0
2016-03-02,10:29:00,13.47,13.55,13.46,13.51,249967.00000000233,1.0,0.0,0.0
2016-03-02,10:36:00,13.51,13.525,13.43,13.5,251477.00000000233,1.0,0.0,0.0
2016-03-02,10:43:00,13.49,13.54,13.44,13.45,212224.00000000233,1.0,0.0,0.0
2016-03-02,10:50:00,13.45,13.49,13.43,13.465,147791.00000000233,1.0,0.0,0.0
2016-03-02,10:57:00,13.47,13.48,13.42,13.44,135604.00000000233,1.0,0.0,0.0
2016-03-02,11:04:00,13.44,13.5,13.41,13.43,210352.00000000233,1.0,0.0,0.0
2016-03-02,11:11:00,13.43,13.45,13.41,13.43,177604.00000000233,1.0,0.0,0.0
2016-03-02,11:18:00,13.4278,13.53,13.42,13.53,206676.00000000233,1.0,0.0,0.0
2016-03-02,11:25:00,13.5299,13.55,13.49,13.51,210722.00000000233,1.0,0.0,0.0
2016-03-02,11:32:00,13.51,13.54,13.4797,13.54,162546.00000000233,1.0,0.0,0.0
2016-03-02,11:39:00,13.53,13.54,13.4522,13.46,254689.00000000233,1.0,0.0,0.0
2016-03-02,11:46:00,13.46,13.4799,13.41,13.43,326477.0000000023,1.0,0.0,0.0
2016-03-02,11:53:00,13.43,13.43,13.37,13.405,272961.0000000023,1.0,0.0,0.0
2016-03-02,12:00:00,13.41,13.48,13.4,13.45,179937.00000000233,1.0,0.0,0.0
2016-03-02,12:07:00,13.45,13.475,13.44,13.46,184785.00000000233,1.0,0.0,0.0
2016-03-02,12:14:00,13.46,13.46,13.41,13.43,76930.00000000233,1.0,0.0,0.0
2016-03-02,12:21:00,13.43,13.46,13.4,13.4199,102568.00000000233,1.0,0.0,0.0
2016-03-02,12:28:00,13.4199,13.44,13.4101,13.44,57744.00000000233,1.0,0.0,0.0
2016-03-02,12:35:00,13.4301,13.5,13.43,13.5,114798.00000000233,1.0,0.0,0.0
2016-03-02,12:42:00,13.5,13.52,13.485,13.505,117795.00000000233,1.0,0.0,0.0
2016-03-02,12:49:00,13.505,13.53,13.49,13.52,108972.00000000233,1.0,0.0,0.0
2016-03-02,12:56:00,13.52,13.53,13.5,13.5199,86612.00000000233,1.0,0.0,0.0
2016-03-02,13:03:00,13.52,13.54,13.49,13.495,98055.00000000233,1.0,0.0,0.0
2016-03-02,13:10:00,13.495,13.53,13.495,13.5,78866.00000000233,1.0,0.0,0.0
2016-03-02,13:17:00,13.5,13.54,13.4938,13.5309,132194.00000000233,1.0,0.0,0.0
2016-03-02,13:24:00,13.54,13.6,13.5346,13.575,242996.00000000233,1.0,0.0,0.0
2016-03-02,13:31:00,13.57,13.6,13.55,13.5738,150471.00000000233,1.0,0.0,0.0
2016-03-02,13:38:00,13.57,13.579,13.55,13.575999999999999,86592.00000000233,1.0,0.0,0.0
2016-03-02,13:45:00,13.57,13.6,13.57,13.58,346949.0000000023,1.0,0.0,0.0
2016-03-02,13:52:00,13.58,13.6,13.53,13.54,139885.00000000233,1.0,0.0,0.0
2016-03-02,13:59:00,13.548,13.59,13.53,13.57,112653.00000000233,1.0,0.0,0.0
2016-03-02,14:06:00,13.57,13.57,13.52,13.52,138120.00000000233,1.0,0.0,0.0
2016-03-02,14:13:00,13.525,13.56,13.52,13.54,159470.00000000233,1.0,0.0,0.0
2016-03-02,14:20:00,13.55,13.55,13.49,13.51,236361.00000000233,1.0,0.0,0.0
2016-03-02,14:27:00,13.51,13.515,13.44,13.47,253201.00000000233,1.0,0.0,0.0
2016-03-02,14:34:00,13.47,13.475,13.445,13.4501,101183.00000000233,1.0,0.0,0.0
2016-03-02,14:41:00,13.46,13.51,13.45,13.49,94091.00000000233,1.0,0.0,0.0
2016-03-02,14:48:00,13.495,13.54,13.48,13.505,172732.00000000233,1.0,0.0,0.0
2016-03-02,14:55:00,13.5033,13.54,13.5033,13.525,290269.0000000023,1.0,0.0,0.0
2016-03-02,15:02:00,13.53,13.53,13.46,13.52,242667.00000000233,1.0,0.0,0.0
2016-03-02,15:09:00,13.51,13.54,13.5,13.51,98964.00000000233,1.0,0.0,0.0
2016-03-02,15:16:00,13.51,13.55,13.48,13.51,171481.00000000233,1.0,0.0,0.0
2016-03-02,15:23:00,13.51,13.53,13.45,13.47,270460.0000000023,1.0,0.0,0.0
2016-03-02,15:30:00,13.47,13.48,13.44,13.47,185762.00000000233,1.0,0.0,0.0
2016-03-02,15:37:00,13.470999999999998,13.5,13.46,13.495,184513.00000000233,1.0,0.0,0.0
2016-03-02,15:44:00,13.5,13.56,13.49,13.56,332099.0000000023,1.0,0.0,0.0
2016-03-02,15:51:00,13.56,13.57,13.530999999999999,13.565,440476.0000000023,1.0,0.0,0.0
2016-03-02,15:58:00,13.56,13.6,13.56,13.585,729248.0000000023,1.0,0.0,0.0
2016-03-03,09:35:00,13.585,13.68,13.565,13.57,1343150.0000000023,1.0,0.0,0.0
2016-03-03,09:42:00,13.57,13.75,13.57,13.744000000000002,711482.0000000023,1.0,0.0,0.0
2016-03-03,09:49:00,13.7499,13.7862,13.71,13.77,844070.0000000023,1.0,0.0,0.0
2016-03-03,09:56:00,13.77,13.83,13.69,13.75,490842.0000000023,1.0,0.0,0.0
2016-03-03,10:03:00,13.745,13.85,13.68,13.84,550293.0000000023,1.0,0.0,0.0
2016-03-03,10:10:00,13.84,13.85,13.77,13.785,392802.0000000023,1.0,0.0,0.0
2016-03-03,10:17:00,13.79,13.97,13.785,13.97,907110.0000000023,1.0,0.0,0.0
2016-03-03,10:24:00,13.962,14.05,13.96,14.025,915461.0000000023,1.0,0.0,0.0
2016-03-03,10:31:00,14.025,14.055,13.96,13.97,432515.0000000023,1.0,0.0,0.0
2016-03-03,10:38:00,13.97,14.0,13.95,13.98,384763.0000000023,1.0,0.0,0.0
2016-03-03,10:45:00,13.98,14.04,13.97,14.01,481746.0000000023,1.0,0.0,0.0
2016-03-03,10:52:00,14.01,14.08,14.0,14.07,445724.0000000023,1.0,0.0,0.0
2016-03-03,10:59:00,14.08,14.09,13.995,14.0,372213.0000000023,1.0,0.0,0.0
2016-03-03,11:06:00,14.005,14.07,13.99,14.06,263187.0000000023,1.0,0.0,0.0
2016-03-03,11:13:00,14.06,14.09,14.05,14.08,481543.0000000023,1.0,0.0,0.0
2016-03-03,11:20:00,14.08,14.08,14.0,14.0399,198093.00000000233,1.0,0.0,0.0
2016-03-03,11:27:00,14.04,14.07,14.02,14.05,292510.0000000023,1.0,0.0,0.0
2016-03-03,11:34:00,14.045,14.0686,14.03,14.04,252779.00000000233,1.0,0.0,0.0
2016-03-03,11:41:00,14.045,14.08,14.02,14.02,236886.00000000233,1.0,0.0,0.0
2016-03-03,11:48:00,14.02,14.0299,13.99,13.995,390759.0000000023,1.0,0.0,0.0
2016-03-03,11:55:00,13.995,14.02,13.98,14.0,862618.0000000023,1.0,0.0,0.0
2016-03-03,12:02:00,13.991,14.02,13.98,14.01,473771.0000000023,1.0,0.0,0.0
2016-03-03,12:09:00,14.01,14.02,13.98,14.0,394716.0000000023,1.0,0.0,0.0
2016-03-03,12:16:00,13.995,14.0159,13.98,13.99,242844.00000000233,1.0,0.0,0.0
2016-03-03,12:23:00,13.99,14.01,13.98,13.99,306340.0000000023,1.0,0.0,0.0
2016-03-03,12:30:00,14.0,14.011,13.985,14.005,287415.0000000023,1.0,0.0,0.0
2016-03-03,12:37:00,14.01,14.02,13.98,14.01,204004.00000000233,1.0,0.0,0.0
2016-03-03,12:44:00,14.01,14.04,14.0,14.0363,129944.00000000233,1.0,0.0,0.0
2016-03-03,12:51:00,14.03,14.06,14.02,14.04,116846.00000000233,1.0,0.0,0.0
2016-03-03,12:58:00,14.04,14.06,14.04,14.06,71692.00000000233,1.0,0.0,0.0
2016-03-03,13:05:00,14.06,14.075,14.03,14.062999999999999,199217.00000000233,1.0,0.0,0.0
2016-03-03,13:12:00,14.07,14.07,14.01,14.06,296690.0000000023,1.0,0.0,0.0
2016-03-03,13:19:00,14.06,14.07,14.03,14.05,65439.00000000233,1.0,0.0,0.0
2016-03-03,13:26:00,14.05,14.05,13.99,13.995,131996.00000000233,1.0,0.0,0.0
2016-03-03,13:33:00,13.995,14.0,13.94,13.955,115200.00000000233,1.0,0.0,0.0
2016-03-03,13:40:00,13.96,13.96,13.87,13.92,264505.0000000023,1.0,0.0,0.0
2016-03-03,13:47:00,13.929,13.94,13.9,13.905,121424.00000000233,1.0,0.0,0.0
2016-03-03,13:54:00,13.91,13.945,13.9,13.905,119496.00000000233,1.0,0.0,0.0
2016-03-03,14:01:00,13.91,13.91,13.86,13.885,236718.00000000233,1.0,0.0,0.0
2016-03-03,14:08:00,13.89,13.899000000000001,13.86,13.875,217833.00000000233,1.0,0.0,0.0
2016-03-03,14:15:00,13.87,13.9,13.87,13.880999999999998,196453.00000000233,1.0,0.0,0.0
2016-03-03,14:22:00,13.88,13.89,13.84,13.88,367998.0000000023,1.0,0.0,0.0
2016-03-03,14:29:00,13.88,13.89,13.85,13.87,108587.00000000233,1.0,0.0,0.0
2016-03-03,14:36:00,13.8725,13.92,13.87,13.89,172035.00000000233,1.0,0.0,0.0
2016-03-03,14:43:00,13.895,13.96,13.895,13.9563,118773.00000000233,1.0,0.0,0.0
2016-03-03,14:50:00,13.955,13.96,13.89,13.9,217890.00000000233,1.0,0.0,0.0
2016-03-03,14:57:00,13.9,13.95,13.8937,13.935,218260.00000000233,1.0,0.0,0.0
2016-03-03,15:04:00,13.93,13.94,13.88,13.91,192490.00000000233,1.0,0.0,0.0
2016-03-03,15:11:00,13.9135,13.93,13.9,13.91,106445.00000000233,1.0,0.0,0.0
2016-03-03,15:18:00,13.91,13.957,13.9,13.957,133596.00000000233,1.0,0.0,0.0
2016-03-03,15:25:00,13.95,14.04,13.95,14.035,366658.0000000023,1.0,0.0,0.0
2016-03-03,15:32:00,14.035,14.039000000000001,13.96,13.995,303778.0000000023,1.0,0.0,0.0
2016-03-03,15:39:00,13.995,14.0,13.92,13.925,406707.0000000023,1.0,0.0,0.0
2016-03-03,15:46:00,13.925,13.94,13.9,13.935,560272.0000000023,1.0,0.0,0.0
2016-03-03,15:53:00,13.93,13.94,13.88,13.8838,397608.0000000023,1.0,0.0,0.0
2016-03-04,09:30:00,13.88,14.16,13.88,14.1462,1396553.0000000023,1.0,0.0,0.0
2016-03-04,09:37:00,14.15,14.44,14.1301,14.4,1370794.0000000023,1.0,0.0,0.0
2016-03-04,09:44:00,14.395,14.56,14.39,14.56,1622644.0000000023,1.0,0.0,0.0
2016-03-04,09:51:00,14.55,14.71,14.52,14.67,1563678.0000000023,1.0,0.0,0.0
2016-03-04,09:58:00,14.67,14.795,14.64,14.75,1574314.0000000023,1.0,0.0,0.0
2016-03-04,10:05:00,14.74,14.76,14.67,14.71,1270961.0000000023,1.0,0.0,0.0
2016-03-04,10:12:00,14.715,14.75,14.655,14.72,921359.0000000023,1.0,0.0,0.0
2016-03-04,10:19:00,14.72,14.8,14.695,14.75,938006.0000000023,1.0,0.0,0.0
2016-03-04,10:26:00,14.745,14.76,14.66,14.695,542695.0000000023,1.0,0.0,0.0
2016-03-04,10:33:00,14.7,14.75,14.68,14.75,465449.0000000023,1.0,0.0,0.0
2016-03-04,10:40:00,14.74,14.76,14.69,14.715,460054.0000000023,1.0,0.0,0.0
2016-03-04,10:47:00,14.71,14.71,14.51,14.54,674602.0000000023,1.0,0.0,0.0
2016-03-04,10:54:00,14.54,14.61,14.44,14.45,1506455.0000000023,1.0,0.0,0.0
2016-03-04,11:01:00,14.45,14.48,14.3449,14.41,719054.0000000023,1.0,0.0,0.0
2016-03-04,11:08:00,14.41,14.42,14.338,14.4,474277.0000000023,1.0,0.0,0.0
2016-03-04,11:15:00,14.4,14.5,14.39,14.48,416206.0000000023,1.0,0.0,0.0
2016-03-04,11:22:00,14.48,14.545,14.41,14.54,445548.0000000023,1.0,0.0,0.0
2016-03-04,11:29:00,14.53,14.56,14.5,14.5599,246441.00000000233,1.0,0.0,0.0
2016-03-04,11:36:00,14.56,14.57,14.51,14.53,247902.00000000233,1.0,0.0,0.0
2016-03-04,11:43:00,14.525,14.61,14.52,14.6,236582.00000000233,1.0,0.0,0.0
2016-03-04,11:50:00,14.6,14.63,14.47,14.47,384073.0000000023,1.0,0.0,0.0
2016-03-04,11:57:00,14.47,14.48,14.4,14.44,566146.0000000023,1.0,0.0,0.0
2016-03-04,12:04:00,14.44,14.46,14.37,14.455,282208.0000000023,1.0,0.0,0.0
2016-03-04,12:11:00,14.450999999999999,14.46,14.28,14.31,701172.0000000023,1.0,0.0,0.0
2016-03-04,12:18:00,14.309000000000001,14.35,14.3,14.35,228649.00000000233,1.0,0.0,0.0
2016-03-04,12:25:00,14.35,14.36,14.29,14.31,416242.0000000023,1.0,0.0,0.0
2016-03-04,12:32:00,14.3,14.32,14.27,14.29,393597.0000000023,1.0,0.0,0.0
2016-03-04,12:39:00,14.29,14.33,14.27,14.31,257690.00000000233,1.0,0.0,0.0
2016-03-04,12:46:00,14.32,14.38,14.3,14.36,213193.00000000233,1.0,0.0,0.0
2016-03-04,12:53:00,14.36,14.37,14.32,14.34,277231.0000000023,1.0,0.0,0.0
2016-03-04,13:00:00,14.34,14.41,14.33,14.41,135636.00000000233,1.0,0.0,0.0
2016-03-04,13:07:00,14.41,14.41,14.34,14.35,217532.00000000233,1.0,0.0,0.0
2016-03-04,13:14:00,14.34,14.35,14.29,14.3,139417.00000000233,1.0,0.0,0.0
2016-03-04,13:21:00,14.29,14.36,14.28,14.34,154408.00000000233,1.0,0.0,0.0
2016-03-04,13:28:00,14.34,14.37,14.32,14.33,155489.00000000233,1.0,0.0,0.0
2016-03-04,13:35:00,14.335,14.36,14.24,14.27,224311.00000000233,1.0,0.0,0.0
2016-03-04,13:42:00,14.27,14.285,14.11,14.12,551113.0000000023,1.0,0.0,0.0
2016-03-04,13:49:00,14.13,14.14,14.01,14.0599,757025.0000000023,1.0,0.0,0.0
2016-03-04,13:56:00,14.05,14.05,13.93,14.0,419925.0000000023,1.0,0.0,0.0
2016-03-04,14:03:00,14.0,14.11,13.989,14.11,411514.0000000023,1.0,0.0,0.0
2016-03-04,14:10:00,14.11,14.157,14.09,14.14,542340.0000000023,1.0,0.0,0.0
2016-03-04,14:17:00,14.14,14.19,14.09,14.09,487534.0000000023,1.0,0.0,0.0
2016-03-04,14:24:00,14.1,14.1,14.04,14.07,171115.00000000233,1.0,0.0,0.0
2016-03-04,14:31:00,14.06,14.08,13.97,14.05,260645.00000000233,1.0,0.0,0.0
2016-03-04,14:38:00,14.0499,14.05,13.93,13.94,394837.0000000023,1.0,0.0,0.0
2016-03-04,14:45:00,13.94,13.94,13.81,13.85,841754.0000000023,1.0,0.0,0.0
2016-03-04,14:52:00,13.86,13.87,13.675,13.69,626422.0000000023,1.0,0.0,0.0
2016-03-04,14:59:00,13.69,13.77,13.61,13.765,633617.0000000023,1.0,0.0,0.0
2016-03-04,15:06:00,13.77,13.91,13.76,13.91,530330.0000000023,1.0,0.0,0.0
2016-03-04,15:13:00,13.91,13.93,13.82,13.83,288289.0000000023,1.0,0.0,0.0
2016-03-04,15:20:00,13.835,13.88,13.7599,13.88,296858.0000000023,1.0,0.0,0.0
2016-03-04,15:27:00,13.88,13.915,13.835,13.85,285095.0000000023,1.0,0.0,0.0
2016-03-04,15:34:00,13.85,13.8761,13.73,13.735,794492.0000000023,1.0,0.0,0.0
2016-03-04,15:41:00,13.74,13.76,13.7,13.71,469304.0000000023,1.0,0.0,0.0
2016-03-04,15:48:00,13.71,13.77,13.7,13.759,632721.0000000023,1.0,0.0,0.0
2016-03-04,15:55:00,13.755,13.76,13.725,13.745,423749.0000000023,1.0,0.0,0.0
2016-03-07,09:32:00,13.745,14.29,13.71,14.26,1400389.0000000023,1.0,0.0,0.0
2016-03-07,09:39:00,14.27,14.33,14.15,14.21,1131865.0000000023,1.0,0.0,0.0
2016-03-07,09:46:00,14.2,14.35,14.105,14.335,1493266.0000000023,1.0,0.0,0.0
2016-03-07,09:53:00,14.33,14.4911,14.2885,14.4801,1306170.0000000023,1.0,0.0,0.0
2016-03-07,10:00:00,14.4899,14.5,14.3401,14.39,1241053.0000000023,1.0,0.0,0.0
2016-03-07,10:07:00,14.38,14.55,14.34,14.55,1463722.0000000023,1.0,0.0,0.0
2016-03-07,10:14:00,14.54,14.57,14.465,14.565,1054840.0000000023,1.0,0.0,0.0
2016-03-07,10:21:00,14.57,14.67,14.56,14.6,1744431.0000000023,1.0,0.0,0.0
2016-03-07,10:28:00,14.5932,14.61,14.51,14.535,857523.0000000023,1.0,0.0,0.0
2016-03-07,10:35:00,14.53,14.625,14.51,14.59,1300718.0000000023,1.0,0.0,0.0
2016-03-07,10:42:00,14.5801,14.6,14.44,14.45,797976.0000000023,1.0,0.0,0.0
2016-03-07,10:49:00,14.45,14.545,14.35,14.350999999999999,583768.0000000023,1.0,0.0,0.0
2016-03-07,10:56:00,14.355,14.355,14.25,14.25,560907.0000000023,1.0,0.0,0.0
2016-03-07,11:03:00,14.25,14.34,14.23,14.27,457825.0000000023,1.0,0.0,0.0
2016-03-07,11:10:00,14.27,14.33,14.235,14.25,486294.0000000023,1.0,0.0,0.0
2016-03-07,11:17:00,14.24,14.3,14.1625,14.1625,486652.0000000023,1.0,0.0,0.0
2016-03-07,11:24:00,14.16,14.24,14.145,14.19,347706.0000000023,1.0,0.0,0.0
2016-03-07,11:31:00,14.19,14.25,14.16,14.23,264207.0000000023,1.0,0.0,0.0
2016-03-07,11:38:00,14.24,14.255,14.18,14.195,253906.00000000233,1.0,0.0,0.0
2016-03-07,11:45:00,14.2,14.2099,14.12,14.135,368195.0000000023,1.0,0.0,0.0
2016-03-07,11:52:00,14.14,14.25,14.1101,14.21,372682.0000000023,1.0,0.0,0.0
2016-03-07,11:59:00,14.21,14.25,14.19,14.245,273567.0000000023,1.0,0.0,0.0
2016-03-07,12:06:00,14.2499,14.28,14.175,14.195,357174.0000000023,1.0,0.0,0.0
2016-03-07,12:13:00,14.19,14.2,14.14,14.17,445087.0000000023,1.0,0.0,0.0
2016-03-07,12:20:00,14.162,14.17,14.11,14.16,221647.00000000233,1.0,0.0,0.0
2016-03-07,12:27:00,14.15,14.17,14.095,14.095,191619.00000000233,1.0,0.0,0.0
2016-03-07,12:34:00,14.0995,14.125,14.07,14.1,225854.00000000233,1.0,0.0,0.0
2016-03-07,12:41:00,14.1,14.11,13.83,13.835,1122180.0000000023,1.0,0.0,0.0
2016-03-07,12:48:00,13.835,13.85,13.61,13.74,1348857.0000000023,1.0,0.0,0.0
2016-03-07,12:55:00,13.74,13.82,13.67,13.69,699711.0000000023,1.0,0.0,0.0
2016-03-07,13:02:00,13.68,13.795,13.665,13.71,583714.0000000023,1.0,0.0,0.0
2016-03-07,13:09:00,13.7,13.78,13.65,13.6799,344456.0000000023,1.0,0.0,0.0
2016-03-07,13:16:00,13.679,13.73,13.61,13.655,467787.0000000023,1.0,0.0,0.0
2016-03-07,13:23:00,13.65,13.73,13.65,13.71,324068.0000000023,1.0,0.0,0.0
2016-03-07,13:30:00,13.71,13.78,13.7,13.75,376593.0000000023,1.0,0.0,0.0
2016-03-07,13:37:00,13.75,13.86,13.749,13.8599,397902.0000000023,1.0,0.0,0.0
2016-03-07,13:44:00,13.855,13.86,13.76,13.77,270343.0000000023,1.0,0.0,0.0
2016-03-07,13:51:00,13.77,13.86,13.76,13.815,327064.0000000023,1.0,0.0,0.0
2016-03-07,13:58:00,13.81,13.87,13.7913,13.8,278115.0000000023,1.0,0.0,0.0
2016-03-07,14:05:00,13.8,13.88,13.8,13.87,213745.00000000233,1.0,0.0,0.0
2016-03-07,14:12:00,13.87,13.97,13.86,13.94,673351.0000000023,1.0,0.0,0.0
2016-03-07,14:19:00,13.94,13.95,13.845,13.86,469260.0000000023,1.0,0.0,0.0
2016-03-07,14:26:00,13.86,13.87,13.8,13.81,362256.0000000023,1.0,0.0,0.0
2016-03-07,14:33:00,13.81,13.84,13.75,13.76,266694.0000000023,1.0,0.0,0.0
2016-03-07,14:40:00,13.7699,13.81,13.755,13.8,199153.00000000233,1.0,0.0,0.0
2016-03-07,14:47:00,13.8,13.87,13.78,13.8067,225123.00000000233,1.0,0.0,0.0
2016-03-07,14:54:00,13.81,13.82,13.76,13.790999999999999,241596.00000000233,1.0,0.0,0.0
2016-03-07,15:01:00,13.8,13.82,13.77,13.77,88571.00000000233,1.0,0.0,0.0
2016-03-07,15:08:00,13.77,13.79,13.75,13.76,266276.0000000023,1.0,0.0,0.0
2016-03-07,15:15:00,13.7653,13.8,13.75,13.775,236907.00000000233,1.0,0.0,0.0
2016-03-07,15:22:00,13.775,13.815,13.76,13.8,142844.00000000233,1.0,0.0,0.0
2016-03-07,15:29:00,13.8,13.84,13.8,13.84,282302.0000000023,1.0,0.0,0.0
2016-03-07,15:36:00,13.84,13.87,13.81,13.81,346275.0000000023,1.0,0.0,0.0
2016-03-07,15:43:00,13.805,13.86,13.8,13.86,355514.0000000023,1.0,0.0,0.0
2016-03-07,15:50:00,13.86,13.87,13.84,13.86,249312.00000000233,1.0,0.0,0.0
2016-03-07,15:57:00,13.86,13.87,13.85,13.87,419216.0000000023,1.0,0.0,0.0
2016-03-08,09:34:00,13.87,14.32,13.86,14.1,1426569.0000000023,1.0,0.0,0.0
2016-03-08,09:41:00,14.09,14.1094,13.61,13.629000000000001,1013717.0000000023,1.0,0.0,0.0
2016-03-08,09:48:00,13.625,13.73,13.46,13.61,1576896.0000000023,1.0,0.0,0.0
2016-03-08,09:55:00,13.61,13.63,13.36,13.4,884235.0000000023,1.0,0.0,0.0
2016-03-08,10:02:00,13.39,13.49,13.37,13.46,1025415.0000000023,1.0,0.0,0.0
2016-03-08,10:09:00,13.4563,13.51,13.375,13.5032,702274.0000000023,1.0,0.0,0.0
2016-03-08,10:16:00,13.5,13.54,13.36,13.38,803795.0000000023,1.0,0.0,0.0
2016-03-08,10:23:00,13.39,13.41,13.29,13.34,731049.0000000023,1.0,0.0,0.0
2016-03-08,10:30:00,13.35,13.45,13.345,13.39,458777.0000000023,1.0,0.0,0.0
2016-03-08,10:37:00,13.38,13.44,13.31,13.32,364604.0000000023,1.0,0.0,0.0
2016-03-08,10:44:00,13.32,13.47,13.31,13.45,439731.0000000023,1.0,0.0,0.0
2016-03-08,10:51:00,13.45,13.47,13.37,13.4,303833.0000000023,1.0,0.0,0.0
2016-03-08,10:58:00,13.4,13.42,13.34,13.41,379578.0000000023,1.0,0.0,0.0
2016-03-08,11:05:00,13.41,13.42,13.345,13.3501,308116.0000000023,1.0,0.0,0.0
2016-03-08,11:12:00,13.36,13.435,13.34,13.395,472469.0000000023,1.0,0.0,0.0
2016-03-08,11:19:00,13.4,13.42,13.3199,13.39,276300.0000000023,1.0,0.0,0.0
2016-03-08,11:26:00,13.4,13.47,13.375,13.4,238924.00000000233,1.0,0.0,0.0
2016-03-08,11:33:00,13.39,13.46,13.39,13.445,287661.0000000023,1.0,0.0,0.0
2016-03-08,11:40:00,13.44,13.4475,13.25,13.255,808032.0000000023,1.0,0.0,0.0
2016-03-08,11:47:00,13.26,13.26,13.18,13.2,666469.0000000023,1.0,0.0,0.0
2016-03-08,11:54:00,13.2,13.27,13.19,13.2,426817.0000000023,1.0,0.0,0.0
2016-03-08,12:01:00,13.195,13.195,13.142999999999999,13.185,634658.0000000023,1.0,0.0,0.0
2016-03-08,12:08:00,13.19,13.2,13.1401,13.175,769973.0000000023,1.0,0.0,0.0
2016-03-08,12:15:00,13.175,13.22,13.17,13.21,842224.0000000023,1.0,0.0,0.0
2016-03-08,12:22:00,13.21,13.26,13.17,13.25,301638.0000000023,1.0,0.0,0.0
2016-03-08,12:29:00,13.255,13.36,13.24,13.36,324724.0000000023,1.0,0.0,0.0
2016-03-08,12:36:00,13.35,13.3703,13.33,13.35,227212.00000000233,1.0,0.0,0.0
2016-03-08,12:43:00,13.36,13.4201,13.35,13.4,349176.0000000023,1.0,0.0,0.0
2016-03-08,12:50:00,13.395,13.41,13.365,13.41,231226.00000000233,1.0,0.0,0.0
2016-03-08,12:57:00,13.415,13.43,13.4,13.4099,153795.00000000233,1.0,0.0,0.0
2016-03-08,13:04:00,13.405,13.44,13.4,13.41,202505.00000000233,1.0,0.0,0.0
2016-03-08,13:11:00,13.42,13.42,13.3,13.305,391680.0000000023,1.0,0.0,0.0
2016-03-08,13:18:00,13.3,13.3365,13.27,13.27,199095.00000000233,1.0,0.0,0.0
2016-03-08,13:25:00,13.28,13.34,13.23,13.34,206899.00000000233,1.0,0.0,0.0
2016-03-08,13:32:00,13.34,13.37,13.285,13.34,169199.00000000233,1.0,0.0,0.0
2016-03-08,13:39:00,13.35,13.4,13.33,13.385,145252.00000000233,1.0,0.0,0.0
2016-03-08,13:46:00,13.39,13.4436,13.365,13.415,160151.00000000233,1.0,0.0,0.0
2016-03-08,13:53:00,13.41,13.5,13.39,13.43,240578.00000000233,1.0,0.0,0.0
2016-03-08,14:00:00,13.43,13.46,13.39,13.44,219596.00000000233,1.0,0.0,0.0
2016-03-08,14:07:00,13.44,13.445,13.35,13.385,203441.00000000233,1.0,0.0,0.0
2016-03-08,14:14:00,13.386,13.39,13.3275,13.37,179101.00000000233,1.0,0.0,0.0
2016-03-08,14:21:00,13.37,13.42,13.36,13.395,143283.00000000233,1.0,0.0,0.0
2016-03-08,14:28:00,13.39,13.44,13.37,13.37,192847.00000000233,1.0,0.0,0.0
2016-03-08,14:35:00,13.3601,13.38,13.33,13.365,269255.0000000023,1.0,0.0,0.0
2016-03-08,14:42:00,13.365,13.405,13.36,13.375,140391.00000000233,1.0,0.0,0.0
2016-03-08,14:49:00,13.38,13.395,13.34,13.37,219859.00000000233,1.0,0.0,0.0
2016-03-08,14:56:00,13.37,13.42,13.36,13.41,156107.00000000233,1.0,0.0,0.0
2016-03-08,15:03:00,13.41,13.4199,13.345,13.3501,243617.00000000233,1.0,0.0,0.0
2016-03-08,15:10:00,13.355,13.36,13.32,13.34,182145.00000000233,1.0,0.0,0.0
2016-03-08,15:17:00,13.34,13.35,13.29,13.315,561349.0000000023,1.0,0.0,0.0
2016-03-08,15:24:00,13.32,13.34,13.27,13.27,348742.0000000023,1.0,0.0,0.0
2016-03-08,15:31:00,13.27,13.345,13.25,13.335,279913.0000000023,1.0,0.0,0.0
2016-03-08,15:38:00,13.345,13.365,13.32,13.33,290143.0000000023,1.0,0.0,0.0
2016-03-08,15:45:00,13.335,13.335,13.3,13.31,416503.0000000023,1.0,0.0,0.0
2016-03-08,15:52:00,13.31,13.32,13.3,13.305,596991.0000000023,1.0,0.0,0.0
2016-03-08,15:59:00,13.305,13.34,13.29,13.33,1240840.0000000023,1.0,0.0,0.0
2016-03-09,09:36:00,12.89,13.18,12.75,13.11,1716002.0000000023,1.0,0.0,0.0
2016-03-09,09:43:00,13.11,13.125,12.97,13.04,1131301.0000000023,1.0,0.0,0.0
2016-03-09,09:50:00,13.03,13.03,12.75,12.755,1136961.0000000023,1.0,0.0,0.0
2016-03-09,09:57:00,12.76,12.98,12.64,12.885,2144523.0000000023,1.0,0.0,0.0
2016-03-09,10:04:00,12.88,13.0,12.88,12.9,1564429.0000000023,1.0,0.0,0.0
2016-03-09,10:11:00,12.9,12.95,12.87,12.9033,990468.0000000023,1.0,0.0,0.0
2016-03-09,10:18:00,12.91,13.12,12.89,13.08,1053418.0000000023,1.0,0.0,0.0
2016-03-09,10:25:00,13.08,13.12,13.02,13.09,472872.0000000023,1.0,0.0,0.0
2016-03-09,10:32:00,13.09,13.2,13.055,13.16,543871.0000000023,1.0,0.0,0.0
2016-03-09,10:39:00,13.16,13.42,13.16,13.365,1108867.0000000023,1.0,0.0,0.0
2016-03-09,10:46:00,13.365,13.415,13.26,13.325,959221.0000000023,1.0,0.0,0.0
2016-03-09,10:53:00,13.325,13.35,13.29,13.295,662530.0000000023,1.0,0.0,0.0
2016-03-09,11:00:00,13.3,13.37,13.25,13.35,481310.0000000023,1.0,0.0,0.0
2016-03-09,11:07:00,13.36,13.54,13.355,13.5,818790.0000000023,1.0,0.0,0.0
2016-03-09,11:14:00,13.5,13.55,13.42,13.48,427183.0000000023,1.0,0.0,0.0
2016-03-09,11:21:00,13.4799,13.4935,13.37,13.44,439993.0000000023,1.0,0.0,0.0
2016-03-09,11:28:00,13.44,13.48,13.425,13.43,243212.00000000233,1.0,0.0,0.0
2016-03-09,11:35:00,13.43,13.45,13.34,13.38,370872.0000000023,1.0,0.0,0.0
2016-03-09,11:42:00,13.38,13.47,13.38,13.435,254133.00000000233,1.0,0.0,0.0
2016-03-09,11:49:00,13.43,13.48,13.41,13.42,200096.00000000233,1.0,0.0,0.0
2016-03-09,11:56:00,13.415,13.5,13.415,13.48,252217.00000000233,1.0,0.0,0.0
2016-03-09,12:03:00,13.48,13.4901,13.39,13.47,763907.0000000023,1.0,0.0,0.0
2016-03-09,12:10:00,13.475,13.52,13.44,13.51,185156.00000000233,1.0,0.0,0.0
2016-03-09,12:17:00,13.51,13.57,13.48,13.55,288546.0000000023,1.0,0.0,0.0
2016-03-09,12:24:00,13.55,13.555,13.5,13.52,225979.00000000233,1.0,0.0,0.0
2016-03-09,12:31:00,13.52,13.55,13.5,13.53,240578.00000000233,1.0,0.0,0.0
2016-03-09,12:38:00,13.53,13.6,13.5167,13.59,372790.0000000023,1.0,0.0,0.0
2016-03-09,12:45:00,13.58,13.59,13.51,13.55,142370.00000000233,1.0,0.0,0.0
2016-03-09,12:52:00,13.56,13.57,13.53,13.55,153116.00000000233,1.0,0.0,0.0
2016-03-09,12:59:00,13.55,13.61,13.5,13.51,224255.00000000233,1.0,0.0,0.0
2016-03-09,13:06:00,13.52,13.57,13.48,13.56,194222.00000000233,1.0,0.0,0.0
2016-03-09,13:13:00,13.56,13.61,13.53,13.58,174597.00000000233,1.0,0.0,0.0
2016-03-09,13:20:00,13.59,13.63,13.54,13.56,190197.00000000233,1.0,0.0,0.0
2016-03-09,13:27:00,13.57,13.605,13.53,13.575,221677.00000000233,1.0,0.0,0.0
2016-03-09,13:34:00,13.575,13.61,13.545,13.61,117710.00000000233,1.0,0.0,0.0
2016-03-09,13:41:00,13.6,13.62,13.56,13.615,131474.00000000233,1.0,0.0,0.0
2016-03-09,13:48:00,13.615,13.675,13.6,13.67,183130.00000000233,1.0,0.0,0.0
2016-03-09,13:55:00,13.68,13.69,13.65,13.67,117917.00000000233,1.0,0.0,0.0
2016-03-09,14:02:00,13.66,13.67,13.58,13.6,189535.00000000233,1.0,0.0,0.0
2016-03-09,14:09:00,13.602,13.64,13.58,13.585,156619.00000000233,1.0,0.0,0.0
2016-03-09,14:16:00,13.59,13.625,13.57,13.61,130697.00000000233,1.0,0.0,0.0
2016-03-09,14:23:00,13.61,13.65,13.591,13.64,280685.0000000023,1.0,0.0,0.0
2016-03-09,14:30:00,13.64,13.67,13.61,13.655,174598.00000000233,1.0,0.0,0.0
2016-03-09,14:37:00,13.655,13.665,13.63,13.665,89560.00000000233,1.0,0.0,0.0
2016-03-09,14:44:00,13.67,13.7,13.66,13.7,201826.00000000233,1.0,0.0,0.0
2016-03-09,14:51:00,13.7,13.75,13.6999,13.72,244286.00000000233,1.0,0.0,0.0
2016-03-09,14:58:00,13.73,13.77,13.73,13.77,350435.0000000023,1.0,0.0,0.0
2016-03-09,15:05:00,13.76,13.78,13.69,13.74,292720.0000000023,1.0,0.0,0.0
2016-03-09,15:12:00,13.74,13.74,13.695,13.73,228608.00000000233,1.0,0.0,0.0
2016-03-09,15:19:00,13.73,13.77,13.72,13.75,202406.00000000233,1.0,0.0,0.0
2016-03-09,15:26:00,13.75,13.76,13.73,13.75,172395.00000000233,1.0,0.0,0.0
2016-03-09,15:33:00,13.75,13.79,13.75,13.775,326235.0000000023,1.0,0.0,0.0
2016-03-09,15:40:00,13.775,13.785,13.75,13.775,298200.0000000023,1.0,0.0,0.0
2016-03-09,15:47:00,13.775,13.78,13.69,13.695,659994.0000000023,1.0,0.0,0.0
2016-03-09,15:54:00,13.7,13.72,13.66,13.7,612732.0000000023,1.0,0.0,0.0
2016-03-10,09:31:00,13.7,13.9901,13.66,13.97,1659628.0000000023,1.0,0.0,0.0
2016-03-10,09:38:00,13.972999999999999,14.25,13.86,14.14,1307738.0000000023,1.0,0.0,0.0
2016-03-10,09:45:00,14.15,14.21,14.1,14.15,869613.0000000023,1.0,0.0,0.0
2016-03-10,09:52:00,14.16,14.36,14.155,14.35,1210544.0000000023,1.0,0.0,0.0
2016-03-10,09:59:00,14.35,14.36,14.11,14.13,641388.0000000023,1.0,0.0,0.0
2016-03-10,10:06:00,14.13,14.31,14.11,14.23,702725.0000000023,1.0,0.0,0.0
2016-03-10,10:13:00,14.23,14.27,14.02,14.07,770833.0000000023,1.0,0.0,0.0
2016-03-10,10:20:00,14.07,14.18,14.01,14.01,862358.0000000023,1.0,0.0,0.0
2016-03-10,10:27:00,14.02,14.17,14.01,14.145,361731.0000000023,1.0,0.0,0.0
2016-03-10,10:34:00,14.145,14.18,14.08,14.11,344388.0000000023,1.0,0.0,0.0
2016-03-10,10:41:00,14.11,14.125,14.0201,14.0201,381455.0000000023,1.0,0.0,0.0
2016-03-10,10:48:00,14.02,14.06,13.97,14.02,365599.0000000023,1.0,0.0,0.0
2016-03-10,10:55:00,14.02,14.04,13.97,14.0,283997.0000000023,1.0,0.0,0.0
2016-03-10,11:02:00,14.0,14.02,13.96,13.99,416507.0000000023,1.0,0.0,0.0
2016-03-10,11:09:00,13.99,14.03,13.91,13.92,482557.0000000023,1.0,0.0,0.0
2016-03-10,11:16:00,13.915,13.98,13.89,13.9678,323092.0000000023,1.0,0.0,0.0
2016-03-10,11:23:00,13.97,13.98,13.9,13.97,366581.0000000023,1.0,0.0,0.0
2016-03-10,11:30:00,13.97,14.0,13.94,13.97,469098.0000000023,1.0,0.0,0.0
2016-03-10,11:37:00,13.97,14.0199,13.94,13.995,304500.0000000023,1.0,0.0,0.0
2016-03-10,11:44:00,14.0,14.06,13.95,14.02,276686.0000000023,1.0,0.0,0.0
2016-03-10,11:51:00,14.015,14.045,13.97,13.99,262659.0000000023,1.0,0.0,0.0
2016-03-10,11:58:00,13.9801,14.06,13.965,14.05,134454.00000000233,1.0,0.0,0.0
2016-03-10,12:05:00,14.06,14.12,14.04,14.11,276629.0000000023,1.0,0.0,0.0
2016-03-10,12:12:00,14.105,14.11,14.06,14.08,161594.00000000233,1.0,0.0,0.0
2016-03-10,12:19:00,14.07,14.14,14.065,14.125,102564.00000000233,1.0,0.0,0.0
2016-03-10,12:26:00,14.13,14.17,14.1,14.11,193111.00000000233,1.0,0.0,0.0
2016-03-10,12:33:00,14.11,14.19,14.11,14.185,259103.00000000233,1.0,0.0,0.0
2016-03-10,12:40:00,14.18,14.25,14.17,14.25,317470.0000000023,1.0,0.0,0.0
2016-03-10,12:47:00,14.25,14.26,14.19,14.205,515167.0000000023,1.0,0.0,0.0
2016-03-10,12:54:00,14.21,14.24,14.2,14.2101,300691.0000000023,1.0,0.0,0.0
2016-03-10,13:01:00,14.215,14.2162,14.17,14.18,131991.00000000233,1.0,0.0,0.0
2016-03-10,13:08:00,14.17,14.18,14.125,14.13,236957.00000000233,1.0,0.0,0.0
2016-03-10,13:15:00,14.13,14.18,14.12,14.16,237059.00000000233,1.0,0.0,0.0
2016-03-10,13:22:00,14.16,14.18,14.15,14.17,242662.00000000233,1.0,0.0,0.0
2016-03-10,13:29:00,14.17,14.21,14.145,14.2,460425.0000000023,1.0,0.0,0.0
2016-03-10,13:36:00,14.2,14.25,14.19,14.23,532582.0000000023,1.0,0.0,0.0
2016-03-10,13:43:00,14.23,14.25,14.18,14.2,116251.00000000233,1.0,0.0,0.0
2016-03-10,13:50:00,14.2,14.22,14.16,14.175,146184.00000000233,1.0,0.0,0.0
2016-03-10,13:57:00,14.17,14.175,14.1,14.100999999999999,381328.0000000023,1.0,0.0,0.0
2016-03-10,14:04:00,14.11,14.16,14.06,14.15,266402.0000000023,1.0,0.0,0.0
2016-03-10,14:11:00,14.15,14.16,14.1,14.16,224822.00000000233,1.0,0.0,0.0
2016-03-10,14:18:00,14.16,14.25,14.15,14.25,272900.0000000023,1.0,0.0,0.0
2016-03-10,14:25:00,14.25,14.265,14.22,14.22,228294.00000000233,1.0,0.0,0.0
2016-03-10,14:32:00,14.22,14.225,14.12,14.16,310861.0000000023,1.0,0.0,0.0
2016-03-10,14:39:00,14.16,14.17,14.09,14.135,190603.00000000233,1.0,0.0,0.0
2016-03-10,14:46:00,14.14,14.17,14.07,14.08,256294.00000000233,1.0,0.0,0.0
2016-03-10,14:53:00,14.0764,14.0764,13.95,13.98,379389.0000000023,1.0,0.0,0.0
2016-03-10,15:00:00,13.98,14.08,13.97,14.04,199859.00000000233,1.0,0.0,0.0
2016-03-10,15:07:00,14.03,14.13,13.985,14.125,220621.00000000233,1.0,0.0,0.0
2016-03-10,15:14:00,14.13,14.16,14.0736,14.12,459735.0000000023,1.0,0.0,0.0
2016-03-10,15:21:00,14.12,14.17,14.1,14.1499,187895.00000000233,1.0,0.0,0.0
2016-03-10,15:28:00,14.15,14.16,14.11,14.12,135828.00000000233,1.0,0.0,0.0
2016-03-10,15:35:00,14.1199,14.1199,14.05,14.065,338998.0000000023,1.0,0.0,0.0
2016-03-10,15:42:00,14.07,14.15,14.06,14.15,438609.0000000023,1.0,0.0,0.0
2016-03-10,15:49:00,14.145,14.17,14.07,14.095,448686.0000000023,1.0,0.0,0.0
2016-03-10,15:56:00,14.0949,14.15,14.08,14.145,566519.0000000023,1.0,0.0,0.0
2016-03-11,09:33:00,14.15,14.26,14.04,14.19,1029120.0000000023,1.0,0.0,0.0
2016-03-11,09:40:00,14.195,14.296,14.14,14.22,598342.0000000023,1.0,0.0,0.0
2016-03-11,09:47:00,14.22,14.29,14.18,14.27,433475.0000000023,1.0,0.0,0.0
2016-03-11,09:54:00,14.28,14.34,14.2,14.24,1224955.0000000023,1.0,0.0,0.0
2016-03-11,10:01:00,14.2475,14.28,14.08,14.115,544424.0000000023,1.0,0.0,0.0
2016-03-11,10:08:00,14.11,14.28,14.11,14.275,473949.0000000023,1.0,0.0,0.0
2016-03-11,10:15:00,14.27,14.29,14.17,14.205,301119.0000000023,1.0,0.0,0.0
2016-03-11,10:22:00,14.202,14.26,14.03,14.09,510964.0000000023,1.0,0.0,0.0
2016-03-11,10:29:00,14.08,14.13,14.03,14.11,442005.0000000023,1.0,0.0,0.0
2016-03-11,10:36:00,14.1,14.14,14.04,14.04,337135.0000000023,1.0,0.0,0.0
2016-03-11,10:43:00,14.0401,14.08,14.0189,14.04,211702.00000000233,1.0,0.0,0.0
2016-03-11,10:50:00,14.04,14.06,13.9901,14.03,354459.0000000023,1.0,0.0,0.0
2016-03-11,10:57:00,14.035,14.04,13.96,14.0,399763.0000000023,1.0,0.0,0.0
2016-03-11,11:04:00,14.0,14.01,13.91,13.92,237163.00000000233,1.0,0.0,0.0
2016-03-11,11:11:00,13.92,13.94,13.87,13.91,258094.00000000233,1.0,0.0,0.0
2016-03-11,11:18:00,13.91,13.98,13.895,13.975,203451.00000000233,1.0,0.0,0.0
2016-03-11,11:25:00,13.975,14.055,13.97,14.04,279092.0000000023,1.0,0.0,0.0
2016-03-11,11:32:00,14.04,14.0968,14.01,14.09,225669.00000000233,1.0,0.0,0.0
2016-03-11,11:39:00,14.09,14.09,14.02,14.04,170083.00000000233,1.0,0.0,0.0
2016-03-11,11:46:00,14.045,14.06,14.0,14.04,220686.00000000233,1.0,0.0,0.0
2016-03-11,11:53:00,14.05,14.11,14.04,14.09,184964.00000000233,1.0,0.0,0.0
2016-03-11,12:00:00,14.09,14.11,14.0165,14.02,201559.00000000233,1.0,0.0,0.0
2016-03-11,12:07:00,14.02,14.05,13.99,14.0,186520.00000000233,1.0,0.0,0.0
2016-03-11,12:14:00,14.0,14.04,13.995,14.025,123900.00000000233,1.0,0.0,0.0
2016-03-11,12:21:00,14.02,14.11,14.01,14.065,284803.0000000023,1.0,0.0,0.0
2016-03-11,12:28:00,14.07,14.07,14.01,14.02,145858.00000000233,1.0,0.0,0.0
2016-03-11,12:35:00,14.02,14.04,14.01,14.03,112629.00000000233,1.0,0.0,0.0
2016-03-11,12:42:00,14.035,14.035,13.99,14.0,133127.00000000233,1.0,0.0,0.0
2016-03-11,12:49:00,14.01,14.0401,14.01,14.04,100477.00000000233,1.0,0.0,0.0
2016-03-11,12:56:00,14.0399,14.04,14.0,14.04,70473.00000000233,1.0,0.0,0.0
2016-03-11,13:03:00,14.04,14.095,14.04,14.07,161858.00000000233,1.0,0.0,0.0
2016-03-11,13:10:00,14.07,14.08,14.015,14.03,111095.00000000233,1.0,0.0,0.0
2016-03-11,13:17:00,14.029000000000002,14.04,13.995,14.0,124265.00000000233,1.0,0.0,0.0
2016-03-11,13:24:00,14.005,14.025,13.99,13.995,54557.00000000233,1.0,0.0,0.0
2016-03-11,13:31:00,14.0,14.01,13.98,14.0,125928.00000000233,1.0,0.0,0.0
2016-03-11,13:38:00,13.995,14.01,13.98,13.99,85657.00000000233,1.0,0.0,0.0
2016-03-11,13:45:00,13.99,14.02,13.99,14.0199,108651.00000000233,1.0,0.0,0.0
2016-03-11,13:52:00,14.015,14.045,14.015,14.0307,141410.00000000233,1.0,0.0,0.0
2016-03-11,13:59:00,14.03,14.08,14.03,14.08,201414.00000000233,1.0,0.0,0.0
2016-03-11,14:06:00,14.07,14.09,14.0601,14.085,118140.00000000233,1.0,0.0,0.0
2016-03-11,14:13:00,14.08,14.12,14.08,14.1,156824.00000000233,1.0,0.0,0.0
2016-03-11,14:20:00,14.09,14.12,14.09,14.1,130004.00000000233,1.0,0.0,0.0
2016-03-11,14:27:00,14.1,14.15,14.09,14.13,190960.00000000233,1.0,0.0,0.0
2016-03-11,14:34:00,14.13,14.16,14.11,14.1462,179213.00000000233,1.0,0.0,0.0
2016-03-11,14:41:00,14.145,14.15,14.11,14.12,129478.00000000233,1.0,0.0,0.0
2016-03-11,14:48:00,14.12,14.14,14.12,14.12,61544.00000000233,1.0,0.0,0.0
2016-03-11,14:55:00,14.125,14.125,14.08,14.085,123426.00000000233,1.0,0.0,0.0
2016-03-11,15:02:00,14.085,14.085,14.06,14.0701,105721.00000000233,1.0,0.0,0.0
2016-03-11,15:09:00,14.08,14.09,14.01,14.0162,236847.00000000233,1.0,0.0,0.0
2016-03-11,15:16:00,14.015,14.03,13.96,13.965,255768.00000000233,1.0,0.0,0.0
2016-03-11,15:23:00,13.96,13.975,13.91,13.9301,554295.0000000023,1.0,0.0,0.0
2016-03-11,15:30:00,13.935,13.96,13.89,13.95,470882.0000000023,1.0,0.0,0.0
2016-03-11,15:37:00,13.955,13.955,13.92,13.925,182197.00000000233,1.0,0.0,0.0
2016-03-11,15:44:00,13.92,13.9498,13.88,13.885,420451.0000000023,1.0,0.0,0.0
2016-03-11,15:51:00,13.88,13.93,13.87,13.905,390182.0000000023,1.0,0.0,0.0
2016-03-11,15:58:00,13.9,13.95,13.89,13.95,520454.0000000023,1.0,0.0,0.0
2016-03-14,09:35:00,13.95,14.28,13.94,14.2799,1265250.0000000023,1.0,0.0,0.0
2016-03-14,09:42:00,14.27,14.2701,14.07,14.1301,1031096.0000000023,1.0,0.0,0.0
2016-03-14,09:49:00,14.13,14.13,13.89,13.91,622634.0000000023,1.0,0.0,0.0
2016-03-14,09:56:00,13.905,13.92,13.77,13.845,482712.0000000023,1.0,0.0,0.0
2016-03-14,10:03:00,13.85,13.9195,13.7835,13.84,459211.0000000023,1.0,0.0,0.0
2016-03-14,10:10:00,13.84,13.99,13.8,13.9875,290551.0000000023,1.0,0.0,0.0
2016-03-14,10:17:00,13.99,14.05,13.95,14.02,346236.0000000023,1.0,0.0,0.0
2016-03-14,10:24:00,14.01,14.07,13.985,14.04,336553.0000000023,1.0,0.0,0.0
2016-03-14,10:31:00,14.03,14.125,14.03,14.08,495851.0000000023,1.0,0.0,0.0
2016-03-14,10:38:00,14.09,14.15,14.08,14.1,263390.0000000023,1.0,0.0,0.0
2016-03-14,10:45:00,14.11,14.14,14.09,14.1089,193111.00000000233,1.0,0.0,0.0
2016-03-14,10:52:00,14.11,14.12,13.9501,13.955,475645.0000000023,1.0,0.0,0.0
2016-03-14,10:59:00,13.955,14.05,13.9401,13.97,366865.0000000023,1.0,0.0,0.0
2016-03-14,11:06:00,13.97,13.99,13.88,13.9,570029.0000000023,1.0,0.0,0.0
2016-03-14,11:13:00,13.895,13.9319,13.855,13.88,495145.0000000023,1.0,0.0,0.0
2016-03-14,11:20:00,13.88,13.97,13.85,13.93,368161.0000000023,1.0,0.0,0.0
2016-03-14,11:27:00,13.9305,13.99,13.93,13.93,204325.00000000233,1.0,0.0,0.0
2016-03-14,11:34:00,13.935,13.96,13.87,13.88,173797.00000000233,1.0,0.0,0.0
2016-03-14,11:41:00,13.885,13.895,13.85,13.89,126797.00000000233,1.0,0.0,0.0
2016-03-14,11:48:00,13.89,13.92,13.87,13.88,224246.00000000233,1.0,0.0,0.0
2016-03-14,11:55:00,13.89,13.9475,13.88,13.93,149046.00000000233,1.0,0.0,0.0
2016-03-14,12:02:00,13.93,13.96,13.88,13.91,388761.0000000023,1.0,0.0,0.0
2016-03-14,12:09:00,13.91,13.92,13.85,13.89,218799.00000000233,1.0,0.0,0.0
2016-03-14,12:16:00,13.895,13.9,13.841,13.855,115031.00000000233,1.0,0.0,0.0
2016-03-14,12:23:00,13.85,13.87,13.78,13.78,242777.00000000233,1.0,0.0,0.0
2016-03-14,12:30:00,13.78,13.8435,13.78,13.82,94935.00000000233,1.0,0.0,0.0
2016-03-14,12:37:00,13.82,13.85,13.81,13.84,176927.00000000233,1.0,0.0,0.0
2016-03-14,12:44:00,13.83,13.845,13.79,13.83,191288.00000000233,1.0,0.0,0.0
2016-03-14,12:51:00,13.83,13.91,13.82,13.89,158692.00000000233,1.0,0.0,0.0
2016-03-14,12:58:00,13.895,13.93,13.875,13.912,139432.00000000233,1.0,0.0,0.0
2016-03-14,13:05:00,13.92,13.93,13.895,13.91,170524.00000000233,1.0,0.0,0.0
2016-03-14,13:12:00,13.9101,13.93,13.89,13.9,207053.00000000233,1.0,0.0,0.0
2016-03-14,13:19:00,13.9,13.91,13.87,13.91,241790.00000000233,1.0,0.0,0.0
2016-03-14,13:26:00,13.9197,13.97,13.9001,13.935,282925.0000000023,1.0,0.0,0.0
2016-03-14,13:33:00,13.935,13.96,13.9,13.9,368203.0000000023,1.0,0.0,0.0
2016-03-14,13:40:00,13.9,13.93,13.88,13.9,149459.00000000233,1.0,0.0,0.0
2016-03-14,13:47:00,13.9,13.9055,13.825,13.85,197006.00000000233,1.0,0.0,0.0
2016-03-14,13:54:00,13.86,13.86,13.78,13.785,155917.00000000233,1.0,0.0,0.0
2016-03-14,14:01:00,13.7828,13.785,13.75,13.76,255709.00000000233,1.0,0.0,0.0
2016-03-14,14:08:00,13.769,13.779000000000002,13.71,13.7201,296442.0000000023,1.0,0.0,0.0
2016-03-14,14:15:00,13.73,13.74,13.685,13.715,175747.00000000233,1.0,0.0,0.0
2016-03-14,14:22:00,13.715,13.74,13.66,13.72,183263.00000000233,1.0,0.0,0.0
2016-03-14,14:29:00,13.72,13.73,13.67,13.72,186034.00000000233,1.0,0.0,0.0
2016-03-14,14:36:00,13.7238,13.83,13.72,13.79,215906.00000000233,1.0,0.0,0.0
2016-03-14,14:43:00,13.8,13.86,13.7901,13.795,168491.00000000233,1.0,0.0,0.0
2016-03-14,14:50:00,13.795,13.81,13.75,13.77,171839.00000000233,1.0,0.0,0.0
2016-03-14,14:57:00,13.77,13.78,13.72,13.735,416949.0000000023,1.0,0.0,0.0
2016-03-14,15:04:00,13.73,13.74,13.7,13.72,307563.0000000023,1.0,0.0,0.0
2016-03-14,15:11:00,13.715,13.72,13.67,13.67,559455.0000000023,1.0,0.0,0.0
2016-03-14,15:18:00,13.67,13.73,13.66,13.73,288894.0000000023,1.0,0.0,0.0
2016-03-14,15:25:00,13.725,13.745,13.7,13.72,321393.0000000023,1.0,0.0,0.0
2016-03-14,15:32:00,13.72,13.74,13.69,13.715,326420.0000000023,1.0,0.0,0.0
2016-03-14,15:39:00,13.715,13.73,13.7,13.71,415486.0000000023,1.0,0.0,0.0
2016-03-14,15:46:00,13.71,13.72,13.69,13.7,439160.0000000023,1.0,0.0,0.0
2016-03-14,15:53:00,13.7,13.7075,13.671,13.68,712832.0000000023,1.0,0.0,0.0
2016-03-15,09:30:00,13.6801,13.79,13.63,13.65,1615243.0000000023,1.0,0.0,0.0
2016-03-15,09:37:00,13.64,13.9,13.63,13.84,883334.0000000023,1.0,0.0,0.0
2016-03-15,09:44:00,13.83,13.98,13.82,13.83,1075236.0000000023,1.0,0.0,0.0
2016-03-15,09:51:00,13.82,13.875,13.66,13.66,1842018.0000000023,1.0,0.0,0.0
2016-03-15,09:58:00,13.66,13.83,13.64,13.73,1387272.0000000023,1.0,0.0,0.0
2016-03-15,10:05:00,13.74,13.93,13.7,13.93,1091174.0000000023,1.0,0.0,0.0
2016-03-15,10:12:00,13.93,13.96,13.9,13.935,1306932.0000000023,1.0,0.0,0.0
2016-03-15,10:19:00,13.93,13.96,13.85,13.88,823427.0000000023,1.0,0.0,0.0
2016-03-15,10:26:00,13.88,13.9601,13.8599,13.880999999999998,519975.0000000023,1.0,0.0,0.0
2016-03-15,10:33:00,13.88,13.94,13.845,13.94,639268.0000000023,1.0,0.0,0.0
2016-03-15,10:40:00,13.93,13.94,13.875,13.93,705376.0000000023,1.0,0.0,0.0
2016-03-15,10:47:00,13.94,13.97,13.9,13.937999999999999,417171.0000000023,1.0,0.0,0.0
2016-03-15,10:54:00,13.93,14.0,13.925,13.98,448266.0000000023,1.0,0.0,0.0
2016-03-15,11:01:00,13.9701,14.0,13.91,13.945,270155.0000000023,1.0,0.0,0.0
2016-03-15,11:08:00,13.95,13.96,13.87,13.950999999999999,677561.0000000023,1.0,0.0,0.0
2016-03-15,11:15:00,13.95,13.95,13.87,13.885,870639.0000000023,1.0,0.0,0.0
2016-03-15,11:22:00,13.889000000000001,13.89,13.78,13.821,410070.0000000023,1.0,0.0,0.0
2016-03-15,11:29:00,13.825,13.85,13.8,13.85,727606.0000000023,1.0,0.0,0.0
2016-03-15,11:36:00,13.85,13.89,13.84,13.88,242426.00000000233,1.0,0.0,0.0
2016-03-15,11:43:00,13.88,13.88,13.81,13.84,376052.0000000023,1.0,0.0,0.0
2016-03-15,11:50:00,13.84,13.91,13.84,13.89,430395.0000000023,1.0,0.0,0.0
2016-03-15,11:57:00,13.89,13.92,13.87,13.89,375583.0000000023,1.0,0.0,0.0
2016-03-15,12:04:00,13.8972,13.91,13.84,13.89,249084.00000000233,1.0,0.0,0.0
2016-03-15,12:11:00,13.89,13.95,13.885,13.92,457356.0000000023,1.0,0.0,0.0
2016-03-15,12:18:00,13.92,13.93,13.905,13.9251,387724.0000000023,1.0,0.0,0.0
2016-03-15,12:25:00,13.93,13.94,13.91,13.91,399243.0000000023,1.0,0.0,0.0
2016-03-15,12:32:00,13.91,13.9101,13.85,13.9,330459.0000000023,1.0,0.0,0.0
2016-03-15,12:39:00,13.9,13.93,13.88,13.93,281749.0000000023,1.0,0.0,0.0
2016-03-15,12:46:00,13.93,13.96,13.91,13.9401,169734.00000000233,1.0,0.0,0.0
2016-03-15,12:53:00,13.94,13.97,13.94,13.97,66384.00000000233,1.0,0.0,0.0
2016-03-15,13:00:00,13.97,13.99,13.96,13.99,70885.00000000233,1.0,0.0,0.0
2016-03-15,13:07:00,13.98,14.01,13.945,13.945,349914.0000000023,1.0,0.0,0.0
2016-03-15,13:14:00,13.95,14.0,13.935,13.98,127100.00000000233,1.0,0.0,0.0
2016-03-15,13:21:00,13.98,14.01,13.975,14.01,86809.00000000233,1.0,0.0,0.0
2016-03-15,13:28:00,14.0,14.07,13.9901,14.04,153966.00000000233,1.0,0.0,0.0
2016-03-15,13:35:00,14.045,14.045,13.97,14.01,157800.00000000233,1.0,0.0,0.0
2016-03-15,13:42:00,14.005,14.01,13.99,13.995999999999999,88387.00000000233,1.0,0.0,0.0
2016-03-15,13:49:00,13.99,14.04,13.99,14.01,161157.00000000233,1.0,0.0,0.0
2016-03-15,13:56:00,14.01,14.07,13.995,14.06,165296.00000000233,1.0,0.0,0.0
2016-03-15,14:03:00,14.06,14.09,14.05,14.055,165999.00000000233,1.0,0.0,0.0
2016-03-15,14:10:00,14.05,14.09,14.05,14.06,97616.00000000233,1.0,0.0,0.0
2016-03-15,14:17:00,14.06,14.07,14.04,14.07,119322.00000000233,1.0,0.0,0.0
2016-03-15,14:24:00,14.065,14.08,14.0,14.02,165103.00000000233,1.0,0.0,0.0
2016-03-15,14:31:00,14.02,14.07,14.02,14.06,87634.00000000233,1.0,0.0,0.0
2016-03-15,14:38:00,14.07,14.1,14.06,14.09,211692.00000000233,1.0,0.0,0.0
2016-03-15,14:45:00,14.085,14.11,14.08,14.11,112939.00000000233,1.0,0.0,0.0
2016-03-15,14:52:00,14.11,14.13,14.085,14.125,217127.00000000233,1.0,0.0,0.0
2016-03-15,14:59:00,14.13,14.15,14.125,14.1399,174526.00000000233,1.0,0.0,0.0
2016-03-15,15:06:00,14.14,14.19,14.14,14.17,210687.00000000233,1.0,0.0,0.0
2016-03-15,15:13:00,14.17,14.19,14.17,14.185,165904.00000000233,1.0,0.0,0.0
2016-03-15,15:20:00,14.185,14.2,14.18,14.1918,200522.00000000233,1.0,0.0,0.0
2016-03-15,15:27:00,14.2,14.21,14.17,14.175,299227.0000000023,1.0,0.0,0.0
2016-03-15,15:34:00,14.1717,14.206,14.15,14.205,287018.0000000023,1.0,0.0,0.0
2016-03-15,15:41:00,14.205,14.25,14.2,14.245,331522.0000000023,1.0,0.0,0.0
2016-03-15,15:48:00,14.24,14.25,14.19,14.19,1008365.0000000023,1.0,0.0,0.0
2016-03-15,15:55:00,14.1915,14.2,14.18,14.185,1083646.0000000023,1.0,0.0,0.0
2016-03-16,09:32:00,14.18,14.19,13.9,13.995,1290018.0000000023,1.0,0.0,0.0
2016-03-16,09:39:00,13.9952,14.175,13.99,14.04,375711.0000000023,1.0,0.0,0.0
2016-03-16,09:46:00,14.04,14.16,14.0,14.0901,378361.0000000023,1.0,0.0,0.0
2016-03-16,09:53:00,14.09,14.11,14.0,14.02,297273.0000000023,1.0,0.0,0.0
2016-03-16,10:00:00,14.02,14.1,13.98,14.1,534231.0000000023,1.0,0.0,0.0
2016-03-16,10:07:00,14.09,14.1,14.005,14.05,376479.0000000023,1.0,0.0,0.0
2016-03-16,10:14:00,14.04,14.13,14.03,14.093,401223.0000000023,1.0,0.0,0.0
2016-03-16,10:21:00,14.1,14.11,13.99,13.99,264953.0000000023,1.0,0.0,0.0
2016-03-16,10:28:00,13.99,14.0365,13.94,14.0,203468.00000000233,1.0,0.0,0.0
2016-03-16,10:35:00,14.0,14.04,13.97,14.0,201120.00000000233,1.0,0.0,0.0
2016-03-16,10:42:00,14.0,14.0799,13.99,14.06,193319.00000000233,1.0,0.0,0.0
2016-03-16,10:49:00,14.06,14.07,13.97,13.99,176426.00000000233,1.0,0.0,0.0
2016-03-16,10:56:00,13.99,13.99,13.9,13.95,250547.00000000233,1.0,0.0,0.0
2016-03-16,11:03:00,13.95,13.97,13.88,13.93,447357.0000000023,1.0,0.0,0.0
2016-03-16,11:10:00,13.92,13.96,13.88,13.95,344730.0000000023,1.0,0.0,0.0
2016-03-16,11:17:00,13.9436,13.99,13.94,13.9723,209437.00000000233,1.0,0.0,0.0
2016-03-16,11:24:00,13.97,14.0,13.96,13.965,149723.00000000233,1.0,0.0,0.0
2016-03-16,11:31:00,13.97,13.98,13.86,13.87,145407.00000000233,1.0,0.0,0.0
2016-03-16,11:38:00,13.87,13.92,13.85,13.91,180062.00000000233,1.0,0.0,0.0
2016-03-16,11:45:00,13.91,13.91,13.8,13.8025,305233.0000000023,1.0,0.0,0.0
2016-03-16,11:52:00,13.81,13.85,13.794,13.811,247986.00000000233,1.0,0.0,0.0
2016-03-16,11:59:00,13.81,13.82,13.78,13.78,224630.00000000233,1.0,0.0,0.0
2016-03-16,12:06:00,13.79,13.855,13.78,13.855,149244.00000000233,1.0,0.0,0.0
2016-03-16,12:13:00,13.850999999999999,13.86,13.8,13.8054,152485.00000000233,1.0,0.0,0.0
2016-03-16,12:20:00,13.8,13.8299,13.8,13.82,142166.00000000233,1.0,0.0,0.0
2016-03-16,12:27:00,13.825,13.825,13.78,13.79,136896.00000000233,1.0,0.0,0.0
2016-03-16,12:34:00,13.79,13.8,13.74,13.745,194332.00000000233,1.0,0.0,0.0
2016-03-16,12:41:00,13.75,13.81,13.74,13.79,232020.00000000233,1.0,0.0,0.0
2016-03-16,12:48:00,13.786,13.81,13.77,13.81,84232.00000000233,1.0,0.0,0.0
2016-03-16,12:55:00,13.805,13.9,13.8,13.885,354358.0000000023,1.0,0.0,0.0
2016-03-16,13:02:00,13.885,13.9,13.84,13.85,117081.00000000233,1.0,0.0,0.0
2016-03-16,13:09:00,13.85,13.86,13.79,13.82,144838.00000000233,1.0,0.0,0.0
2016-03-16,13:16:00,13.825,13.83,13.77,13.8,101465.00000000233,1.0,0.0,0.0
2016-03-16,13:23:00,13.790999999999999,13.8199,13.79,13.8199,48869.00000000233,1.0,0.0,0.0
2016-03-16,13:30:00,13.81,13.83,13.8,13.82,107958.00000000233,1.0,0.0,0.0
2016-03-16,13:37:00,13.82,13.85,13.81,13.81,91391.00000000233,1.0,0.0,0.0
2016-03-16,13:44:00,13.81,13.815,13.8,13.805,50922.00000000233,1.0,0.0,0.0
2016-03-16,13:51:00,13.805,13.93,13.805,13.92,191286.00000000233,1.0,0.0,0.0
2016-03-16,13:58:00,13.93,14.0,13.93,13.96,279717.0000000023,1.0,0.0,0.0
2016-03-16,14:05:00,13.96,14.43,13.91,14.425,1594539.0000000023,1.0,0.0,0.0
2016-03-16,14:12:00,14.425,14.63,14.42,14.52,1844902.0000000023,1.0,0.0,0.0
2016-03-16,14:19:00,14.515,14.66,14.5,14.6361,989174.0000000023,1.0,0.0,0.0
2016-03-16,14:26:00,14.64,14.8,14.63,14.79,1415941.0000000023,1.0,0.0,0.0
2016-03-16,14:33:00,14.7946,14.84,14.72,14.78,1482285.0000000023,1.0,0.0,0.0
2016-03-16,14:40:00,14.78,14.88,14.74,14.88,1316305.0000000023,1.0,0.0,0.0
2016-03-16,14:47:00,14.88,14.98,14.86,14.88,917364.0000000023,1.0,0.0,0.0
2016-03-16,14:54:00,14.88,14.94,14.875,14.89,1019783.0000000023,1.0,0.0,0.0
2016-03-16,15:01:00,14.9,14.96,14.89,14.95,1136304.0000000023,1.0,0.0,0.0
2016-03-16,15:08:00,14.95,14.975,14.94,14.96,682873.0000000023,1.0,0.0,0.0
2016-03-16,15:15:00,14.95,14.97,14.91,14.95,1051161.0000000023,1.0,0.0,0.0
2016-03-16,15:22:00,14.945,14.99,14.92,14.97,802825.0000000023,1.0,0.0,0.0
2016-03-16,15:29:00,14.97,15.02,14.96,15.02,1314102.0000000023,1.0,0.0,0.0
2016-03-16,15:36:00,15.02,15.055,15.01,15.05,778877.0000000023,1.0,0.0,0.0
2016-03-16,15:43:00,15.05,15.16,15.04,15.13,1057864.0000000023,1.0,0.0,0.0
2016-03-16,15:50:00,15.125,15.2,15.1,15.19,770298.0000000023,1.0,0.0,0.0
2016-03-16,15:57:00,15.19,15.22,15.18,15.205,1530064.0000000023,1.0,0.0,0.0
2016-03-17,09:34:00,15.21,15.48,15.18,15.386,2299340.0000000023,1.0,0.0,0.0
2016-03-17,09:41:00,15.39,15.41,15.12,15.12,1509485.0000000023,1.0,0.0,0.0
2016-03-17,09:48:00,15.1299,15.17,14.92,15.06,945482.0000000023,1.0,0.0,0.0
2016-03-17,09:55:00,15.0639,15.185,15.045,15.12,751053.0000000023,1.0,0.0,0.0
2016-03-17,10:02:00,15.12,15.2573,15.06,15.24,570943.0000000023,1.0,0.0,0.0
2016-03-17,10:09:00,15.24,15.3,15.2,15.275,631616.0000000023,1.0,0.0,0.0
2016-03-17,10:16:00,15.27,15.3,15.13,15.17,604392.0000000023,1.0,0.0,0.0
2016-03-17,10:23:00,15.16,15.27,15.14,15.215,489088.0000000023,1.0,0.0,0.0
2016-03-17,10:30:00,15.22,15.255,15.14,15.2099,915002.0000000023,1.0,0.0,0.0
2016-03-17,10:37:00,15.2,15.28,15.17,15.28,327786.0000000023,1.0,0.0,0.0
2016-03-17,10:44:00,15.2801,15.38,15.25,15.35,528393.0000000023,1.0,0.0,0.0
2016-03-17,10:51:00,15.35,15.39,15.33,15.3747,440451.0000000023,1.0,0.0,0.0
2016-03-17,10:58:00,15.38,15.4,15.321,15.4,247070.00000000233,1.0,0.0,0.0
2016-03-17,11:05:00,15.41,15.49,15.405,15.465,619737.0000000023,1.0,0.0,0.0
2016-03-17,11:12:00,15.4699,15.495,15.38,15.4,568831.0000000023,1.0,0.0,0.0
2016-03-17,11:19:00,15.4,15.43,15.3485,15.395,571189.0000000023,1.0,0.0,0.0
2016-03-17,11:26:00,15.395,15.45,15.39,15.41,329625.0000000023,1.0,0.0,0.0
2016-03-17,11:33:00,15.4,15.46,15.395,15.44,691020.0000000023,1.0,0.0,0.0
2016-03-17,11:40:00,15.445,15.46,15.35,15.38,537258.0000000023,1.0,0.0,0.0
2016-03-17,11:47:00,15.38,15.415,15.35,15.375,250677.00000000233,1.0,0.0,0.0
2016-03-17,11:54:00,15.37,15.43,15.37,15.4101,169933.00000000233,1.0,0.0,0.0
2016-03-17,12:01:00,15.41,15.455,15.41,15.45,259384.00000000233,1.0,0.0,0.0
2016-03-17,12:08:00,15.45,15.475,15.43,15.43,267745.0000000023,1.0,0.0,0.0
2016-03-17,12:15:00,15.435,15.46,15.425,15.455,275792.0000000023,1.0,0.0,0.0
2016-03-17,12:22:00,15.46,15.485,15.4329,15.47,210449.00000000233,1.0,0.0,0.0
2016-03-17,12:29:00,15.47,15.495,15.46,15.4701,157158.00000000233,1.0,0.0,0.0
2016-03-17,12:36:00,15.47,15.49,15.44,15.468,174725.00000000233,1.0,0.0,0.0
2016-03-17,12:43:00,15.47,15.49,15.46,15.47,120015.00000000233,1.0,0.0,0.0
2016-03-17,12:50:00,15.470999999999998,15.52,15.46,15.491,704066.0000000023,1.0,0.0,0.0
2016-03-17,12:57:00,15.495,15.5,15.47,15.47,219726.00000000233,1.0,0.0,0.0
2016-03-17,13:04:00,15.4725,15.485,15.45,15.454,523867.0000000023,1.0,0.0,0.0
2016-03-17,13:11:00,15.46,15.475,15.42,15.42,272161.0000000023,1.0,0.0,0.0
2016-03-17,13:18:00,15.425,15.44,15.29,15.3,481266.0000000023,1.0,0.0,0.0
2016-03-17,13:25:00,15.305,15.31,15.25,15.305,406793.0000000023,1.0,0.0,0.0
2016-03-17,13:32:00,15.3,15.33,15.27,15.27,505403.0000000023,1.0,0.0,0.0
2016-03-17,13:39:00,15.27,15.28,15.2,15.205,431077.0000000023,1.0,0.0,0.0
2016-03-17,13:46:00,15.2037,15.21,15.115,15.13,427313.0000000023,1.0,0.0,0.0
2016-03-17,13:53:00,15.13,15.2,15.125,15.1939,167780.00000000233,1.0,0.0,0.0
2016-03-17,14:00:00,15.19,15.2,15.08,15.12,641004.0000000023,1.0,0.0,0.0
2016-03-17,14:07:00,15.12,15.12,15.07,15.115,328483.0000000023,1.0,0.0,0.0
2016-03-17,14:14:00,15.11,15.19,15.095,15.1401,465002.0000000023,1.0,0.0,0.0
2016-03-17,14:21:00,15.14,15.15,15.09,15.1054,435849.0000000023,1.0,0.0,0.0
2016-03-17,14:28:00,15.11,15.12,15.07,15.08,478567.0000000023,1.0,0.0,0.0
2016-03-17,14:35:00,15.07,15.09,15.02,15.03,429612.0000000023,1.0,0.0,0.0
2016-03-17,14:42:00,15.02,15.02,14.94,14.94,779863.0000000023,1.0,0.0,0.0
2016-03-17,14:49:00,14.935,14.98,14.93,14.94,666227.0000000023,1.0,0.0,0.0
2016-03-17,14:56:00,14.937000000000001,14.96,14.87,14.94,510890.0000000023,1.0,0.0,0.0
2016-03-17,15:03:00,14.9401,14.9401,14.83,14.86,635494.0000000023,1.0,0.0,0.0
2016-03-17,15:10:00,14.86,14.94,14.85,14.87,321542.0000000023,1.0,0.0,0.0
2016-03-17,15:17:00,14.865,14.91,14.83,14.879000000000001,390675.0000000023,1.0,0.0,0.0
2016-03-17,15:24:00,14.87,14.9,14.82,14.88,492111.0000000023,1.0,0.0,0.0
2016-03-17,15:31:00,14.87,14.89,14.81,14.855,555821.0000000023,1.0,0.0,0.0
2016-03-17,15:38:00,14.85,14.87,14.82,14.865,444909.0000000023,1.0,0.0,0.0
2016-03-17,15:45:00,14.865,14.87,14.77,14.8,1160808.0000000023,1.0,0.0,0.0
2016-03-17,15:52:00,14.8,14.82,14.75,14.81,961188.0000000023,1.0,0.0,0.0
2016-03-17,15:59:00,14.81,14.81,14.75,14.78,1773321.0000000023,1.0,0.0,0.0
2016-03-18,09:36:00,14.67,14.8,14.56,14.8,1107008.0000000023,1.0,0.0,0.0
2016-03-18,09:43:00,14.8,14.84,14.6841,14.6999,481911.0000000023,1.0,0.0,0.0
2016-03-18,09:50:00,14.7,14.95,14.6849,14.94,563848.0000000023,1.0,0.0,0.0
2016-03-18,09:57:00,14.95,14.97,14.71,14.71,399934.0000000023,1.0,0.0,0.0
2016-03-18,10:04:00,14.71,14.88,14.7,14.75,425513.0000000023,1.0,0.0,0.0
2016-03-18,10:11:00,14.75,14.785,14.67,14.765,607258.0000000023,1.0,0.0,0.0
2016-03-18,10:18:00,14.76,14.77,14.65,14.66,325043.0000000023,1.0,0.0,0.0
2016-03-18,10:25:00,14.66,14.67,14.55,14.61,333632.0000000023,1.0,0.0,0.0
2016-03-18,10:32:00,14.61,14.665,14.57,14.6401,256854.00000000233,1.0,0.0,0.0
2016-03-18,10:39:00,14.65,14.75,14.64,14.73,266145.0000000023,1.0,0.0,0.0
2016-03-18,10:46:00,14.73,14.73,14.67,14.7,208096.00000000233,1.0,0.0,0.0
2016-03-18,10:53:00,14.7,14.775,14.6572,14.74,243709.00000000233,1.0,0.0,0.0
2016-03-18,11:00:00,14.74,14.745,14.65,14.6599,189760.00000000233,1.0,0.0,0.0
2016-03-18,11:07:00,14.65,14.695,14.6279,14.685,165401.00000000233,1.0,0.0,0.0
2016-03-18,11:14:00,14.69,14.72,14.63,14.64,139082.00000000233,1.0,0.0,0.0
2016-03-18,11:21:00,14.64,14.7261,14.62,14.7261,242150.00000000233,1.0,0.0,0.0
2016-03-18,11:28:00,14.73,14.75,14.66,14.67,227655.00000000233,1.0,0.0,0.0
2016-03-18,11:35:00,14.67,14.71,14.66,14.71,112284.00000000233,1.0,0.0,0.0
2016-03-18,11:42:00,14.71,14.76,14.7,14.73,195789.00000000233,1.0,0.0,0.0
2016-03-18,11:49:00,14.73,14.795,14.72,14.7801,363713.0000000023,1.0,0.0,0.0
2016-03-18,11:56:00,14.780999999999999,14.9,14.78,14.84,621457.0000000023,1.0,0.0,0.0
2016-03-18,12:03:00,14.84,14.865,14.8,14.82,374507.0000000023,1.0,0.0,0.0
2016-03-18,12:10:00,14.82,14.91,14.815,14.9,305014.0000000023,1.0,0.0,0.0
2016-03-18,12:17:00,14.9,14.91,14.86,14.87,385163.0000000023,1.0,0.0,0.0
2016-03-18,12:24:00,14.88,14.92,14.87,14.9099,164953.00000000233,1.0,0.0,0.0
2016-03-18,12:31:00,14.91,14.9299,14.805,14.83,184607.00000000233,1.0,0.0,0.0
2016-03-18,12:38:00,14.83,14.895999999999999,14.83,14.85,113135.00000000233,1.0,0.0,0.0
2016-03-18,12:45:00,14.86,14.87,14.83,14.84,78792.00000000233,1.0,0.0,0.0
2016-03-18,12:52:00,14.84,14.86,14.78,14.78,129069.00000000233,1.0,0.0,0.0
2016-03-18,12:59:00,14.78,14.85,14.775,14.83,191734.00000000233,1.0,0.0,0.0
2016-03-18,13:06:00,14.83,14.86,14.7899,14.7899,128929.00000000233,1.0,0.0,0.0
2016-03-18,13:13:00,14.7801,14.815,14.6802,14.75,125462.00000000233,1.0,0.0,0.0
2016-03-18,13:20:00,14.74,14.8,14.73,14.7401,144073.00000000233,1.0,0.0,0.0
2016-03-18,13:27:00,14.75,14.82,14.74,14.82,107207.00000000233,1.0,0.0,0.0
2016-03-18,13:34:00,14.82,14.85,14.8,14.83,88347.00000000233,1.0,0.0,0.0
2016-03-18,13:41:00,14.83,14.87,14.8198,14.85,153996.00000000233,1.0,0.0,0.0
2016-03-18,13:48:00,14.85,14.96,14.8198,14.95,403259.0000000023,1.0,0.0,0.0
2016-03-18,13:55:00,14.95,15.0,14.94,15.0,459144.0000000023,1.0,0.0,0.0
2016-03-18,14:02:00,15.0,15.0,14.9,14.9499,217415.00000000233,1.0,0.0,0.0
2016-03-18,14:09:00,14.94,14.9699,14.925,14.95,134453.00000000233,1.0,0.0,0.0
2016-03-18,14:16:00,14.95,15.015,14.94,14.99,231348.00000000233,1.0,0.0,0.0
2016-03-18,14:23:00,14.9899,15.0,14.9,14.93,228900.00000000233,1.0,0.0,0.0
2016-03-18,14:30:00,14.93,14.94,14.88,14.8999,230936.00000000233,1.0,0.0,0.0
2016-03-18,14:37:00,14.89,14.91,14.87,14.87,153832.00000000233,1.0,0.0,0.0
2016-03-18,14:44:00,14.87,14.88,14.81,14.86,216067.00000000233,1.0,0.0,0.0
2016-03-18,14:51:00,14.86,14.866,14.83,14.84,254030.00000000233,1.0,0.0,0.0
2016-03-18,14:58:00,14.84,14.855,14.83,14.83,172972.00000000233,1.0,0.0,0.0
2016-03-18,15:05:00,14.83,14.88,14.8,14.805,291421.0000000023,1.0,0.0,0.0
2016-03-18,15:12:00,14.8,14.84,14.77,14.84,261910.00000000233,1.0,0.0,0.0
2016-03-18,15:19:00,14.835,14.91,14.82,14.9099,310487.0000000023,1.0,0.0,0.0
2016-03-18,15:26:00,14.9031,14.91,14.825,14.85,334319.0000000023,1.0,0.0,0.0
2016-03-18,15:33:00,14.85,14.88,14.83,14.8401,228778.00000000233,1.0,0.0,0.0
2016-03-18,15:40:00,14.85,14.86,14.79,14.82,433044.0000000023,1.0,0.0,0.0
2016-03-18,15:47:00,14.82,14.82,14.71,14.7126,745397.0000000023,1.0,0.0,0.0
2016-03-18,15:54:00,14.72,14.75,14.69,14.71,670533.0000000023,1.0,0.0,0.0
2016-03-21,09:31:00,14.71,14.74,14.6,14.67,1993099.0000000023,1.0,0.0,0.0
2016-03-21,09:38:00,14.67,14.75,14.57,14.74,484062.0000000023,1.0,0.0,0.0
2016-03-21,09:45:00,14.73,14.78,14.62,14.62,755284.0000000023,1.0,0.0,0.0
2016-03-21,09:52:00,14.62,14.85,14.6,14.84,393694.0000000023,1.0,0.0,0.0
2016-03-21,09:59:00,14.8433,14.87,14.76,14.85,268521.0000000023,1.0,0.0,0.0
2016-03-21,10:06:00,14.86,14.87,14.72,14.82,581613.0000000023,1.0,0.0,0.0
2016-03-21,10:13:00,14.825,14.905,14.805,14.8799,534467.0000000023,1.0,0.0,0.0
2016-03-21,10:20:00,14.88,14.9,14.79,14.7901,396008.0000000023,1.0,0.0,0.0
2016-03-21,10:27:00,14.7959,14.83,14.74,14.8,200217.00000000233,1.0,0.0,0.0
2016-03-21,10:34:00,14.8,14.8,14.71,14.725999999999999,275475.0000000023,1.0,0.0,0.0
2016-03-21,10:41:00,14.73,14.73,14.65,14.66,292792.0000000023,1.0,0.0,0.0
2016-03-21,10:48:00,14.65,14.65,14.55,14.62,295081.0000000023,1.0,0.0,0.0
2016-03-21,10:55:00,14.62,14.62,14.535,14.615,229440.00000000233,1.0,0.0,0.0
2016-03-21,11:02:00,14.615,14.635,14.56,14.61,206575.00000000233,1.0,0.0,0.0
2016-03-21,11:09:00,14.61,14.68,14.58,14.6651,290222.0000000023,1.0,0.0,0.0
2016-03-21,11:16:00,14.67,14.74,14.65,14.725,225377.00000000233,1.0,0.0,0.0
2016-03-21,11:23:00,14.73,14.775,14.7,14.72,254843.00000000233,1.0,0.0,0.0
2016-03-21,11:30:00,14.72,14.77,14.67,14.725,93977.00000000233,1.0,0.0,0.0
2016-03-21,11:37:00,14.73,14.77,14.6888,14.715,167078.00000000233,1.0,0.0,0.0
2016-03-21,11:44:00,14.715,14.73,14.67,14.69,170737.00000000233,1.0,0.0,0.0
2016-03-21,11:51:00,14.7,14.71,14.645,14.66,118506.00000000233,1.0,0.0,0.0
2016-03-21,11:58:00,14.66,14.79,14.65,14.77,224243.00000000233,1.0,0.0,0.0
2016-03-21,12:05:00,14.77,14.815,14.74,14.815,174358.00000000233,1.0,0.0,0.0
2016-03-21,12:12:00,14.8198,14.85,14.8,14.81,129564.00000000233,1.0,0.0,0.0
2016-03-21,12:19:00,14.81,14.82,14.7604,14.78,149557.00000000233,1.0,0.0,0.0
2016-03-21,12:26:00,14.78,14.85,14.76,14.8,116441.00000000233,1.0,0.0,0.0
2016-03-21,12:33:00,14.8,14.825,14.77,14.78,184684.00000000233,1.0,0.0,0.0
2016-03-21,12:40:00,14.79,14.85,14.76,14.765,170424.00000000233,1.0,0.0,0.0
2016-03-21,12:47:00,14.76,14.79,14.73,14.74,152195.00000000233,1.0,0.0,0.0
2016-03-21,12:54:00,14.735,14.78,14.735,14.77,73040.00000000233,1.0,0.0,0.0
2016-03-21,13:01:00,14.76,14.79,14.75,14.76,127809.00000000233,1.0,0.0,0.0
2016-03-21,13:08:00,14.7599,14.78,14.73,14.75,101689.00000000233,1.0,0.0,0.0
2016-03-21,13:15:00,14.75,14.77,14.74,14.76,92412.00000000233,1.0,0.0,0.0
2016-03-21,13:22:00,14.77,14.77,14.67,14.68,144845.00000000233,1.0,0.0,0.0
2016-03-21,13:29:00,14.685,14.725,14.67,14.72,211570.00000000233,1.0,0.0,0.0
2016-03-21,13:36:00,14.73,14.7399,14.69,14.72,164946.00000000233,1.0,0.0,0.0
2016-03-21,13:43:00,14.72,14.78,14.71,14.78,138417.00000000233,1.0,0.0,0.0
2016-03-21,13:50:00,14.779000000000002,14.78,14.73,14.73,145758.00000000233,1.0,0.0,0.0
2016-03-21,13:57:00,14.73,14.74,14.7,14.72,430270.0000000023,1.0,0.0,0.0
2016-03-21,14:04:00,14.71,14.71,14.67,14.69,181195.00000000233,1.0,0.0,0.0
2016-03-21,14:11:00,14.69,14.71,14.66,14.66,176410.00000000233,1.0,0.0,0.0
2016-03-21,14:18:00,14.66,14.67,14.61,14.62,150750.00000000233,1.0,0.0,0.0
2016-03-21,14:25:00,14.62,14.63,14.56,14.5765,234246.00000000233,1.0,0.0,0.0
2016-03-21,14:32:00,14.58,14.58,14.54,14.55,182835.00000000233,1.0,0.0,0.0
2016-03-21,14:39:00,14.56,14.58,14.55,14.58,124292.00000000233,1.0,0.0,0.0
2016-03-21,14:46:00,14.57,14.625,14.57,14.615,148114.00000000233,1.0,0.0,0.0
2016-03-21,14:53:00,14.61,14.615,14.57,14.6,216034.00000000233,1.0,0.0,0.0
2016-03-21,15:00:00,14.605,14.63,14.59,14.6263,184365.00000000233,1.0,0.0,0.0
2016-03-21,15:07:00,14.62,14.64,14.6,14.605,170112.00000000233,1.0,0.0,0.0
2016-03-21,15:14:00,14.61,14.66,14.605,14.64,121288.00000000233,1.0,0.0,0.0
2016-03-21,15:21:00,14.64,14.68,14.63,14.664000000000001,145743.00000000233,1.0,0.0,0.0
2016-03-21,15:28:00,14.665,14.72,14.66,14.69,203160.00000000233,1.0,0.0,0.0
2016-03-21,15:35:00,14.685,14.71,14.68,14.68,214208.00000000233,1.0,0.0,0.0
2016-03-21,15:42:00,14.68,14.7,14.65,14.65,405168.0000000023,1.0,0.0,0.0
2016-03-21,15:49:00,14.66,14.7,14.655,14.66,337022.0000000023,1.0,0.0,0.0
2016-03-21,15:56:00,14.66,14.69,14.66,14.68,471086.0000000023,1.0,0.0,0.0
2016-03-22,09:33:00,14.68,15.07,14.68,14.93,877665.0000000023,1.0,0.0,0.0
2016-03-22,09:40:00,14.93,14.96,14.8607,14.92,380970.0000000023,1.0,0.0,0.0
2016-03-22,09:47:00,14.93,15.011,14.88,15.01,399658.0000000023,1.0,0.0,0.0
2016-03-22,09:54:00,15.01,15.05,14.92,14.92,654445.0000000023,1.0,0.0,0.0
2016-03-22,10:01:00,14.91,14.94,14.83,14.89,465867.0000000023,1.0,0.0,0.0
2016-03-22,10:08:00,14.8801,14.94,14.86,14.89,270853.0000000023,1.0,0.0,0.0
2016-03-22,10:15:00,14.895,14.91,14.8,14.815,237046.00000000233,1.0,0.0,0.0
2016-03-22,10:22:00,14.81,14.85,14.77,14.845,705544.0000000023,1.0,0.0,0.0
2016-03-22,10:29:00,14.845,14.91,14.81,14.86,474319.0000000023,1.0,0.0,0.0
2016-03-22,10:36:00,14.86,14.94,14.86,14.9,498660.0000000023,1.0,0.0,0.0
2016-03-22,10:43:00,14.9,14.93,14.8862,14.895,217369.00000000233,1.0,0.0,0.0
2016-03-22,10:50:00,14.9,14.93,14.865,14.9,184007.00000000233,1.0,0.0,0.0
2016-03-22,10:57:00,14.89,14.9,14.85,14.875,149102.00000000233,1.0,0.0,0.0
2016-03-22,11:04:00,14.87,14.895,14.83,14.895,131245.00000000233,1.0,0.0,0.0
2016-03-22,11:11:00,14.89,14.91,14.81,14.85,300745.0000000023,1.0,0.0,0.0
2016-03-22,11:18:00,14.85,14.87,14.79,14.795,291651.0000000023,1.0,0.0,0.0
2016-03-22,11:25:00,14.79,14.82,14.71,14.715,271819.0000000023,1.0,0.0,0.0
2016-03-22,11:32:00,14.72,14.7365,14.7,14.71,387703.0000000023,1.0,0.0,0.0
2016-03-22,11:39:00,14.71,14.74,14.64,14.66,348735.0000000023,1.0,0.0,0.0
2016-03-22,11:46:00,14.65,14.652000000000001,14.57,14.575,604339.0000000023,1.0,0.0,0.0
2016-03-22,11:53:00,14.57,14.58,14.47,14.47,387290.0000000023,1.0,0.0,0.0
2016-03-22,12:00:00,14.47,14.49,14.45,14.49,530856.0000000023,1.0,0.0,0.0
2016-03-22,12:07:00,14.48,14.58,14.48,14.5101,873053.0000000023,1.0,0.0,0.0
2016-03-22,12:14:00,14.515,14.52,14.48,14.495,325713.0000000023,1.0,0.0,0.0
2016-03-22,12:21:00,14.49,14.62,14.48,14.59,417371.0000000023,1.0,0.0,0.0
2016-03-22,12:28:00,14.585,14.6,14.55,14.57,163084.00000000233,1.0,0.0,0.0
2016-03-22,12:35:00,14.57,14.58,14.49,14.5,166201.00000000233,1.0,0.0,0.0
2016-03-22,12:42:00,14.505,14.54,14.49,14.5,115416.00000000233,1.0,0.0,0.0
2016-03-22,12:49:00,14.51,14.515,14.42,14.43,227181.00000000233,1.0,0.0,0.0
2016-03-22,12:56:00,14.435,14.53,14.42,14.5,237068.00000000233,1.0,0.0,0.0
2016-03-22,13:03:00,14.5,14.56,14.47,14.545,190725.00000000233,1.0,0.0,0.0
2016-03-22,13:10:00,14.54,14.5851,14.53,14.58,125838.00000000233,1.0,0.0,0.0
2016-03-22,13:17:00,14.58,14.6,14.52,14.57,117771.00000000233,1.0,0.0,0.0
2016-03-22,13:24:00,14.57,14.605,14.54,14.6,124933.00000000233,1.0,0.0,0.0
2016-03-22,13:31:00,14.61,14.61,14.57,14.59,121596.00000000233,1.0,0.0,0.0
2016-03-22,13:38:00,14.59,14.6,14.52,14.52,123618.00000000233,1.0,0.0,0.0
2016-03-22,13:45:00,14.52,14.54,14.5,14.51,89726.00000000233,1.0,0.0,0.0
2016-03-22,13:52:00,14.5068,14.53,14.5,14.51,118466.00000000233,1.0,0.0,0.0
2016-03-22,13:59:00,14.51,14.53,14.49,14.49,170351.00000000233,1.0,0.0,0.0
2016-03-22,14:06:00,14.485,14.5,14.45,14.46,194281.00000000233,1.0,0.0,0.0
2016-03-22,14:13:00,14.465,14.52,14.46,14.485,102262.00000000233,1.0,0.0,0.0
2016-03-22,14:20:00,14.49,14.549000000000001,14.48,14.5202,144769.00000000233,1.0,0.0,0.0
2016-03-22,14:27:00,14.525,14.56,14.52,14.545,61724.00000000233,1.0,0.0,0.0
2016-03-22,14:34:00,14.55,14.56,14.4801,14.495,184600.00000000233,1.0,0.0,0.0
2016-03-22,14:41:00,14.495,14.51,14.475,14.505,146014.00000000233,1.0,0.0,0.0
2016-03-22,14:48:00,14.505,14.55,14.505,14.54,148067.00000000233,1.0,0.0,0.0
2016-03-22,14:55:00,14.535,14.54,14.52,14.53,122372.00000000233,1.0,0.0,0.0
2016-03-22,15:02:00,14.54,14.5901,14.52,14.5901,243963.00000000233,1.0,0.0,0.0
2016-03-22,15:09:00,14.6,14.6276,14.58,14.58,210778.00000000233,1.0,0.0,0.0
2016-03-22,15:16:00,14.58,14.61,14.53,14.549000000000001,260926.00000000233,1.0,0.0,0.0
2016-03-22,15:23:00,14.55,14.6,14.55,14.59,157582.00000000233,1.0,0.0,0.0
2016-03-22,15:30:00,14.59,14.6,14.545,14.55,132694.00000000233,1.0,0.0,0.0
2016-03-22,15:37:00,14.55,14.57,14.54,14.55,226374.00000000233,1.0,0.0,0.0
2016-03-22,15:44:00,14.555,14.56,14.5,14.51,405985.0000000023,1.0,0.0,0.0
2016-03-22,15:51:00,14.515,14.53,14.5,14.52,541253.0000000023,1.0,0.0,0.0
2016-03-22,15:58:00,14.51,14.52,14.49,14.49,544076.0000000023,1.0,0.0,0.0
2016-03-23,09:35:00,14.49,14.51,13.62,13.76,2498291.0000000023,1.0,0.0,0.0
2016-03-23,09:42:00,13.7501,13.76,13.57,13.61,995380.0000000023,1.0,0.0,0.0
2016-03-23,09:49:00,13.6199,13.73,13.42,13.42,1182205.0000000023,1.0,0.0,0.0
2016-03-23,09:56:00,13.4272,13.47,13.34,13.44,1176987.0000000023,1.0,0.0,0.0
2016-03-23,10:03:00,13.44,13.47,13.3,13.305,925443.0000000023,1.0,0.0,0.0
2016-03-23,10:10:00,13.31,13.4,13.3,13.335,697776.0000000023,1.0,0.0,0.0
2016-03-23,10:17:00,13.34,13.43,13.3301,13.415,1005076.0000000023,1.0,0.0,0.0
2016-03-23,10:24:00,13.415,13.42,13.26,13.28,705335.0000000023,1.0,0.0,0.0
2016-03-23,10:31:00,13.285,13.36,13.27,13.36,589663.0000000023,1.0,0.0,0.0
2016-03-23,10:38:00,13.36,13.41,13.280999999999999,13.365,712355.0000000023,1.0,0.0,0.0
2016-03-23,10:45:00,13.365,13.44,13.34,13.375,546697.0000000023,1.0,0.0,0.0
2016-03-23,10:52:00,13.37,13.44,13.37,13.425,704323.0000000023,1.0,0.0,0.0
2016-03-23,10:59:00,13.42,13.4201,13.35,13.4,525460.0000000023,1.0,0.0,0.0
2016-03-23,11:06:00,13.39,13.41,13.33,13.41,412546.0000000023,1.0,0.0,0.0
2016-03-23,11:13:00,13.405,13.46,13.38,13.45,736343.0000000023,1.0,0.0,0.0
2016-03-23,11:20:00,13.44,13.5199,13.435,13.5,793782.0000000023,1.0,0.0,0.0
2016-03-23,11:27:00,13.5062,13.6,13.48,13.591,408958.0000000023,1.0,0.0,0.0
2016-03-23,11:34:00,13.59,13.65,13.57,13.62,376982.0000000023,1.0,0.0,0.0
2016-03-23,11:41:00,13.62,13.685,13.61,13.64,456566.0000000023,1.0,0.0,0.0
2016-03-23,11:48:00,13.65,13.71,13.63,13.705,383778.0000000023,1.0,0.0,0.0
2016-03-23,11:55:00,13.71,13.79,13.69,13.765,544843.0000000023,1.0,0.0,0.0
2016-03-23,12:02:00,13.76,13.88,13.76,13.78,1392106.0000000023,1.0,0.0,0.0
2016-03-23,12:09:00,13.775,13.8,13.73,13.78,377560.0000000023,1.0,0.0,0.0
2016-03-23,12:16:00,13.775,13.8,13.76,13.785,248189.00000000233,1.0,0.0,0.0
2016-03-23,12:23:00,13.79,13.83,13.78,13.79,985054.0000000023,1.0,0.0,0.0
2016-03-23,12:30:00,13.795,13.83,13.79,13.805,526695.0000000023,1.0,0.0,0.0
2016-03-23,12:37:00,13.8,13.81,13.74,13.79,1012485.0000000023,1.0,0.0,0.0
2016-03-23,12:44:00,13.79,13.79,13.73,13.7325,476697.0000000023,1.0,0.0,0.0
2016-03-23,12:51:00,13.75,13.75,13.6325,13.655,371228.0000000023,1.0,0.0,0.0
2016-03-23,12:58:00,13.66,13.68,13.61,13.675,208320.00000000233,1.0,0.0,0.0
2016-03-23,13:05:00,13.68,13.69,13.64,13.66,204820.00000000233,1.0,0.0,0.0
2016-03-23,13:12:00,13.65,13.68,13.63,13.66,113255.00000000233,1.0,0.0,0.0
2016-03-23,13:19:00,13.66,13.71,13.65,13.705,140869.00000000233,1.0,0.0,0.0
2016-03-23,13:26:00,13.7,13.73,13.68,13.7,279011.0000000023,1.0,0.0,0.0
2016-03-23,13:33:00,13.71,13.71,13.64,13.645,236335.00000000233,1.0,0.0,0.0
2016-03-23,13:40:00,13.65,13.66,13.58,13.59,318406.0000000023,1.0,0.0,0.0
2016-03-23,13:47:00,13.59,13.6,13.55,13.555,146246.00000000233,1.0,0.0,0.0
2016-03-23,13:54:00,13.555,13.61,13.52,13.59,432673.0000000023,1.0,0.0,0.0
2016-03-23,14:01:00,13.59,13.64,13.58,13.6,176258.00000000233,1.0,0.0,0.0
2016-03-23,14:08:00,13.595,13.62,13.54,13.585,217155.00000000233,1.0,0.0,0.0
2016-03-23,14:15:00,13.59,13.61,13.55,13.585,235214.00000000233,1.0,0.0,0.0
2016-03-23,14:22:00,13.58,13.61,13.56,13.595,250547.00000000233,1.0,0.0,0.0
2016-03-23,14:29:00,13.5958,13.65,13.545,13.6,246719.00000000233,1.0,0.0,0.0
2016-03-23,14:36:00,13.6,13.65,13.58,13.62,240612.00000000233,1.0,0.0,0.0
2016-03-23,14:43:00,13.61,13.63,13.57,13.57,290685.0000000023,1.0,0.0,0.0
2016-03-23,14:50:00,13.57,13.59,13.54,13.565,235755.00000000233,1.0,0.0,0.0
2016-03-23,14:57:00,13.57,13.58,13.54,13.56,183132.00000000233,1.0,0.0,0.0
2016-03-23,15:04:00,13.55,13.56,13.47,13.49,273102.0000000023,1.0,0.0,0.0
2016-03-23,15:11:00,13.49,13.5,13.43,13.44,365175.0000000023,1.0,0.0,0.0
2016-03-23,15:18:00,13.43,13.44,13.4,13.4135,274718.0000000023,1.0,0.0,0.0
2016-03-23,15:25:00,13.41,13.4299,13.33,13.360999999999999,530326.0000000023,1.0,0.0,0.0
2016-03-23,15:32:00,13.36,13.399000000000001,13.35,13.35,197578.00000000233,1.0,0.0,0.0
2016-03-23,15:39:00,13.35,13.369000000000002,13.3,13.3,401788.0000000023,1.0,0.0,0.0
2016-03-23,15:46:00,13.305,13.31,13.26,13.265,774294.0000000023,1.0,0.0,0.0
2016-03-23,15:53:00,13.265,13.33,13.23,13.325,952351.0000000023,1.0,0.0,0.0
2016-03-24,09:30:00,13.32,13.41,13.27,13.31,1179437.0000000023,1.0,0.0,0.0
2016-03-24,09:37:00,13.31,13.62,13.24,13.58,809810.0000000023,1.0,0.0,0.0
2016-03-24,09:44:00,13.58,13.67,13.5,13.5299,461523.0000000023,1.0,0.0,0.0
2016-03-24,09:51:00,13.53,13.55,13.4,13.4412,485731.0000000023,1.0,0.0,0.0
2016-03-24,09:58:00,13.44,13.48,13.251,13.35,468361.0000000023,1.0,0.0,0.0
2016-03-24,10:05:00,13.3575,13.41,13.29,13.341,269558.0000000023,1.0,0.0,0.0
2016-03-24,10:12:00,13.3482,13.37,13.3,13.339,299767.0000000023,1.0,0.0,0.0
2016-03-24,10:19:00,13.34,13.445,13.33,13.37,307375.0000000023,1.0,0.0,0.0
2016-03-24,10:26:00,13.37,13.46,13.365,13.43,230074.00000000233,1.0,0.0,0.0
2016-03-24,10:33:00,13.42,13.585,13.41,13.545,394030.0000000023,1.0,0.0,0.0
2016-03-24,10:40:00,13.55,13.57,13.47,13.48,240957.00000000233,1.0,0.0,0.0
2016-03-24,10:47:00,13.48,13.55,13.45,13.46,164779.00000000233,1.0,0.0,0.0
2016-03-24,10:54:00,13.45,13.51,13.43,13.51,167640.00000000233,1.0,0.0,0.0
2016-03-24,11:01:00,13.51,13.515,13.44,13.5,232764.00000000233,1.0,0.0,0.0
2016-03-24,11:08:00,13.5,13.54,13.48,13.53,130495.00000000233,1.0,0.0,0.0
2016-03-24,11:15:00,13.53,13.56,13.48,13.495,164906.00000000233,1.0,0.0,0.0
2016-03-24,11:22:00,13.49,13.505,13.45,13.49,167815.00000000233,1.0,0.0,0.0
2016-03-24,11:29:00,13.49,13.555,13.48,13.555,105937.00000000233,1.0,0.0,0.0
2016-03-24,11:36:00,13.555,13.5875,13.52,13.555,112648.00000000233,1.0,0.0,0.0
2016-03-24,11:43:00,13.555,13.56,13.51,13.55,124894.00000000233,1.0,0.0,0.0
2016-03-24,11:50:00,13.56,13.62,13.54,13.6,169243.00000000233,1.0,0.0,0.0
2016-03-24,11:57:00,13.6,13.615,13.58,13.6,118798.00000000233,1.0,0.0,0.0
2016-03-24,12:04:00,13.6,13.6,13.545,13.56,220026.00000000233,1.0,0.0,0.0
2016-03-24,12:11:00,13.56,13.61,13.54,13.61,108158.00000000233,1.0,0.0,0.0
2016-03-24,12:18:00,13.6,13.62,13.58,13.58,98977.00000000233,1.0,0.0,0.0
2016-03-24,12:25:00,13.57,13.57,13.52,13.53,94728.00000000233,1.0,0.0,0.0
2016-03-24,12:32:00,13.52,13.56,13.52,13.52,165259.00000000233,1.0,0.0,0.0
2016-03-24,12:39:00,13.52,13.57,13.52,13.54,88351.00000000233,1.0,0.0,0.0
2016-03-24,12:46:00,13.54,13.595,13.53,13.56,109865.00000000233,1.0,0.0,0.0
2016-03-24,12:53:00,13.56,13.585,13.52,13.52,270966.0000000023,1.0,0.0,0.0
2016-03-24,13:00:00,13.52,13.53,13.5,13.51,116822.00000000233,1.0,0.0,0.0
2016-03-24,13:07:00,13.515,13.52,13.49,13.5,117355.00000000233,1.0,0.0,0.0
2016-03-24,13:14:00,13.51,13.52,13.45,13.47,146961.00000000233,1.0,0.0,0.0
2016-03-24,13:21:00,13.47,13.5,13.46,13.485,157554.00000000233,1.0,0.0,0.0
2016-03-24,13:28:00,13.49,13.51,13.47,13.51,90815.00000000233,1.0,0.0,0.0
2016-03-24,13:35:00,13.5,13.54,13.485,13.5,128915.00000000233,1.0,0.0,0.0
2016-03-24,13:42:00,13.5,13.55,13.49,13.5238,129852.00000000233,1.0,0.0,0.0
2016-03-24,13:49:00,13.53,13.545,13.49,13.51,101425.00000000233,1.0,0.0,0.0
2016-03-24,13:56:00,13.515,13.54,13.49,13.539000000000001,100316.00000000233,1.0,0.0,0.0
2016-03-24,14:03:00,13.535,13.54,13.48,13.48,102316.00000000233,1.0,0.0,0.0
2016-03-24,14:10:00,13.49,13.52,13.465,13.52,155422.00000000233,1.0,0.0,0.0
2016-03-24,14:17:00,13.52,13.53,13.49,13.5,111565.00000000233,1.0,0.0,0.0
2016-03-24,14:24:00,13.49,13.49,13.4,13.41,170478.00000000233,1.0,0.0,0.0
2016-03-24,14:31:00,13.4133,13.44,13.4,13.415,186799.00000000233,1.0,0.0,0.0
2016-03-24,14:38:00,13.415,13.4769,13.4,13.425,355408.0000000023,1.0,0.0,0.0
2016-03-24,14:45:00,13.425,13.46,13.39,13.44,140433.00000000233,1.0,0.0,0.0
2016-03-24,14:52:00,13.445,13.5,13.44,13.5,153132.00000000233,1.0,0.0,0.0
2016-03-24,14:59:00,13.5,13.52,13.47,13.51,145991.00000000233,1.0,0.0,0.0
2016-03-24,15:06:00,13.505,13.56,13.49,13.5301,215987.00000000233,1.0,0.0,0.0
2016-03-24,15:13:00,13.53,13.64,13.53,13.64,362942.0000000023,1.0,0.0,0.0
2016-03-24,15:20:00,13.635,13.64,13.5701,13.58,292885.0000000023,1.0,0.0,0.0
2016-03-24,15:27:00,13.585,13.62,13.57,13.6,182755.00000000233,1.0,0.0,0.0
2016-03-24,15:34:00,13.6,13.6,13.56,13.56,155100.00000000233,1.0,0.0,0.0
2016-03-24,15:41:00,13.565,13.595,13.550999999999998,13.57,222901.00000000233,1.0,0.0,0.0
2016-03-24,15:48:00,13.575,13.59,13.52,13.54,313050.0000000023,1.0,0.0,0.0
2016-03-24,15:55:00,13.545,13.57,13.53,13.55,442911.0000000023,1.0,0.0,0.0
